S 1477384917968 0
S 1477384918060 6
S 1477384919063 6
S 1477384920082 11
L 1477384920000 35.9018125 14.4839012
S 1477384921062 12
L 1477384922000 35.9018101 14.483909
S 1477384922068 12
L 1477384923000 35.9018087 14.4839114
S 1477384923071 12
L 1477384924000 35.9018048 14.4839152
S 1477384924071 12
L 1477384925000 35.9018035 14.4839176
S 1477384925072 12
S 1477384926065 12
L 1477384926000 35.9018025 14.4839197
S 1477384927066 12
L 1477384928000 35.9018016 14.4839224
S 1477384928076 12
S 1477384929067 12
L 1477384930000 35.9018014 14.4839234
S 1477384930074 13
S 1477384931066 13
L 1477384931000 35.9018014 14.4839234
S 1477384932072 13
L 1477384933000 35.9018014 14.4839234
S 1477384933072 13
S 1477384934072 13
S 1477384935070 12
L 1477384935000 35.9018014 14.4839235
S 1477384936075 12
L 1477384937000 35.9018014 14.4839235
S 1477384937075 12
L 1477384938000 35.9018014 14.4839235
S 1477384938069 13
L 1477384939000 35.9018013 14.4839235
S 1477384939075 13
S 1477384940066 13
L 1477384940000 35.9018013 14.4839235
S 1477384941079 13
S 1477384942065 13
L 1477384942000 35.9018013 14.4839235
L 1477384943000 35.9018013 14.4839234
S 1477384943080 12
S 1477384944072 12
L 1477384945000 35.9018013 14.4839235
S 1477384945073 12
S 1477384946066 12
L 1477384946000 35.9018013 14.4839235
S 1477384947076 12
L 1477384948000 35.9018012 14.4839235
S 1477384948074 12
L 1477384949000 35.9018012 14.4839235
S 1477384949078 11
L 1477384950000 35.9018012 14.4839235
S 1477384950074 11
S 1477384951066 11
L 1477384951000 35.9018012 14.4839235
S 1477384952071 11
L 1477384953000 35.9018012 14.4839235
S 1477384953070 11
L 1477384954000 35.9018011 14.4839236
S 1477384954070 11
L 1477384955000 35.9018011 14.4839236
S 1477384955074 11
L 1477384956000 35.9018012 14.4839236
S 1477384956079 11
S 1477384957075 11
L 1477384958000 35.9018012 14.4839236
S 1477384958076 11
S 1477384959067 11
L 1477384959000 35.9018012 14.4839236
S 1477384960074 11
P 1477384960903
L 1477384961000 35.9018012 14.4839236
S 1477384961069 11
S 1477384962062 11
L 1477384963000 35.9018012 14.4839237
S 1477384963071 11
S 1477384964069 12
L 1477384964000 35.9018012 14.4839237
S 1477384965069 12
L 1477384966000 35.9018012 14.4839238
S 1477384966072 12
L 1477384967000 35.9018012 14.4839238
S 1477384967075 12
S 1477384968066 12
S 1477384969062 12
L 1477384969000 35.9018012 14.4839238
S 1477384970074 12
S 1477384971066 12
L 1477384971000 35.9018011 14.4839238
S 1477384972073 12
L 1477384973000 35.9018011 14.4839238
S 1477384973073 12
S 1477384974071 12
L 1477384975000 35.9018011 14.4839238
S 1477384975071 11
S 1477384976074 12
L 1477384977000 35.9018011 14.4839238
S 1477384977074 12
L 1477384978000 35.9018011 14.4839238
S 1477384978072 12
L 1477384979000 35.9018011 14.4839239
S 1477384979073 13
S 1477384980070 13
L 1477384981000 35.9018012 14.4839239
S 1477384981073 13
S 1477384982064 13
L 1477384982000 35.9018012 14.4839239
L 1477384983000 35.9018012 14.483924
S 1477384983071 13
S 1477384984065 13
L 1477384984000 35.9018012 14.483924
S 1477384985070 13
L 1477384986000 35.9018013 14.4839241
S 1477384986071 12
L 1477384987000 35.9018013 14.4839241
S 1477384987072 12
S 1477384988066 12
L 1477384988000 35.9018013 14.4839241
S 1477384989070 12
L 1477384990000 35.9018013 14.4839241
S 1477384990073 13
L 1477384991000 35.9018012 14.4839241
S 1477384991072 13
L 1477384992000 35.9018013 14.4839242
S 1477384992070 13
S 1477384993072 13
L 1477384994000 35.9018012 14.4839241
S 1477384994075 12
L 1477384995000 35.9018012 14.4839241
S 1477384995074 12
L 1477384996000 35.9018012 14.4839242
S 1477384996074 12
S 1477384997071 12
S 1477384998067 12
L 1477384998000 35.9018013 14.4839242
S 1477384999070 13
L 1477385000000 35.9018013 14.4839242
S 1477385000074 13
S 1477385001061 13
S 1477385002064 13
L 1477385002000 35.9018012 14.4839242
L 1477385003000 35.9018012 14.4839242
S 1477385003073 13
S 1477385004064 13
L 1477385004000 35.9018012 14.4839242
L 1477385005000 35.9018012 14.4839242
S 1477385005075 12
S 1477385006066 12
L 1477385006000 35.9018012 14.4839242
S 1477385007069 12
L 1477385008000 35.9018011 14.4839242
S 1477385008072 12
L 1477385009000 35.9018011 14.4839242
S 1477385009071 12
S 1477385010064 13
L 1477385010000 35.9018011 14.4839242
S 1477385011072 13
L 1477385012000 35.901801 14.4839242
S 1477385012070 13
L 1477385013000 35.901801 14.4839242
S 1477385013075 13
S 1477385014070 13
L 1477385015000 35.901801 14.4839242
S 1477385015071 12
L 1477385016000 35.9018009 14.4839242
S 1477385016072 11
S 1477385017072 12
L 1477385018000 35.9018009 14.4839242
S 1477385018069 12
L 1477385019000 35.9018009 14.4839242
S 1477385019073 12
L 1477385020000 35.9018009 14.4839242
S 1477385020072 12
S 1477385021067 12
L 1477385021000 35.9018009 14.4839242
L 1477385022000 35.9018009 14.4839242
S 1477385022071 12
S 1477385023070 12
S 1477385024064 11
L 1477385024000 35.9018008 14.4839242
L 1477385025000 35.9018008 14.4839242
S 1477385025072 11
S 1477385026065 11
L 1477385026000 35.9018008 14.4839242
L 1477385027000 35.9018008 14.4839242
S 1477385027076 11
S 1477385028063 11
S 1477385029065 11
L 1477385029000 35.9018008 14.4839242
S 1477385030071 12
S 1477385031065 12
L 1477385031000 35.9018008 14.4839242
S 1477385032070 12
S 1477385033063 12
L 1477385033000 35.9018008 14.4839242
S 1477385034072 12
L 1477385035000 35.9018008 14.4839242
S 1477385035071 12
S 1477385036065 12
L 1477385036000 35.9018008 14.4839242
L 1477385037000 35.9018008 14.4839242
S 1477385037074 12
S 1477385038066 11
L 1477385038000 35.9018008 14.4839241
L 1477385039000 35.9018008 14.4839241
S 1477385039073 11
S 1477385040063 11
L 1477385041000 35.9018008 14.4839242
S 1477385041070 12
S 1477385042063 12
L 1477385043000 35.9018008 14.4839242
S 1477385043075 12
L 1477385044000 35.9018008 14.4839242
S 1477385044073 12
S 1477385045071 12
S 1477385046070 12
L 1477385046000 35.9018008 14.4839242
L 1477385047000 35.9018008 14.4839242
S 1477385047071 12
L 1477385048000 35.9018008 14.4839242
S 1477385048073 12
S 1477385049067 12
S 1477385050067 11
L 1477385050000 35.9018008 14.4839242
L 1477385051000 35.9018007 14.4839242
S 1477385051072 11
L 1477385052000 35.9018007 14.4839242
S 1477385052071 11
L 1477385053000 35.9018007 14.4839242
S 1477385053073 11
S 1477385054073 11
L 1477385055000 35.9018007 14.4839242
S 1477385055072 11
S 1477385056072 11
S 1477385057064 11
L 1477385057000 35.9018006 14.4839242
L 1477385058000 35.9018006 14.4839242
S 1477385058073 11
L 1477385059000 35.9018006 14.4839242
S 1477385059070 11
S 1477385060070 11
L 1477385061000 35.9018005 14.4839242
S 1477385061076 12
L 1477385062000 35.9018005 14.4839242
S 1477385062070 12
L 1477385063000 35.9018004 14.4839242
S 1477385063072 12
S 1477385064075 13
S 1477385065062 13
L 1477385065000 35.9018004 14.4839242
L 1477385066000 35.9018004 14.4839242
S 1477385066075 13
L 1477385067000 35.9018004 14.4839242
S 1477385067074 13
S 1477385068065 13
L 1477385068000 35.9018004 14.4839242
S 1477385069064 13
L 1477385069000 35.9018003 14.4839242
S 1477385070072 13
S 1477385071066 13
L 1477385071000 35.9018002 14.4839242
S 1477385072073 13
L 1477385073000 35.9018001 14.4839242
S 1477385073070 13
L 1477385074000 35.9018001 14.4839242
S 1477385074074 13
L 1477385075000 35.9018 14.4839242
S 1477385075072 13
L 1477385076000 35.9018 14.4839242
S 1477385076073 14
L 1477385077000 35.9017999 14.4839242
S 1477385077077 14
S 1477385078073 14
L 1477385079000 35.9017999 14.4839242
S 1477385079074 14
S 1477385080075 14
L 1477385081000 35.9017998 14.4839242
S 1477385081069 14
L 1477385082000 35.9017997 14.4839242
S 1477385082069 13
L 1477385083000 35.9017997 14.4839242
S 1477385083074 13
S 1477385084065 13
L 1477385085000 35.9017996 14.4839242
S 1477385085070 13
L 1477385086000 35.9017996 14.4839242
S 1477385086075 13
L 1477385087000 35.9017996 14.4839242
S 1477385087071 13
S 1477385088071 13
L 1477385089000 35.9017995 14.4839242
S 1477385089075 13
L 1477385090000 35.9017995 14.4839242
S 1477385090076 13
S 1477385091066 13
L 1477385091000 35.9017995 14.4839242
S 1477385092069 13
L 1477385093000 35.9017995 14.4839243
S 1477385093074 13
L 1477385094000 35.9017995 14.4839243
S 1477385094072 13
S 1477385095066 13
L 1477385095000 35.9017994 14.4839243
S 1477385096069 13
L 1477385097000 35.9017993 14.4839243
S 1477385097064 13
L 1477385098000 35.9017993 14.4839243
S 1477385098069 13
L 1477385099000 35.9017992 14.4839243
S 1477385099073 13
S 1477385100064 13
L 1477385101000 35.9017991 14.4839243
S 1477385101076 13
S 1477385102073 13
L 1477385103000 35.9017991 14.4839243
S 1477385103072 13
L 1477385104000 35.901799 14.4839242
S 1477385104079 13
L 1477385105000 35.901799 14.4839242
S 1477385105073 12
L 1477385106000 35.901799 14.4839242
S 1477385106073 11
S 1477385107064 11
S 1477385108064 11
L 1477385108000 35.901799 14.4839242
L 1477385109000 35.901799 14.4839242
S 1477385109072 11
S 1477385110072 11
L 1477385111000 35.901799 14.4839242
S 1477385111074 11
L 1477385112000 35.901799 14.4839242
S 1477385112069 10
S 1477385113061 10
S 1477385114065 11
L 1477385114000 35.901799 14.4839242
L 1477385115000 35.901799 14.4839242
S 1477385115071 11
S 1477385116072 11
L 1477385117000 35.901799 14.4839242
S 1477385117074 11
L 1477385118000 35.901799 14.4839242
S 1477385118072 11
S 1477385119067 11
S 1477385120063 12
L 1477385120000 35.901799 14.4839242
L 1477385121000 35.901799 14.4839242
S 1477385121072 12
L 1477385122000 35.9017989 14.4839242
S 1477385122074 13
L 1477385123000 35.9017989 14.4839242
S 1477385123073 13
S 1477385124066 13
L 1477385124000 35.9017989 14.4839242
S 1477385125064 13
L 1477385125000 35.9017988 14.4839242
S 1477385126072 13
L 1477385127000 35.9017988 14.4839242
S 1477385127076 13
L 1477385128000 35.9017988 14.4839241
S 1477385128076 11
S 1477385129071 13
L 1477385130000 35.9017988 14.4839241
S 1477385130068 13
L 1477385131000 35.9017988 14.4839241
S 1477385131070 13
L 1477385132000 35.9017988 14.4839241
S 1477385132074 13
L 1477385133000 35.9017988 14.4839241
S 1477385133070 13
L 1477385134000 35.9017988 14.4839242
S 1477385134074 13
S 1477385135071 12
S 1477385136064 12
L 1477385136000 35.9017987 14.4839242
S 1477385137069 12
S 1477385138063 12
L 1477385138000 35.9017986 14.4839242
L 1477385139000 35.9017987 14.4839242
S 1477385139072 11
S 1477385140065 11
L 1477385140000 35.9017987 14.4839242
S 1477385141065 10
S 1477385142065 11
L 1477385142000 35.9017987 14.4839242
S 1477385143066 11
L 1477385143000 35.9017987 14.4839242
S 1477385144066 11
L 1477385144000 35.9017987 14.4839242
S 1477385145070 11
L 1477385146000 35.9017988 14.4839242
S 1477385146067 13
L 1477385147000 35.9017988 14.4839242
S 1477385147069 13
L 1477385148000 35.9017988 14.4839241
S 1477385148071 13
S 1477385149069 13
L 1477385150000 35.9017987 14.4839242
S 1477385150069 13
S 1477385151069 13
L 1477385151000 35.9017987 14.4839242
L 1477385152000 35.9017987 14.4839242
S 1477385152072 12
L 1477385153000 35.9017987 14.4839242
S 1477385153079 12
L 1477385154000 35.9017987 14.4839242
S 1477385154070 12
L 1477385155000 35.9017987 14.4839242
S 1477385155072 12
S 1477385156071 12
L 1477385156000 35.9017987 14.4839242
P 1477385157009
S 1477385157094 12
L 1477385158000 35.9017987 14.4839243
S 1477385158066 12
L 1477385159000 35.9017987 14.4839243
S 1477385159070 12
S 1477385160063 12
L 1477385160000 35.9017988 14.4839243
S 1477385161066 12
S 1477385162066 12
L 1477385162000 35.9017988 14.4839244
S 1477385163071 12
L 1477385164000 35.9017988 14.4839244
S 1477385164077 12
S 1477385165066 12
L 1477385165000 35.9017988 14.4839244
S 1477385166065 12
L 1477385166000 35.9017988 14.4839244
S 1477385167071 12
S 1477385168065 12
L 1477385168000 35.9017988 14.4839245
L 1477385169000 35.9017988 14.4839245
S 1477385169071 12
S 1477385170070 12
L 1477385170000 35.9017988 14.4839245
S 1477385171070 12
S 1477385172070 12
L 1477385172000 35.9017988 14.4839245
L 1477385173000 35.9017988 14.4839245
S 1477385173075 12
S 1477385174069 12
L 1477385175000 35.9017987 14.4839245
S 1477385175072 12
S 1477385176063 12
S 1477385177064 12
L 1477385177000 35.9017988 14.4839245
L 1477385178000 35.9017988 14.4839245
S 1477385178071 12
L 1477385179000 35.9017988 14.4839245
S 1477385179078 12
S 1477385180071 12
L 1477385181000 35.9017987 14.4839245
S 1477385181072 12
L 1477385182000 35.9017987 14.4839245
S 1477385182074 12
S 1477385183065 12
L 1477385183000 35.9017986 14.4839245
S 1477385184073 12
L 1477385185000 35.9017986 14.4839245
S 1477385185075 12
S 1477385186070 12
L 1477385186000 35.9017986 14.4839245
S 1477385187073 12
S 1477385188066 12
L 1477385188000 35.9017986 14.4839245
L 1477385189000 35.9017986 14.4839245
S 1477385189078 12
S 1477385190073 12
L 1477385191000 35.9017986 14.4839245
S 1477385191071 12
S 1477385192065 12
L 1477385192000 35.9017986 14.4839245
S 1477385193067 12
L 1477385194000 35.9017986 14.4839244
S 1477385194069 12
S 1477385195065 12
L 1477385195000 35.9017986 14.4839244
L 1477385196000 35.9017986 14.4839244
S 1477385196070 12
L 1477385197000 35.9017986 14.4839244
S 1477385197073 12
S 1477385198072 12
L 1477385199000 35.9017986 14.4839244
S 1477385199074 12
L 1477385200000 35.9017986 14.4839243
S 1477385200071 12
S 1477385201064 12
L 1477385201000 35.9017986 14.4839243
S 1477385202072 12
L 1477385203000 35.9017985 14.4839243
S 1477385203074 12
S 1477385204067 12
L 1477385204000 35.9017985 14.4839244
S 1477385205066 12
S 1477385206069 12
L 1477385206000 35.9017985 14.4839244
S 1477385207072 13
L 1477385208000 35.9017985 14.4839244
S 1477385208074 13
S 1477385209068 13
L 1477385210000 35.9017985 14.4839244
S 1477385210065 13
L 1477385211000 35.9017985 14.4839244
S 1477385211072 13
L 1477385212000 35.9017985 14.4839244
S 1477385212070 13
S 1477385213071 13
S 1477385214065 13
L 1477385214000 35.9017985 14.4839244
S 1477385215066 13
L 1477385215000 35.9017985 14.4839244
S 1477385216072 13
L 1477385217000 35.9017984 14.4839243
S 1477385217072 13
L 1477385218000 35.9017983 14.4839243
S 1477385218071 13
S 1477385219075 13
S 1477385220063 13
L 1477385220000 35.9017983 14.4839242
S 1477385221066 14
L 1477385221000 35.9017983 14.4839242
S 1477385222065 15
S 1477385223066 15
L 1477385223000 35.9017983 14.4839242
S 1477385224072 15
L 1477385225000 35.9017983 14.4839242
S 1477385225070 15
L 1477385226000 35.9017983 14.4839242
S 1477385226068 15
L 1477385227000 35.9017983 14.4839242
S 1477385227073 15
S 1477385228066 14
L 1477385228000 35.9017983 14.4839242
S 1477385229078 14
L 1477385230000 35.9017983 14.4839242
S 1477385230074 14
L 1477385231000 35.9017983 14.4839242
S 1477385231071 14
L 1477385232000 35.9017983 14.4839242
S 1477385232074 14
S 1477385233070 14
L 1477385233000 35.9017982 14.4839241
L 1477385234000 35.9017982 14.4839241
S 1477385234073 14
L 1477385235000 35.9017982 14.4839241
S 1477385235075 14
L 1477385236000 35.9017982 14.4839241
S 1477385236072 14
L 1477385237000 35.9017981 14.4839241
S 1477385237074 14
S 1477385238071 14
L 1477385239000 35.9017981 14.4839241
S 1477385239072 14
L 1477385240000 35.9017981 14.4839241
S 1477385240074 13
S 1477385241062 13
L 1477385242000 35.901798 14.4839242
S 1477385242070 13
L 1477385243000 35.9017979 14.4839242
S 1477385243074 13
S 1477385244065 13
L 1477385245000 35.9017979 14.4839242
S 1477385245072 13
S 1477385246072 13
L 1477385247000 35.9017978 14.4839242
S 1477385247071 13
L 1477385248000 35.9017978 14.4839242
S 1477385248076 13
S 1477385249087 13
S 1477385250067 13
L 1477385250000 35.9017978 14.4839242
S 1477385251077 14
S 1477385252065 14
L 1477385252000 35.9017977 14.4839242
S 1477385253066 14
S 1477385254069 14
L 1477385254000 35.9017977 14.4839242
S 1477385255071 14
L 1477385256000 35.9017976 14.4839242
S 1477385256073 14
S 1477385257068 14
S 1477385258064 14
L 1477385258000 35.9017976 14.4839242
L 1477385259000 35.9017976 14.4839242
S 1477385259071 14
L 1477385260000 35.9017976 14.4839242
S 1477385260072 14
S 1477385261075 14
S 1477385262067 14
L 1477385262000 35.9017976 14.4839242
L 1477385263000 35.9017976 14.4839242
S 1477385263074 14
S 1477385264066 14
L 1477385264000 35.9017976 14.4839242
L 1477385265000 35.9017976 14.4839242
S 1477385265075 14
L 1477385266000 35.9017976 14.4839242
S 1477385266077 14
S 1477385267072 14
L 1477385268000 35.9017976 14.4839242
S 1477385268076 14
S 1477385269064 14
L 1477385269000 35.9017976 14.4839242
S 1477385270064 14
L 1477385270000 35.9017976 14.4839242
S 1477385271076 15
L 1477385272000 35.9017976 14.4839242
S 1477385272081 16
S 1477385273066 16
L 1477385274000 35.9017976 14.4839241
S 1477385274070 16
S 1477385275067 15
L 1477385275000 35.9017976 14.4839241
S 1477385276083 15
S 1477385277069 16
L 1477385277000 35.9017976 14.4839241
S 1477385278068 16
L 1477385278000 35.9017976 14.4839241
S 1477385279072 16
L 1477385280000 35.9017976 14.4839241
S 1477385280072 16
L 1477385281000 35.9017976 14.4839241
S 1477385281071 16
L 1477385282000 35.9017976 14.4839241
S 1477385282075 15
L 1477385283000 35.9017976 14.483924
S 1477385283074 14
L 1477385284000 35.9017977 14.483924
S 1477385284070 14
S 1477385285071 15
L 1477385285000 35.9017977 14.483924
S 1477385286078 14
L 1477385287000 35.9017977 14.483924
S 1477385287072 14
L 1477385288000 35.9017977 14.483924
S 1477385288073 14
S 1477385289068 14
L 1477385290000 35.9017977 14.483924
S 1477385290075 14
S 1477385291069 14
L 1477385291000 35.9017977 14.483924
S 1477385292071 14
L 1477385293000 35.9017977 14.483924
S 1477385293070 14
S 1477385294067 14
L 1477385294000 35.9017977 14.483924
L 1477385295000 35.9017977 14.483924
S 1477385295072 14
S 1477385296065 14
L 1477385296000 35.9017977 14.4839239
S 1477385297074 14
L 1477385298000 35.9017977 14.4839239
S 1477385298073 14
S 1477385299073 14
L 1477385300000 35.9017977 14.4839239
S 1477385300070 16
S 1477385301067 16
L 1477385301000 35.9017977 14.4839239
S 1477385302071 16
L 1477385303000 35.9017977 14.4839239
S 1477385303069 16
S 1477385304070 16
L 1477385305000 35.9017977 14.483924
S 1477385305068 16
L 1477385306000 35.9017977 14.483924
S 1477385306070 15
S 1477385307070 15
L 1477385307000 35.9017977 14.483924
L 1477385308000 35.9017977 14.483924
S 1477385308073 15
S 1477385309065 15
L 1477385309000 35.9017977 14.483924
L 1477385310000 35.9017977 14.483924
S 1477385310074 15
S 1477385311071 15
L 1477385312000 35.9017977 14.483924
S 1477385312079 15
S 1477385313071 14
L 1477385313000 35.9017977 14.483924
L 1477385314000 35.9017976 14.483924
S 1477385314072 14
L 1477385315000 35.9017976 14.483924
S 1477385315075 14
L 1477385316000 35.9017976 14.483924
S 1477385316072 14
S 1477385317072 14
L 1477385318000 35.9017976 14.483924
S 1477385318073 14
S 1477385319070 13
S 1477385320066 13
L 1477385320000 35.9017976 14.483924
S 1477385321066 14
L 1477385322000 35.9017976 14.4839241
S 1477385322078 14
L 1477385323000 35.9017976 14.4839241
S 1477385323073 14
S 1477385324075 14
S 1477385325072 14
L 1477385325000 35.9017976 14.4839241
S 1477385326067 14
L 1477385326000 35.9017975 14.4839241
S 1477385327067 14
L 1477385327000 35.9017975 14.4839241
S 1477385328066 14
S 1477385329067 15
L 1477385329000 35.9017974 14.4839242
S 1477385330066 15
L 1477385331000 35.9017974 14.4839241
S 1477385331073 15
L 1477385332000 35.9017974 14.4839241
S 1477385332079 15
L 1477385333000 35.9017973 14.4839241
S 1477385333081 15
S 1477385334067 15
L 1477385334000 35.9017973 14.4839241
S 1477385335068 14
L 1477385335000 35.9017973 14.4839241
S 1477385336071 14
L 1477385337000 35.9017973 14.4839241
S 1477385337068 14
S 1477385338063 14
L 1477385338000 35.9017973 14.4839241
L 1477385339000 35.9017973 14.4839242
S 1477385339072 13
S 1477385340067 13
L 1477385340000 35.9017973 14.4839242
S 1477385341075 13
L 1477385342000 35.9017973 14.4839242
S 1477385342072 13
L 1477385343000 35.9017973 14.4839242
S 1477385343075 13
L 1477385344000 35.9017973 14.4839242
S 1477385344072 13
L 1477385345000 35.9017973 14.4839242
S 1477385345074 13
L 1477385346000 35.9017973 14.4839242
S 1477385346073 13
L 1477385347000 35.9017973 14.4839242
S 1477385347073 14
S 1477385348077 14
S 1477385349067 14
L 1477385349000 35.9017974 14.4839242
S 1477385350071 14
L 1477385351000 35.9017974 14.4839242
S 1477385351071 14
S 1477385352079 14
S 1477385353063 13
L 1477385353000 35.9017974 14.4839242
S 1477385354063 13
L 1477385354000 35.9017975 14.4839242
S 1477385355066 13
L 1477385355000 35.9017975 14.4839242
L 1477385356000 35.9017975 14.4839242
S 1477385356072 13
S 1477385357065 14
L 1477385357000 35.9017975 14.4839243
L 1477385358000 35.9017975 14.4839243
S 1477385358074 14
S 1477385359065 14
L 1477385359000 35.9017976 14.4839242
S 1477385360066 14
L 1477385360000 35.9017976 14.4839243
S 1477385361074 14
L 1477385362000 35.9017976 14.4839243
S 1477385362073 14
L 1477385363000 35.9017976 14.4839242
S 1477385363074 14
S 1477385364066 14
L 1477385364000 35.9017976 14.4839242
L 1477385365000 35.9017976 14.4839242
S 1477385365072 14
S 1477385366067 14
L 1477385366000 35.9017976 14.4839242
L 1477385367000 35.9017976 14.4839242
S 1477385367074 14
L 1477385368000 35.9017975 14.4839242
S 1477385368077 15
S 1477385369071 15
L 1477385370000 35.9017976 14.4839243
S 1477385370071 15
L 1477385371000 35.9017976 14.4839243
S 1477385371073 15
L 1477385372000 35.9017976 14.4839243
S 1477385372071 15
S 1477385373067 15
L 1477385373000 35.9017976 14.4839243
S 1477385374074 15
L 1477385375000 35.9017976 14.4839243
S 1477385375076 14
S 1477385376078 14
S 1477385377067 14
L 1477385377000 35.9017977 14.4839243
S 1477385378075 14
L 1477385379000 35.9017977 14.4839243
S 1477385379071 14
L 1477385380000 35.9017977 14.4839243
S 1477385380078 14
S 1477385381063 14
L 1477385382000 35.9017977 14.4839243
S 1477385382074 14
S 1477385383064 14
L 1477385384000 35.9017977 14.4839243
S 1477385384072 13
S 1477385385062 14
L 1477385386000 35.9017977 14.4839244
S 1477385386073 14
L 1477385387000 35.9017977 14.4839244
S 1477385387074 14
S 1477385388064 14
L 1477385388000 35.9017976 14.4839244
P 1477385388111
L 1477385389000 35.9017976 14.4839244
S 1477385389070 14
L 1477385390000 35.9017976 14.4839244
S 1477385390072 14
S 1477385391067 14
L 1477385391000 35.9017975 14.4839244
S 1477385392076 14
L 1477385393000 35.9017975 14.4839244
S 1477385393077 14
L 1477385394000 35.9017975 14.4839245
S 1477385394076 15
L 1477385395000 35.9017974 14.4839245
S 1477385395075 15
L 1477385396000 35.9017974 14.4839245
S 1477385396080 15
L 1477385397000 35.9017974 14.4839245
S 1477385397075 15
S 1477385398074 15
S 1477385399069 15
L 1477385399000 35.9017974 14.4839245
S 1477385400068 14
S 1477385401063 14
L 1477385401000 35.9017974 14.4839245
S 1477385402068 14
S 1477385403066 14
L 1477385403000 35.9017974 14.4839245
S 1477385404073 14
L 1477385405000 35.9017975 14.4839246
S 1477385405072 14
S 1477385406068 15
L 1477385406000 35.9017975 14.4839246
S 1477385407064 15
S 1477385408065 15
L 1477385408000 35.9017975 14.4839246
S 1477385409066 14
L 1477385409000 35.9017975 14.4839246
S 1477385410066 14
L 1477385411000 35.9017975 14.4839246
S 1477385411072 14
L 1477385412000 35.9017975 14.4839246
S 1477385412074 14
L 1477385413000 35.9017976 14.4839246
S 1477385413073 13
S 1477385414067 14
L 1477385414000 35.9017976 14.4839246
S 1477385415074 14
S 1477385416066 14
L 1477385416000 35.9017976 14.4839247
S 1477385417069 14
S 1477385418065 14
L 1477385418000 35.9017976 14.4839247
S 1477385419065 14
L 1477385419000 35.9017976 14.4839247
S 1477385420070 14
S 1477385421064 14
L 1477385421000 35.9017976 14.4839248
S 1477385422068 14
L 1477385422000 35.9017977 14.4839248
S 1477385423071 14
S 1477385424066 14
L 1477385424000 35.9017977 14.4839248
L 1477385425000 35.9017977 14.4839249
S 1477385425073 14
S 1477385426066 14
L 1477385426000 35.9017976 14.4839249
L 1477385427000 35.9017976 14.4839249
S 1477385427073 14
S 1477385428072 14
S 1477385429068 14
L 1477385429000 35.9017977 14.483925
S 1477385430073 14
S 1477385431065 14
L 1477385431000 35.9017977 14.483925
S 1477385432066 14
L 1477385432000 35.9017977 14.483925
S 1477385433071 14
L 1477385434000 35.9017977 14.4839251
S 1477385434071 14
L 1477385435000 35.9017977 14.4839251
S 1477385435074 14
L 1477385436000 35.9017977 14.4839251
S 1477385436073 13
L 1477385437000 35.9017977 14.4839251
S 1477385437071 13
S 1477385438071 13
L 1477385439000 35.9017977 14.4839251
S 1477385439074 13
L 1477385440000 35.9017976 14.4839251
S 1477385440073 13
S 1477385441065 13
L 1477385442000 35.9017976 14.4839251
S 1477385442073 13
S 1477385443071 13
L 1477385443000 35.9017976 14.4839251
S 1477385444074 13
L 1477385445000 35.9017976 14.4839251
S 1477385445076 14
S 1477385446065 14
L 1477385446000 35.9017976 14.4839251
S 1477385447072 14
S 1477385448066 14
L 1477385448000 35.9017976 14.4839251
S 1477385449070 14
L 1477385450000 35.9017975 14.4839251
S 1477385450068 14
L 1477385451000 35.9017975 14.4839251
S 1477385451071 14
S 1477385452071 14
L 1477385453000 35.9017975 14.4839251
S 1477385453070 14
L 1477385454000 35.9017975 14.4839251
S 1477385454071 14
L 1477385455000 35.9017976 14.4839251
S 1477385455071 14
S 1477385456073 14
L 1477385457000 35.9017976 14.4839251
S 1477385457073 14
S 1477385458065 14
L 1477385458000 35.9017976 14.4839251
S 1477385459074 14
S 1477385460067 14
L 1477385460000 35.9017976 14.4839251
L 1477385461000 35.9017976 14.483925
S 1477385461069 15
S 1477385462067 15
L 1477385462000 35.9017976 14.483925
S 1477385463067 15
L 1477385463000 35.9017976 14.483925
L 1477385464000 35.9017976 14.483925
S 1477385464074 14
S 1477385465067 14
L 1477385466000 35.9017976 14.483925
S 1477385466072 14
L 1477385467000 35.9017976 14.483925
S 1477385467070 15
S 1477385468078 15
S 1477385469066 15
L 1477385469000 35.9017976 14.483925
S 1477385470073 15
L 1477385471000 35.9017976 14.483925
S 1477385471081 15
L 1477385472000 35.9017976 14.483925
S 1477385472072 15
S 1477385473066 15
L 1477385473000 35.9017975 14.483925
L 1477385474000 35.9017975 14.483925
S 1477385474073 15
S 1477385475078 14
S 1477385476065 15
L 1477385476000 35.9017974 14.483925
L 1477385477000 35.9017974 14.483925
S 1477385477075 15
S 1477385478066 15
L 1477385478000 35.9017974 14.483925
S 1477385479066 14
L 1477385479000 35.9017974 14.483925
S 1477385480069 14
L 1477385481000 35.9017974 14.483925
S 1477385481070 14
S 1477385482067 14
L 1477385482000 35.9017974 14.483925
S 1477385483071 14
L 1477385483000 35.9017974 14.483925
S 1477385484067 14
L 1477385484000 35.9017974 14.483925
S 1477385485065 14
L 1477385486000 35.9017974 14.483925
S 1477385486070 14
S 1477385487078 14
S 1477385488065 14
L 1477385488000 35.9017974 14.483925
L 1477385489000 35.9017974 14.483925
S 1477385489072 14
S 1477385490066 13
L 1477385490000 35.9017974 14.483925
S 1477385491065 13
L 1477385492000 35.9017974 14.4839249
S 1477385492079 13
L 1477385493000 35.9017974 14.4839249
S 1477385493073 14
S 1477385494067 15
L 1477385494000 35.9017974 14.4839249
S 1477385495076 15
L 1477385496000 35.9017974 14.4839248
S 1477385496073 15
S 1477385497066 15
S 1477385498064 15
L 1477385498000 35.9017974 14.4839248
L 1477385499000 35.9017974 14.4839248
S 1477385499073 13
S 1477385500065 13
L 1477385500000 35.9017974 14.4839248
L 1477385501000 35.9017974 14.4839248
S 1477385501072 13
S 1477385502074 13
L 1477385503000 35.9017974 14.4839248
S 1477385503073 14
S 1477385504066 14
L 1477385504000 35.9017974 14.4839247
S 1477385505072 14
L 1477385506000 35.9017973 14.4839247
S 1477385506075 14
S 1477385507074 14
L 1477385508000 35.9017973 14.4839247
S 1477385508073 14
L 1477385509000 35.9017973 14.4839247
S 1477385509083 13
S 1477385510065 13
L 1477385511000 35.9017973 14.4839247
S 1477385511075 14
S 1477385512072 14
L 1477385513000 35.9017973 14.4839247
S 1477385513066 14
L 1477385514000 35.9017973 14.4839247
S 1477385514076 14
L 1477385515000 35.9017973 14.4839247
S 1477385515081 14
L 1477385516000 35.9017973 14.4839247
S 1477385516072 14
L 1477385517000 35.9017973 14.4839247
S 1477385517076 14
L 1477385518000 35.9017973 14.4839247
S 1477385518074 14
S 1477385519068 14
L 1477385519000 35.9017973 14.4839246
S 1477385520075 14
L 1477385521000 35.9017973 14.4839246
S 1477385521072 14
S 1477385522063 14
L 1477385522000 35.9017973 14.4839247
S 1477385523071 14
L 1477385524000 35.9017973 14.4839247
S 1477385524081 14
S 1477385525071 14
S 1477385526066 14
L 1477385526000 35.9017973 14.4839247
S 1477385527068 14
L 1477385528000 35.9017973 14.4839247
S 1477385528071 14
S 1477385529062 14
L 1477385529000 35.9017973 14.4839247
S 1477385530062 14
S 1477385531067 14
L 1477385531000 35.9017973 14.4839247
S 1477385532066 14
S 1477385533066 14
L 1477385533000 35.9017973 14.4839247
S 1477385534067 14
L 1477385534000 35.9017973 14.4839247
S 1477385535069 14
L 1477385536000 35.9017973 14.4839246
S 1477385536074 14
S 1477385537072 14
S 1477385538065 14
L 1477385538000 35.9017973 14.4839246
S 1477385539070 14
L 1477385540000 35.9017973 14.4839246
S 1477385540081 14
S 1477385541065 14
S 1477385542062 14
L 1477385542000 35.9017972 14.4839246
L 1477385543000 35.9017972 14.4839246
S 1477385543074 14
S 1477385544073 14
L 1477385545000 35.9017972 14.4839246
S 1477385545066 14
S 1477385546063 14
L 1477385546000 35.9017972 14.4839246
L 1477385547000 35.9017972 14.4839246
S 1477385547072 14
S 1477385548066 14
L 1477385548000 35.9017972 14.4839246
S 1477385549075 14
L 1477385550000 35.9017972 14.4839246
S 1477385550077 14
L 1477385551000 35.9017972 14.4839246
S 1477385551072 14
L 1477385552000 35.9017972 14.4839246
S 1477385552071 14
L 1477385553000 35.9017972 14.4839246
S 1477385553072 14
S 1477385554071 14
L 1477385555000 35.9017971 14.4839245
S 1477385555075 14
L 1477385556000 35.9017971 14.4839245
S 1477385556071 13
S 1477385557071 13
L 1477385558000 35.9017971 14.4839245
S 1477385558071 13
S 1477385559064 13
L 1477385559000 35.9017971 14.4839245
S 1477385560072 13
L 1477385561000 35.9017971 14.4839245
S 1477385561069 13
L 1477385562000 35.901797 14.4839245
S 1477385562075 13
L 1477385563000 35.901797 14.4839245
S 1477385563073 13
L 1477385564000 35.901797 14.4839245
S 1477385564072 13
S 1477385565065 13
L 1477385565000 35.9017969 14.4839245
S 1477385566072 14
L 1477385567000 35.9017969 14.4839245
S 1477385567069 14
S 1477385568067 14
L 1477385569000 35.9017968 14.4839245
S 1477385569075 14
S 1477385570064 14
L 1477385570000 35.9017968 14.4839245
L 1477385571000 35.9017968 14.4839245
S 1477385571070 14
L 1477385572000 35.9017968 14.4839245
S 1477385572069 14
L 1477385573000 35.9017968 14.4839245
S 1477385573073 14
L 1477385574000 35.9017967 14.4839245
S 1477385574072 14
L 1477385575000 35.9017967 14.4839245
S 1477385575072 14
L 1477385576000 35.9017967 14.4839245
S 1477385576080 14
S 1477385577061 14
S 1477385578063 14
L 1477385578000 35.9017967 14.4839245
S 1477385579065 14
L 1477385579000 35.9017967 14.4839245
S 1477385580073 14
S 1477385581067 14
L 1477385581000 35.9017966 14.4839245
L 1477385582000 35.9017966 14.4839245
S 1477385582076 14
S 1477385583071 14
S 1477385584067 14
L 1477385584000 35.9017966 14.4839245
S 1477385585072 15
S 1477385586066 15
L 1477385586000 35.9017965 14.4839245
S 1477385587065 15
L 1477385588000 35.9017965 14.4839246
S 1477385588071 15
S 1477385589064 15
L 1477385589000 35.9017965 14.4839246
S 1477385590065 15
L 1477385590000 35.9017965 14.4839246
S 1477385591064 14
L 1477385591000 35.9017965 14.4839246
S 1477385592079 14
S 1477385593062 13
L 1477385593000 35.9017965 14.4839246
S 1477385594070 14
S 1477385595065 14
L 1477385595000 35.9017965 14.4839246
S 1477385596073 14
L 1477385597000 35.9017966 14.4839246
S 1477385597071 14
L 1477385598000 35.9017966 14.4839246
S 1477385598073 14
L 1477385599000 35.9017966 14.4839246
S 1477385599072 14
S 1477385600072 14
L 1477385601000 35.9017966 14.4839246
S 1477385601070 14
S 1477385602065 14
L 1477385602000 35.9017966 14.4839246
L 1477385603000 35.9017966 14.4839246
S 1477385603069 14
S 1477385604069 14
L 1477385605000 35.9017966 14.4839247
S 1477385605070 14
L 1477385606000 35.9017965 14.4839247
S 1477385606073 14
S 1477385607068 14
L 1477385608000 35.9017965 14.4839247
S 1477385608072 14
S 1477385609068 14
L 1477385610000 35.9017965 14.4839247
S 1477385610070 14
S 1477385611064 14
L 1477385611000 35.9017965 14.4839246
S 1477385612067 14
L 1477385612000 35.9017965 14.4839246
S 1477385613069 14
L 1477385614000 35.9017964 14.4839246
S 1477385614072 13
S 1477385615072 13
L 1477385616000 35.9017964 14.4839246
S 1477385616071 13
L 1477385617000 35.9017964 14.4839246
S 1477385617073 13
L 1477385618000 35.9017964 14.4839246
S 1477385618071 13
L 1477385619000 35.9017964 14.4839246
S 1477385619074 13
S 1477385620072 13
L 1477385621000 35.9017964 14.4839246
S 1477385621070 13
L 1477385622000 35.9017964 14.4839246
S 1477385622071 13
L 1477385623000 35.9017963 14.4839246
S 1477385623070 13
S 1477385624074 13
L 1477385625000 35.9017963 14.4839246
S 1477385625066 13
S 1477385626062 13
L 1477385626000 35.9017963 14.4839246
L 1477385627000 35.9017962 14.4839246
S 1477385627071 13
L 1477385628000 35.9017962 14.4839246
S 1477385628073 14
S 1477385629065 14
L 1477385629000 35.9017962 14.4839246
L 1477385630000 35.9017962 14.4839245
S 1477385630071 14
S 1477385631074 14
S 1477385632065 14
L 1477385632000 35.9017962 14.4839245
L 1477385633000 35.9017962 14.4839246
S 1477385633070 14
L 1477385634000 35.9017961 14.4839246
S 1477385634074 13
S 1477385635073 13
L 1477385636000 35.9017961 14.4839246
S 1477385636083 13
S 1477385637064 13
L 1477385637000 35.9017961 14.4839246
S 1477385638065 13
L 1477385638000 35.901796 14.4839246
S 1477385639071 13
L 1477385640000 35.901796 14.4839246
S 1477385640075 13
S 1477385641061 13
L 1477385641000 35.901796 14.4839246
S 1477385642067 13
L 1477385643000 35.9017959 14.4839246
S 1477385643072 13
S 1477385644068 13
L 1477385644000 35.9017959 14.4839246
S 1477385645074 13
L 1477385646000 35.9017959 14.4839246
S 1477385646077 13
S 1477385647064 13
S 1477385648065 14
L 1477385648000 35.901796 14.4839246
S 1477385649064 14
L 1477385649000 35.901796 14.4839246
S 1477385650065 13
L 1477385651000 35.901796 14.4839246
S 1477385651072 13
S 1477385652069 13
L 1477385653000 35.9017959 14.4839246
S 1477385653072 13
S 1477385654064 13
L 1477385654000 35.9017959 14.4839246
S 1477385655072 13
L 1477385656000 35.9017959 14.4839246
S 1477385656071 13
S 1477385657067 13
S 1477385658062 13
L 1477385658000 35.9017958 14.4839247
L 1477385659000 35.9017958 14.4839247
S 1477385659073 13
L 1477385660000 35.9017958 14.4839247
S 1477385660069 14
L 1477385661000 35.9017958 14.4839247
S 1477385661067 14
L 1477385662000 35.9017957 14.4839247
S 1477385662071 14
S 1477385663064 12
L 1477385663000 35.9017957 14.4839247
L 1477385664000 35.9017957 14.4839247
S 1477385664073 12
L 1477385665000 35.9017957 14.4839247
S 1477385665078 13
S 1477385666065 13
L 1477385666000 35.9017957 14.4839247
L 1477385667000 35.9017957 14.4839247
S 1477385667073 13
S 1477385668069 13
L 1477385669000 35.9017956 14.4839247
S 1477385669073 13
S 1477385670064 13
L 1477385670000 35.9017956 14.4839247
S 1477385671069 13
L 1477385672000 35.9017956 14.4839247
S 1477385672074 13
S 1477385673079 13
L 1477385674000 35.9017956 14.4839247
S 1477385674067 13
L 1477385675000 35.9017956 14.4839247
S 1477385675070 13
L 1477385676000 35.9017955 14.4839247
S 1477385676077 13
L 1477385677000 35.9017955 14.4839247
S 1477385677072 13
S 1477385678063 12
L 1477385678000 35.9017955 14.4839247
S 1477385679063 11
L 1477385680000 35.9017955 14.4839247
S 1477385680069 11
L 1477385681000 35.9017954 14.4839247
S 1477385681067 11
S 1477385682064 11
L 1477385682000 35.9017954 14.4839247
S 1477385683069 11
L 1477385684000 35.9017954 14.4839247
S 1477385684073 11
L 1477385685000 35.9017954 14.4839247
S 1477385685072 12
S 1477385686065 12
L 1477385686000 35.9017954 14.4839247
S 1477385687070 12
L 1477385688000 35.9017954 14.4839247
S 1477385688070 13
S 1477385689066 13
S 1477385690062 13
L 1477385690000 35.9017954 14.4839247
L 1477385691000 35.9017954 14.4839247
S 1477385691071 13
L 1477385692000 35.9017954 14.4839247
S 1477385692080 13
L 1477385693000 35.9017954 14.4839247
S 1477385693070 13
S 1477385694071 13
L 1477385694000 35.9017954 14.4839247
S 1477385695070 13
L 1477385696000 35.9017954 14.4839247
S 1477385696071 13
S 1477385697073 13
L 1477385698000 35.9017954 14.4839247
S 1477385698072 13
S 1477385699066 13
S 1477385700070 13
L 1477385700000 35.9017954 14.4839247
S 1477385701063 13
L 1477385701000 35.9017954 14.4839247
L 1477385702000 35.9017954 14.4839247
S 1477385702072 12
S 1477385703071 13
L 1477385704000 35.9017954 14.4839246
S 1477385704072 13
S 1477385705068 13
S 1477385706061 13
L 1477385706000 35.9017954 14.4839246
S 1477385707066 13
L 1477385707000 35.9017953 14.4839246
L 1477385708000 35.9017953 14.4839246
S 1477385708075 13
S 1477385709074 13
L 1477385710000 35.9017953 14.4839246
S 1477385710070 13
L 1477385711000 35.9017953 14.4839246
S 1477385711070 13
S 1477385712071 13
S 1477385713065 13
L 1477385713000 35.9017953 14.4839246
S 1477385714070 14
L 1477385715000 35.9017954 14.4839246
S 1477385715073 14
L 1477385716000 35.9017954 14.4839246
S 1477385716071 14
L 1477385717000 35.9017954 14.4839246
S 1477385717073 14
S 1477385718069 14
L 1477385719000 35.9017953 14.4839246
S 1477385719069 14
S 1477385720071 14
L 1477385721000 35.9017953 14.4839246
S 1477385721074 14
L 1477385722000 35.9017953 14.4839246
S 1477385722068 14
L 1477385723000 35.9017953 14.4839246
S 1477385723073 14
S 1477385724065 14
L 1477385724000 35.9017954 14.4839246
S 1477385725065 14
L 1477385725000 35.9017954 14.4839246
S 1477385726070 14
S 1477385727066 14
L 1477385727000 35.9017954 14.4839247
S 1477385728065 14
L 1477385728000 35.9017954 14.4839247
L 1477385729000 35.9017954 14.4839247
S 1477385729075 14
S 1477385730067 15
L 1477385730000 35.9017954 14.4839247
S 1477385731073 16
L 1477385732000 35.9017954 14.4839247
S 1477385732069 16
S 1477385733070 16
L 1477385733000 35.9017954 14.4839247
L 1477385734000 35.9017954 14.4839247
S 1477385734069 16
L 1477385735000 35.9017954 14.4839247
S 1477385735073 16
L 1477385736000 35.9017954 14.4839247
S 1477385736073 16
S 1477385737070 14
S 1477385738064 14
L 1477385738000 35.9017954 14.4839247
L 1477385739000 35.9017954 14.4839247
S 1477385739076 14
S 1477385740070 15
L 1477385741000 35.9017954 14.4839247
S 1477385741074 15
L 1477385742000 35.9017954 14.4839247
S 1477385742070 15
S 1477385743066 15
L 1477385743000 35.9017954 14.4839247
S 1477385744072 15
S 1477385745064 15
L 1477385745000 35.9017954 14.4839247
S 1477385746066 15
L 1477385746000 35.9017954 14.4839248
S 1477385747070 16
S 1477385748065 16
L 1477385748000 35.9017954 14.4839248
S 1477385749067 15
L 1477385749000 35.9017954 14.4839248
S 1477385750072 14
L 1477385751000 35.9017953 14.4839248
S 1477385751073 14
S 1477385752062 14
L 1477385753000 35.9017953 14.4839248
S 1477385753067 14
S 1477385754063 14
L 1477385754000 35.9017953 14.4839248
S 1477385755065 14
L 1477385755000 35.9017952 14.4839248
S 1477385756066 14
L 1477385756000 35.9017952 14.4839248
S 1477385757072 14
L 1477385758000 35.9017952 14.4839248
S 1477385758078 14
S 1477385759064 16
L 1477385760000 35.9017952 14.4839249
S 1477385760070 16
L 1477385761000 35.9017952 14.4839249
S 1477385761070 16
S 1477385762065 16
L 1477385762000 35.9017952 14.4839249
S 1477385763065 16
L 1477385763000 35.9017952 14.4839249
S 1477385764072 17
S 1477385765066 17
L 1477385765000 35.9017952 14.4839249
S 1477385766075 17
L 1477385767000 35.9017952 14.4839249
S 1477385767071 17
L 1477385768000 35.9017951 14.4839249
S 1477385768071 17
S 1477385769062 17
L 1477385770000 35.9017951 14.4839249
S 1477385770072 17
L 1477385771000 35.9017951 14.4839249
S 1477385771074 16
S 1477385772071 16
L 1477385773000 35.901795 14.4839249
S 1477385773080 16
L 1477385774000 35.901795 14.4839249
S 1477385774076 16
S 1477385775074 16
L 1477385776000 35.901795 14.4839249
S 1477385776076 16
L 1477385777000 35.901795 14.4839249
S 1477385777071 17
S 1477385778074 17
L 1477385779000 35.9017949 14.4839249
S 1477385779073 17
S 1477385780065 17
L 1477385781000 35.9017949 14.483925
S 1477385781071 17
S 1477385782064 17
L 1477385782000 35.9017949 14.483925
S 1477385783074 17
L 1477385784000 35.9017949 14.483925
S 1477385784077 16
S 1477385785070 16
L 1477385786000 35.9017949 14.483925
S 1477385786073 16
L 1477385787000 35.9017949 14.483925
S 1477385787071 16
S 1477385788065 16
L 1477385788000 35.9017949 14.483925
S 1477385789067 16
L 1477385789000 35.9017949 14.483925
S 1477385790068 16
L 1477385791000 35.9017949 14.483925
S 1477385791071 16
S 1477385792065 16
L 1477385793000 35.9017949 14.4839251
S 1477385793076 16
S 1477385794065 16
S 1477385795066 16
L 1477385795000 35.9017949 14.4839251
S 1477385796073 16
S 1477385797065 16
L 1477385797000 35.9017948 14.4839251
S 1477385798065 16
L 1477385798000 35.9017948 14.4839251
S 1477385799080 16
L 1477385800000 35.9017948 14.4839251
S 1477385800071 16
S 1477385801062 16
L 1477385802000 35.9017948 14.4839251
S 1477385802073 16
L 1477385803000 35.9017948 14.4839251
S 1477385803072 15
S 1477385804067 15
L 1477385804000 35.9017948 14.4839251
L 1477385805000 35.9017948 14.4839251
S 1477385805075 15
L 1477385806000 35.9017948 14.4839251
S 1477385806071 15
L 1477385807000 35.9017948 14.4839251
S 1477385807072 15
S 1477385808072 15
L 1477385809000 35.9017948 14.4839251
S 1477385809073 15
S 1477385810066 15
L 1477385810000 35.9017947 14.4839251
S 1477385811065 15
L 1477385811000 35.9017947 14.4839251
S 1477385812076 15
S 1477385813065 15
L 1477385813000 35.9017947 14.4839251
S 1477385814073 15
L 1477385815000 35.9017946 14.483925
S 1477385815077 15
S 1477385816064 15
L 1477385816000 35.9017946 14.483925
S 1477385817070 15
L 1477385818000 35.9017946 14.483925
S 1477385818069 15
L 1477385819000 35.9017946 14.483925
S 1477385819074 15
S 1477385820076 15
L 1477385820000 35.9017946 14.483925
S 1477385821064 15
L 1477385822000 35.9017946 14.483925
S 1477385822073 14
L 1477385823000 35.9017946 14.483925
S 1477385823070 14
L 1477385824000 35.9017945 14.483925
S 1477385824073 14
L 1477385825000 35.9017945 14.483925
S 1477385825072 14
S 1477385826068 14
S 1477385827064 14
L 1477385827000 35.9017946 14.483925
L 1477385828000 35.9017946 14.483925
S 1477385828075 14
S 1477385829065 14
L 1477385829000 35.9017945 14.483925
S 1477385830075 14
S 1477385831070 14
L 1477385831000 35.9017945 14.4839249
S 1477385832076 14
L 1477385833000 35.9017945 14.4839249
S 1477385833069 14
S 1477385834063 14
L 1477385834000 35.9017945 14.4839249
L 1477385835000 35.9017944 14.4839249
S 1477385835071 14
S 1477385836071 14
L 1477385837000 35.9017944 14.4839249
S 1477385837070 14
L 1477385838000 35.9017944 14.4839249
S 1477385838073 14
L 1477385839000 35.9017944 14.4839249
S 1477385839070 15
L 1477385840000 35.9017944 14.4839249
S 1477385840070 15
L 1477385841000 35.9017944 14.4839248
S 1477385841071 15
S 1477385842072 16
L 1477385843000 35.9017944 14.4839248
S 1477385843074 16
S 1477385844065 16
S 1477385845064 16
L 1477385845000 35.9017943 14.4839248
S 1477385846066 16
L 1477385846000 35.9017943 14.4839248
S 1477385847072 16
S 1477385848066 15
L 1477385848000 35.9017943 14.4839248
S 1477385849065 15
L 1477385850000 35.9017943 14.4839247
S 1477385850069 15
L 1477385851000 35.9017942 14.4839247
S 1477385851072 15
S 1477385852068 15
L 1477385852000 35.9017942 14.4839247
S 1477385853065 15
L 1477385853000 35.9017942 14.4839247
S 1477385854072 15
L 1477385855000 35.9017942 14.4839247
S 1477385855076 17
L 1477385856000 35.9017942 14.4839247
S 1477385856073 17
L 1477385857000 35.9017942 14.4839247
S 1477385857073 17
L 1477385858000 35.9017942 14.4839246
S 1477385858073 17
S 1477385859080 17
L 1477385860000 35.9017941 14.4839246
S 1477385860075 17
L 1477385861000 35.9017942 14.4839246
S 1477385861077 15
S 1477385862065 16
L 1477385862000 35.9017942 14.4839246
S 1477385863072 16
S 1477385864065 16
L 1477385864000 35.9017941 14.4839246
S 1477385865071 16
L 1477385866000 35.9017942 14.4839246
S 1477385866078 16
L 1477385867000 35.9017942 14.4839246
S 1477385867070 16
L 1477385868000 35.9017942 14.4839246
S 1477385868072 15
S 1477385869083 15
S 1477385870065 16
L 1477385870000 35.9017942 14.4839245
S 1477385871076 16
S 1477385872064 16
L 1477385872000 35.9017941 14.4839245
S 1477385873081 16
S 1477385874066 16
L 1477385874000 35.9017941 14.4839246
S 1477385875076 16
S 1477385876065 15
L 1477385876000 35.9017942 14.4839246
L 1477385877000 35.9017942 14.4839246
S 1477385877074 15
S 1477385878063 15
L 1477385878000 35.9017942 14.4839246
S 1477385879078 15
S 1477385880068 15
L 1477385880000 35.9017942 14.4839246
S 1477385881067 15
S 1477385882064 15
L 1477385882000 35.9017943 14.4839246
L 1477385883000 35.9017943 14.4839246
S 1477385883069 15
L 1477385884000 35.9017943 14.4839246
S 1477385884073 15
S 1477385885065 15
L 1477385885000 35.9017943 14.4839246
S 1477385886066 15
L 1477385886000 35.9017943 14.4839246
S 1477385887076 15
S 1477385888065 15
L 1477385888000 35.9017943 14.4839246
S 1477385889065 15
L 1477385889000 35.9017943 14.4839246
S 1477385890065 15
S 1477385891065 15
L 1477385891000 35.9017943 14.4839246
L 1477385892000 35.9017943 14.4839246
S 1477385892073 15
L 1477385893000 35.9017943 14.4839246
S 1477385893075 16
S 1477385894070 16
L 1477385895000 35.9017943 14.4839246
S 1477385895069 16
S 1477385896065 16
L 1477385896000 35.9017943 14.4839246
S 1477385897071 16
S 1477385898064 16
L 1477385898000 35.9017943 14.4839245
L 1477385899000 35.9017943 14.4839245
S 1477385899075 15
S 1477385900063 16
L 1477385901000 35.9017943 14.4839245
S 1477385901072 15
L 1477385902000 35.9017943 14.4839245
S 1477385902071 15
S 1477385903064 15
L 1477385903000 35.9017943 14.4839245
S 1477385904063 15
L 1477385904000 35.9017943 14.4839245
S 1477385905063 15
L 1477385905000 35.9017943 14.4839245
S 1477385906065 14
L 1477385906000 35.9017943 14.4839245
S 1477385907071 14
S 1477385908064 14
L 1477385908000 35.9017943 14.4839245
S 1477385909067 15
L 1477385909000 35.9017944 14.4839245
S 1477385910071 15
L 1477385911000 35.9017944 14.4839246
S 1477385911073 15
L 1477385912000 35.9017944 14.4839246
S 1477385912072 15
S 1477385913068 15
S 1477385914063 16
L 1477385914000 35.9017943 14.4839246
S 1477385915065 15
L 1477385915000 35.9017943 14.4839246
S 1477385916065 15
L 1477385916000 35.9017943 14.4839246
S 1477385917065 15
L 1477385918000 35.9017943 14.4839246
S 1477385918075 15
S 1477385919078 15
L 1477385920000 35.9017944 14.4839246
S 1477385920072 15
S 1477385921073 15
S 1477385922065 15
L 1477385922000 35.9017944 14.4839246
S 1477385923071 15
L 1477385924000 35.9017944 14.4839246
S 1477385924071 15
S 1477385925064 15
L 1477385925000 35.9017944 14.4839247
S 1477385926070 16
S 1477385927065 16
L 1477385927000 35.9017944 14.4839247
L 1477385928000 35.9017944 14.4839247
S 1477385928074 15
S 1477385929071 16
L 1477385930000 35.9017944 14.4839246
S 1477385930077 16
S 1477385931065 16
L 1477385931000 35.9017944 14.4839246
S 1477385932070 16
L 1477385933000 35.9017944 14.4839246
S 1477385933078 16
L 1477385934000 35.9017944 14.4839246
S 1477385934072 16
S 1477385935066 16
L 1477385935000 35.9017944 14.4839246
S 1477385936076 16
S 1477385937066 15
L 1477385937000 35.9017944 14.4839246
S 1477385938071 16
S 1477385939066 17
L 1477385939000 35.9017944 14.4839246
L 1477385940000 35.9017944 14.4839246
S 1477385940075 17
S 1477385941072 16
S 1477385942068 16
L 1477385942000 35.9017944 14.4839246
L 1477385943000 35.9017945 14.4839245
S 1477385943072 16
L 1477385944000 35.9017945 14.4839245
S 1477385944071 15
S 1477385945070 15
L 1477385946000 35.9017945 14.4839245
S 1477385946072 15
L 1477385947000 35.9017945 14.4839245
S 1477385947073 16
L 1477385948000 35.9017944 14.4839245
S 1477385948073 16
S 1477385949074 16
L 1477385950000 35.9017944 14.4839245
S 1477385950076 16
L 1477385951000 35.9017944 14.4839245
S 1477385951071 16
L 1477385952000 35.9017944 14.4839245
S 1477385952074 16
S 1477385953065 16
L 1477385953000 35.9017944 14.4839245
S 1477385954064 16
L 1477385954000 35.9017944 14.4839245
L 1477385955000 35.9017944 14.4839245
S 1477385955071 16
S 1477385956072 16
S 1477385957065 16
L 1477385957000 35.9017944 14.4839244
S 1477385958064 16
L 1477385959000 35.9017944 14.4839244
S 1477385959070 16
L 1477385960000 35.9017944 14.4839245
S 1477385960075 16
S 1477385961067 16
L 1477385962000 35.9017944 14.4839245
S 1477385962075 15
L 1477385963000 35.9017944 14.4839245
S 1477385963076 14
L 1477385964000 35.9017944 14.4839245
S 1477385964074 15
L 1477385965000 35.9017944 14.4839245
S 1477385965078 15
S 1477385966065 15
L 1477385966000 35.9017944 14.4839245
L 1477385967000 35.9017944 14.4839245
S 1477385967073 15
L 1477385968000 35.9017944 14.4839244
S 1477385968072 15
S 1477385969072 16
L 1477385970000 35.9017944 14.4839244
S 1477385970077 16
S 1477385971075 16
L 1477385972000 35.9017944 14.4839244
S 1477385972074 16
S 1477385973065 16
L 1477385973000 35.9017944 14.4839243
S 1477385974074 16
L 1477385975000 35.9017944 14.4839243
S 1477385975082 16
S 1477385976068 16
L 1477385977000 35.9017944 14.4839243
S 1477385977068 16
S 1477385978063 16
L 1477385978000 35.9017944 14.4839243
L 1477385979000 35.9017945 14.4839243
S 1477385979074 16
L 1477385980000 35.9017944 14.4839243
S 1477385980074 17
L 1477385981000 35.9017944 14.4839243
S 1477385981076 17
S 1477385982064 17
L 1477385982000 35.9017944 14.4839243
S 1477385983071 17
S 1477385984066 17
L 1477385984000 35.9017945 14.4839243
S 1477385985073 17
S 1477385986071 17
L 1477385986000 35.9017944 14.4839243
L 1477385987000 35.9017944 14.4839243
S 1477385987072 17
S 1477385988068 18
L 1477385989000 35.9017945 14.4839243
S 1477385989075 18
S 1477385990068 18
L 1477385990000 35.9017945 14.4839243
S 1477385991075 18
L 1477385992000 35.9017945 14.4839243
S 1477385992072 18
S 1477385993068 19
L 1477385994000 35.9017945 14.4839243
S 1477385994073 18
L 1477385995000 35.9017945 14.4839244
S 1477385995072 18
L 1477385996000 35.9017945 14.4839244
S 1477385996074 18
S 1477385997072 18
L 1477385998000 35.9017944 14.4839244
S 1477385998076 18
L 1477385999000 35.9017944 14.4839245
S 1477385999070 18
S 1477386000064 18
S 1477386001064 18
L 1477386001000 35.9017945 14.4839245
L 1477386002000 35.9017945 14.4839245
S 1477386002090 18
S 1477386003066 17
S 1477386004065 17
L 1477386004000 35.9017945 14.4839245
L 1477386005000 35.9017945 14.4839245
S 1477386005073 17
L 1477386006000 35.9017945 14.4839245
S 1477386006071 17
