P 1477398556322
S 1477398557049 12
L 1477398558000 35.8978514 14.5106259
S 1477398558059 11
L 1477398559000 35.8978631 14.5106176
S 1477398559057 11
S 1477398560046 11
L 1477398561000 35.8979059 14.5105671
S 1477398561063 13
S 1477398562048 14
L 1477398562000 35.8979148 14.5105469
S 1477398563064 13
L 1477398564000 35.8979325 14.5104996
S 1477398564055 13
S 1477398565047 13
L 1477398565000 35.897938 14.5104928
S 1477398566060 13
L 1477398567000 35.8979447 14.5104095
S 1477398567057 12
S 1477398568053 12
S 1477398569043 11
L 1477398569000 35.8979242 14.5103367
L 1477398570000 35.8979371 14.5103227
S 1477398570054 11
S 1477398571051 9
S 1477398572044 9
L 1477398572000 35.8979611 14.5103184
S 1477398573053 10
L 1477398574000 35.8979872 14.5102634
S 1477398574056 11
L 1477398575000 35.8980009 14.5102619
S 1477398575054 12
L 1477398576000 35.8980167 14.5102479
S 1477398576062 12
S 1477398577060 12
S 1477398578045 13
L 1477398578000 35.8980188 14.5102199
L 1477398579000 35.8980287 14.5102022
S 1477398579056 13
L 1477398580000 35.8980514 14.5102134
S 1477398580052 14
P 1477398580201