P 1477398556322
L 1477398556000 35.8978457 14.5106288
S 1477398555615 12
S 1477398556610 14
L 1477398558000 35.8978425 14.5106171
S 1477398557596 14
S 1477398558609 13
L 1477398560000 35.8978663 14.5105942
S 1477398559595 13
S 1477398560593 13
S 1477398561591 13
L 1477398562000 35.8978623 14.5105819
S 1477398562596 11
L 1477398563000 35.8978431 14.5105603
S 1477398563591 11
L 1477398564000 35.8978535 14.5105412
S 1477398564599 13
L 1477398565000 35.8978477 14.5105226
S 1477398565601 13
S 1477398566594 13
L 1477398567000 35.8978775 14.5105053
S 1477398567594 13
L 1477398568000 35.8979037 14.5104936
S 1477398568599 13
L 1477398569000 35.8979247 14.5104686
L 1477398570000 35.8979355 14.5104754
S 1477398569596 13
S 1477398570596 15
L 1477398571000 35.8979538 14.5104669
S 1477398571592 15
S 1477398572595 15
L 1477398573000 35.8980001 14.5105662
S 1477398573597 15
L 1477398574000 35.8979922 14.5104813
S 1477398574595 15
L 1477398576000 35.8980095 14.5104284
S 1477398575609 15
L 1477398577000 35.8980369 14.5104145
S 1477398576607 13
S 1477398577612 13
S 1477398578597 13
L 1477398579000 35.8980631 14.5104028
L 1477398580000 35.8980657 14.5103503
P 1477398580201