P 1477398556322
L 1477398556000 35.8976888 14.5106708
S 1477398556634 10
L 1477398557000 35.8976861 14.5106617
S 1477398557632 11
S 1477398558631 11
L 1477398559000 35.8976864 14.5106615
S 1477398559632 11
L 1477398560000 35.8976987 14.5106593
S 1477398560631 9
L 1477398561000 35.8977416 14.5106509
S 1477398561633 11
L 1477398562000 35.8977693 14.5106486
S 1477398562632 10
L 1477398563000 35.8977915 14.5106047
S 1477398563632 11
S 1477398564632 10
L 1477398565000 35.8978165 14.5105843
S 1477398565633 10
L 1477398566000 35.897834 14.5105814
S 1477398566635 10
L 1477398567000 35.8978512 14.5105806
S 1477398567637 12
L 1477398568000 35.8978751 14.5105635
S 1477398568639 11
L 1477398569000 35.8978861 14.5105474
S 1477398569638 11
L 1477398570000 35.8979003 14.5105379
S 1477398570637 10
S 1477398571639 9
L 1477398572000 35.897936 14.5105132
S 1477398572637 10
S 1477398573638 9
L 1477398574000 35.8979782 14.5104731
S 1477398574635 9
S 1477398575637 10
L 1477398576000 35.8980154 14.5104519
S 1477398576636 10
S 1477398577637 12
L 1477398578000 35.8980517 14.5104344
S 1477398578636 12
S 1477398579635 12
L 1477398580000 35.8980756 14.5104185
P 1477398580201