P 1477398731422
L 1477398732000 35.8977741 14.5106977
S 1477398733054 12
S 1477398734044 12
L 1477398734000 35.8978223 14.5106605
S 1477398735044 13
L 1477398736000 35.8978532 14.5106123
S 1477398736055 13
L 1477398737000 35.8978581 14.5105904
S 1477398737051 12
L 1477398738000 35.8978556 14.5105563
S 1477398738055 11
L 1477398739000 35.8978529 14.5105266
S 1477398739057 11
L 1477398740000 35.897865 14.5105279
S 1477398740055 12
S 1477398741045 12
L 1477398741000 35.8978764 14.5105115
S 1477398742046 12
L 1477398742000 35.8978972 14.5104906
L 1477398743000 35.897903 14.5104608
S 1477398743052 11
S 1477398744046 11
L 1477398745000 35.8979083 14.5104183
S 1477398745054 11
S 1477398746045 11
L 1477398746000 35.8979125 14.5103962
S 1477398747048 10
L 1477398747000 35.8979364 14.5103811
S 1477398748047 10
L 1477398748000 35.8979535 14.5103579
S 1477398749052 10
S 1477398750045 9
L 1477398750000 35.8979565 14.5102814
S 1477398751045 9
L 1477398751000 35.897977 14.5102859
S 1477398752045 11
L 1477398752000 35.8979983 14.5102859
S 1477398753054 11
S 1477398754046 11
L 1477398754000 35.8980199 14.510249
S 1477398755047 13
L 1477398755000 35.898027 14.5102363
P 1477398756057