P 1477398731422
L 1477398732000 35.8977884 14.5105915
S 1477398731600 12
L 1477398733000 35.8978157 14.5105841
S 1477398732605 14
L 1477398734000 35.897824 14.5105857
S 1477398733615 14
S 1477398734599 14
L 1477398736000 35.8978385 14.5105805
S 1477398735601 14
L 1477398737000 35.8978568 14.5105664
S 1477398736604 14
S 1477398737595 14
L 1477398739000 35.8978661 14.510559
S 1477398738608 14
S 1477398739595 14
S 1477398740598 14
L 1477398741000 35.8979263 14.5105372
S 1477398741600 14
L 1477398742000 35.8979468 14.5105508
S 1477398742602 14
L 1477398744000 35.8979575 14.5105607
S 1477398743615 14
S 1477398744598 14
L 1477398746000 35.8979465 14.5104851
S 1477398745600 14
S 1477398746598 16
L 1477398747000 35.8979514 14.5104727
L 1477398748000 35.897967 14.5104507
S 1477398747605 16
L 1477398749000 35.8979884 14.5104484
S 1477398748611 16
S 1477398749609 16
L 1477398751000 35.8980474 14.5104233
S 1477398750609 16
S 1477398751597 16
L 1477398752000 35.8980671 14.5104109
L 1477398753000 35.8980686 14.5104072
S 1477398752603 16
L 1477398754000 35.898062 14.5103591
S 1477398753606 16
L 1477398755000 35.8980758 14.5103374
P 1477398756057