P 1477398731422
L 1477398732000 35.8977896 14.5108
S 1477398734436 12
L 1477398733000 35.8978028 14.5107561
S 1477398735443 13
L 1477398734000 35.8978138 14.5107199
S 1477398736439 12
S 1477398737440 11
L 1477398736000 35.8978157 14.5106905
S 1477398738435 10
S 1477398739434 9
L 1477398738000 35.8978278 14.5106546
S 1477398740435 10
L 1477398739000 35.8978341 14.5106412
S 1477398741436 10
L 1477398740000 35.8978369 14.5106293
S 1477398742434 10
S 1477398743435 9
L 1477398742000 35.8978444 14.5105963
S 1477398744435 10
L 1477398743000 35.8978444 14.5105728
S 1477398745434 12
L 1477398744000 35.8978466 14.5105448
S 1477398746434 10
S 1477398747436 13
L 1477398746000 35.8978606 14.5104862
S 1477398748432 10
S 1477398749433 11
L 1477398748000 35.8978668 14.5104521
S 1477398750433 13
L 1477398749000 35.897871 14.5104354
S 1477398751418 12
S 1477398752431 10
L 1477398751000 35.897887 14.5103981
S 1477398753434 9
L 1477398752000 35.897895 14.5103674
S 1477398754443 10
L 1477398754000 35.8979071 14.510323
S 1477398755442 13
S 1477398756437 12
S 1477398757431 13
L 1477398756000 35.8979327 14.5102982
P 1477398756057