P 1477399457742
S 1477399458047 13
L 1477399459000 35.8995791 14.5124822
S 1477399459048 13
S 1477399460043 14
L 1477399460000 35.8995717 14.5124682
S 1477399461050 14
S 1477399462045 14
L 1477399462000 35.8995671 14.5124594
L 1477399463000 35.8995586 14.5124464
S 1477399463052 14
L 1477399464000 35.8995519 14.5124315
S 1477399464053 14
S 1477399465045 14
L 1477399465000 35.899551 14.5124302
S 1477399466047 14
L 1477399466000 35.8995367 14.5124065
S 1477399467054 14
L 1477399468000 35.8995137 14.5124025
S 1477399468058 14
S 1477399469047 13
L 1477399469000 35.8995077 14.5123708
S 1477399470049 12
S 1477399471047 12
L 1477399471000 35.8994605 14.5123949
S 1477399472062 12
S 1477399473045 13
L 1477399473000 35.899456 14.5123582
S 1477399474043 13
L 1477399475000 35.8994222 14.5123162
S 1477399475056 13
L 1477399476000 35.8994072 14.5123045
S 1477399476058 13
L 1477399477000 35.8993897 14.5122862
S 1477399477064 13
L 1477399478000 35.8993871 14.5122702
S 1477399478055 13
S 1477399479046 13
L 1477399479000 35.8993808 14.5122711
S 1477399480045 13
L 1477399481000 35.8993362 14.5122523
S 1477399481052 13
S 1477399482046 13
L 1477399482000 35.8993284 14.512263
S 1477399483057 13
S 1477399484048 13
L 1477399484000 35.8993159 14.5122512
L 1477399485000 35.8993048 14.5122392
S 1477399485054 13
S 1477399486043 13
S 1477399487045 13
L 1477399487000 35.8992878 14.5122063
S 1477399488044 13
L 1477399488000 35.8992778 14.5121887
S 1477399489045 13
L 1477399489000 35.8992789 14.5121846
L 1477399490000 35.8992689 14.5121918
S 1477399490054 13
S 1477399491052 13
L 1477399492000 35.8992541 14.5121812
S 1477399492050 13
S 1477399493050 13
L 1477399494000 35.8992373 14.5121486
S 1477399494050 13
L 1477399495000 35.8992231 14.5121197
S 1477399495060 13
S 1477399496054 13
S 1477399497044 13
L 1477399497000 35.8992117 14.5120273
L 1477399498000 35.899208 14.5119933
S 1477399498053 13
L 1477399499000 35.8991976 14.5119815
S 1477399499052 13
S 1477399500046 13
L 1477399500000 35.8992387 14.5118166
S 1477399501051 12
S 1477399502044 12
L 1477399502000 35.8992153 14.5118608
S 1477399503043 13
L 1477399503000 35.899204 14.5118232
S 1477399504046 13
L 1477399504000 35.8991812 14.5118427
S 1477399505052 13
S 1477399506045 13
L 1477399506000 35.8991579 14.5117991
L 1477399507000 35.8991341 14.5118086
S 1477399507053 13
L 1477399508000 35.8991229 14.5117957
S 1477399508052 13
L 1477399509000 35.8990956 14.5118083
S 1477399509052 13
L 1477399510000 35.8990943 14.511795
S 1477399510060 14
L 1477399511000 35.8990903 14.5117819
S 1477399511057 13
S 1477399512052 13
L 1477399513000 35.8990775 14.5117549
S 1477399513066 13
S 1477399514047 14
L 1477399514000 35.8990608 14.5117463
S 1477399515054 14
S 1477399516044 14
L 1477399516000 35.8990396 14.5117191
S 1477399517048 14
L 1477399517000 35.8990313 14.5117042
S 1477399518051 14
S 1477399519044 14
L 1477399519000 35.8990152 14.5116739
S 1477399520043 14
S 1477399521043 14
L 1477399521000 35.8989869 14.5116715
S 1477399522049 14
L 1477399523000 35.898994 14.5116687
S 1477399523053 14
S 1477399524043 13
L 1477399525000 35.8989625 14.5116531
S 1477399525053 13
S 1477399526051 13
S 1477399527043 13
L 1477399527000 35.8989573 14.5116112
S 1477399528042 13
L 1477399529000 35.8989247 14.5115742
S 1477399529058 13
S 1477399530045 13
L 1477399530000 35.8989144 14.5115084
S 1477399531044 13
S 1477399532045 13
L 1477399532000 35.8988835 14.5114985
S 1477399533043 13
L 1477399534000 35.8988519 14.5115044
S 1477399534051 13
L 1477399535000 35.8988341 14.5114969
S 1477399535051 13
S 1477399536044 12
L 1477399536000 35.8988297 14.5114883
L 1477399537000 35.8988144 14.5114651
S 1477399537052 12
S 1477399538052 12
L 1477399539000 35.8987985 14.5114871
S 1477399539047 12
S 1477399540048 12
L 1477399540000 35.8987919 14.5114799
S 1477399541045 12
L 1477399541000 35.8988038 14.5114467
S 1477399542044 12
S 1477399543044 12
L 1477399543000 35.8987682 14.5114373
S 1477399544043 12
L 1477399544000 35.8987532 14.5114217
S 1477399545051 12
L 1477399546000 35.8987274 14.5114042
S 1477399546047 12
S 1477399547044 12
L 1477399547000 35.8987241 14.5114058
S 1477399548048 12
L 1477399549000 35.8987548 14.5113642
S 1477399549055 13
S 1477399550049 13
L 1477399551000 35.8986832 14.5113178
S 1477399551053 13
L 1477399552000 35.8986484 14.5112806
S 1477399552058 13
L 1477399553000 35.8986702 14.5112988
S 1477399553059 13
S 1477399554044 13
L 1477399554000 35.8986441 14.5112675
S 1477399555051 13
S 1477399556043 12
L 1477399556000 35.8986596 14.5112614
S 1477399557050 12
L 1477399558000 35.8986317 14.5112459
S 1477399558049 12
L 1477399559000 35.8986427 14.5112261
S 1477399559047 12
L 1477399560000 35.8986661 14.5112178
S 1477399560056 13
S 1477399561047 12
L 1477399562000 35.8986736 14.5112043
S 1477399562053 12
L 1477399563000 35.8986495 14.5111704
S 1477399563048 12
S 1477399564043 11
L 1477399564000 35.8986371 14.5111421
S 1477399565043 13
L 1477399565000 35.8986193 14.5111297
S 1477399566050 14
S 1477399567044 14
L 1477399567000 35.8985919 14.5110936
L 1477399568000 35.8985838 14.5110862
S 1477399568050 14
S 1477399569044 14
L 1477399569000 35.8985923 14.5110885
S 1477399570044 13
L 1477399570000 35.898596 14.5110809
S 1477399571055 13
L 1477399572000 35.8985501 14.5110353
S 1477399572050 12
S 1477399573049 12
L 1477399573000 35.8985293 14.5110392
S 1477399574044 12
S 1477399575044 12
L 1477399575000 35.8985242 14.5110138
S 1477399576043 12
L 1477399576000 35.8985066 14.5110294
S 1477399577044 11
L 1477399578000 35.8984818 14.5110166
S 1477399578049 11
S 1477399579044 12
L 1477399579000 35.8984803 14.5110071
S 1477399580044 12
L 1477399580000 35.8984566 14.5109839
L 1477399581000 35.8984492 14.510963
S 1477399581050 12
L 1477399582000 35.8984464 14.5109555
S 1477399582050 12
S 1477399583052 12
S 1477399584045 12
L 1477399584000 35.8984073 14.5108796
S 1477399585049 12
L 1477399586000 35.8983916 14.5108518
S 1477399586050 12
L 1477399587000 35.8983979 14.510841
S 1477399587053 11
S 1477399588050 11
S 1477399589044 11
L 1477399589000 35.8983355 14.5107813
S 1477399590044 11
L 1477399590000 35.8983284 14.5107536
S 1477399591053 12
L 1477399592000 35.8982999 14.5107219
S 1477399592049 12
L 1477399593000 35.8983006 14.5107171
S 1477399593051 12
S 1477399594049 11
L 1477399595000 35.898246 14.5106566
S 1477399595049 11
S 1477399596044 11
L 1477399596000 35.8982475 14.5106573
S 1477399597043 12
L 1477399598000 35.8982493 14.5106355
S 1477399598051 12
S 1477399599050 12
S 1477399600043 12
L 1477399600000 35.8982316 14.5106131
S 1477399601050 12
S 1477399602044 11
L 1477399602000 35.8982444 14.5106176
L 1477399603000 35.898238 14.5106091
S 1477399603060 11
S 1477399604064 11
S 1477399605045 11
L 1477399605000 35.8982281 14.5105817
S 1477399606053 11
L 1477399607000 35.8981866 14.5105397
S 1477399607049 12
L 1477399608000 35.8981662 14.5105213
S 1477399608050 12
S 1477399609044 12
L 1477399609000 35.8981631 14.5105174
S 1477399610053 12
L 1477399611000 35.8981522 14.5104946
S 1477399611049 13
S 1477399612043 13
L 1477399612000 35.8981507 14.5104814
L 1477399613000 35.8981452 14.5104639
S 1477399613053 13
S 1477399614050 13
S 1477399615044 12
L 1477399615000 35.8980961 14.5104235
S 1477399616044 12
L 1477399617000 35.8980778 14.5103868
S 1477399617051 12
S 1477399618049 12
L 1477399619000 35.8980602 14.5103446
S 1477399619052 12
S 1477399620053 13
S 1477399621042 13
L 1477399621000 35.898065 14.5103192
L 1477399622000 35.8980825 14.5102805
S 1477399622049 13
S 1477399623048 13
L 1477399623000 35.8980842 14.5102788
S 1477399624043 13
L 1477399625000 35.8980816 14.5102402
S 1477399625052 13
S 1477399626052 13
L 1477399627000 35.89807 14.5102135
S 1477399627051 13
S 1477399628049 13
L 1477399628000 35.8980708 14.510207
S 1477399629045 13
L 1477399629000 35.8980606 14.5102019
S 1477399630051 13
L 1477399631000 35.8980659 14.5102008
S 1477399631053 13
S 1477399632045 13
L 1477399632000 35.8980682 14.5101793
S 1477399633054 13
S 1477399634044 13
L 1477399634000 35.898051 14.5101655
S 1477399635045 13
L 1477399635000 35.8980389 14.5101594
S 1477399636049 13
L 1477399636000 35.8980367 14.510124
S 1477399637055 13
S 1477399638043 13
L 1477399638000 35.8980264 14.5100995
S 1477399639049 13
L 1477399640000 35.8980275 14.5100775
S 1477399640054 12
S 1477399641048 12
L 1477399641000 35.8980185 14.5100902
S 1477399642049 12
L 1477399643000 35.898 14.5100663
S 1477399643051 12
L 1477399644000 35.8979655 14.5100872
S 1477399644049 12
L 1477399645000 35.8979808 14.5099718
S 1477399645053 12
L 1477399646000 35.897965 14.5099332
S 1477399646048 12
S 1477399647047 12
L 1477399648000 35.8979593 14.5098326
S 1477399648052 11
S 1477399649043 11
L 1477399649000 35.8979806 14.5097561
S 1477399650051 13
L 1477399651000 35.897966 14.5097263
S 1477399651054 13
L 1477399652000 35.8979549 14.5097299
S 1477399652053 13
L 1477399653000 35.8979314 14.5097644
S 1477399653065 13
S 1477399654043 13
L 1477399655000 35.8979424 14.5096613
S 1477399655050 13
L 1477399656000 35.8979681 14.5096147
S 1477399656052 13
L 1477399657000 35.8979428 14.5095999
S 1477399657051 13
L 1477399658000 35.8979202 14.5096142
S 1477399658049 13
L 1477399659000 35.8978958 14.50964
S 1477399659048 13
L 1477399660000 35.8978882 14.5096284
S 1477399660057 13
S 1477399661053 13
L 1477399662000 35.8978645 14.5096452
S 1477399662049 13
S 1477399663049 13
S 1477399664043 12
L 1477399664000 35.897873 14.5096278
S 1477399665046 12
L 1477399665000 35.8978706 14.5096254
S 1477399666043 12
S 1477399667043 12
L 1477399667000 35.8978265 14.5097221
S 1477399668050 11
L 1477399669000 35.897824 14.509695
S 1477399669056 11
S 1477399670043 12
L 1477399670000 35.8978186 14.5096939
S 1477399671046 12
S 1477399672042 12
L 1477399672000 35.8978087 14.5096896
S 1477399673047 12
S 1477399674042 12
L 1477399674000 35.8978072 14.5096787
S 1477399675049 12
L 1477399675000 35.8978075 14.509653
S 1477399676043 11
L 1477399677000 35.8977602 14.5095805
S 1477399677053 12
S 1477399678043 12
L 1477399678000 35.8977816 14.5095368
L 1477399679000 35.8977684 14.5095352
S 1477399679057 12
S 1477399680046 12
L 1477399680000 35.8977454 14.5095379
S 1477399681044 12
P 1477399681661