P 1477399457742
L 1477399458000 35.8995959 14.5125624
S 1477399457606 14
S 1477399458593 15
L 1477399459000 35.8995896 14.5125648
S 1477399459589 15
S 1477399460592 16
L 1477399461000 35.8995588 14.5125437
S 1477399461597 16
L 1477399463000 35.8995299 14.5125067
S 1477399462603 16
S 1477399463597 16
L 1477399464000 35.899506 14.5124953
S 1477399464594 16
L 1477399466000 35.899503 14.5124609
S 1477399465601 16
S 1477399466598 16
L 1477399468000 35.8995026 14.5124492
S 1477399467602 16
S 1477399468593 16
L 1477399469000 35.8995097 14.5124342
L 1477399470000 35.8994844 14.512438
S 1477399469605 16
S 1477399470598 16
L 1477399471000 35.8994808 14.5124184
L 1477399472000 35.8994665 14.5124223
S 1477399471603 14
S 1477399472600 14
S 1477399473598 14
L 1477399474000 35.8994398 14.5123996
L 1477399475000 35.899412 14.5124062
S 1477399474608 14
S 1477399475606 14
S 1477399476602 14
L 1477399477000 35.8993925 14.5123948
S 1477399477594 14
S 1477399478593 14
L 1477399479000 35.8993658 14.5123684
S 1477399479592 14
L 1477399480000 35.8993391 14.5123773
S 1477399480599 14
S 1477399481594 14
L 1477399482000 35.8993275 14.5123487
S 1477399482595 14
S 1477399483595 14
L 1477399484000 35.8993199 14.5123367
S 1477399484597 14
L 1477399485000 35.8993039 14.5123312
S 1477399485599 14
L 1477399487000 35.899297 14.5123131
S 1477399486606 14
S 1477399487597 14
S 1477399488595 14
L 1477399489000 35.8992818 14.512289
S 1477399489599 14
L 1477399490000 35.8992852 14.5122831
S 1477399490592 14
S 1477399491591 14
L 1477399492000 35.8992799 14.5122551
S 1477399492591 14
S 1477399493595 14
L 1477399494000 35.8992664 14.5122047
S 1477399494600 14
L 1477399495000 35.8992506 14.5121902
S 1477399495596 14
S 1477399496593 14
L 1477399497000 35.8992304 14.5121594
L 1477399498000 35.8992181 14.5121453
S 1477399497601 14
S 1477399498600 14
L 1477399499000 35.8992079 14.5121265
S 1477399499593 10
L 1477399500000 35.8991883 14.512113
S 1477399500592 14
L 1477399501000 35.8991753 14.5120978
S 1477399501591 14
L 1477399503000 35.8991439 14.5120845
S 1477399502599 14
S 1477399503593 14
S 1477399504596 14
L 1477399505000 35.8991214 14.5120646
L 1477399506000 35.8990991 14.5120559
S 1477399505609 14
S 1477399506607 14
S 1477399507594 16
L 1477399508000 35.899091 14.511997
S 1477399508594 16
L 1477399510000 35.8990808 14.5119401
S 1477399509601 16
S 1477399510602 16
L 1477399511000 35.8990619 14.5119239
S 1477399511596 16
L 1477399512000 35.8990499 14.511908
S 1477399512592 16
L 1477399514000 35.8990311 14.5118897
S 1477399513602 16
L 1477399515000 35.8990143 14.5118726
S 1477399514601 16
S 1477399515604 16
S 1477399516592 16
L 1477399517000 35.8989814 14.511864
S 1477399517598 16
S 1477399518592 14
L 1477399519000 35.8989779 14.5118436
S 1477399519601 14
S 1477399520587 14
L 1477399521000 35.8989714 14.5118018
S 1477399521586 14
S 1477399522590 14
L 1477399523000 35.8989251 14.5117795
L 1477399524000 35.898937 14.5117494
S 1477399523598 14
S 1477399524590 14
L 1477399526000 35.8989323 14.5117083
S 1477399525598 14
L 1477399527000 35.8989236 14.511701
S 1477399526601 14
S 1477399527591 14
L 1477399529000 35.8989008 14.5116832
S 1477399528592 14
L 1477399530000 35.8988785 14.5116689
S 1477399529598 14
L 1477399531000 35.8988716 14.5116575
S 1477399530603 14
L 1477399532000 35.8988594 14.5116515
S 1477399531596 14
S 1477399532591 14
L 1477399533000 35.8988531 14.5116322
S 1477399533591 14
L 1477399534000 35.8988274 14.5116317
S 1477399534609 14
S 1477399535590 14
L 1477399536000 35.8988229 14.5116026
S 1477399536596 14
S 1477399537594 14
L 1477399538000 35.8988195 14.5115924
S 1477399538597 14
L 1477399539000 35.8988134 14.5115838
S 1477399539589 14
S 1477399540587 14
L 1477399541000 35.898787 14.5115753
S 1477399541596 15
S 1477399542587 15
L 1477399543000 35.8987784 14.5115167
S 1477399543592 15
S 1477399544589 15
L 1477399545000 35.898756 14.5114959
L 1477399546000 35.898768 14.5114542
S 1477399545596 15
S 1477399546590 15
L 1477399547000 35.8987688 14.5114295
S 1477399547601 15
S 1477399548593 15
L 1477399549000 35.8987646 14.5114014
L 1477399550000 35.8987674 14.5114041
S 1477399549603 15
S 1477399550594 15
L 1477399551000 35.8987801 14.5113687
S 1477399551589 15
L 1477399552000 35.8987737 14.5113555
S 1477399552595 15
S 1477399553594 15
L 1477399554000 35.8987444 14.5113381
S 1477399554599 15
L 1477399556000 35.8987153 14.5113228
S 1477399555600 15
S 1477399556603 17
L 1477399557000 35.8986981 14.5113059
L 1477399558000 35.8986853 14.5112922
S 1477399557600 17
S 1477399558591 17
L 1477399559000 35.8986958 14.5112573
S 1477399559596 17
L 1477399561000 35.8986679 14.511229
S 1477399560600 17
S 1477399561598 17
L 1477399562000 35.8986586 14.5112048
S 1477399562601 16
L 1477399564000 35.8986472 14.5111683
S 1477399563610 16
S 1477399564598 16
L 1477399565000 35.8986332 14.511138
S 1477399565594 14
L 1477399567000 35.8986176 14.5111231
S 1477399566600 14
S 1477399567596 14
S 1477399568600 14
L 1477399569000 35.8985903 14.5110907
L 1477399570000 35.8985948 14.5110594
S 1477399569603 14
S 1477399570594 14
L 1477399571000 35.8985769 14.5110399
S 1477399571599 14
S 1477399572597 14
L 1477399573000 35.8985642 14.5110087
S 1477399573599 14
S 1477399574588 14
L 1477399575000 35.898547 14.5109849
S 1477399575593 14
S 1477399576599 14
L 1477399577000 35.898526 14.5109669
L 1477399578000 35.8985157 14.5109564
S 1477399577602 14
S 1477399578597 14
L 1477399580000 35.8984991 14.5109401
S 1477399579603 14
S 1477399580594 14
L 1477399581000 35.8984798 14.5109194
S 1477399581594 14
L 1477399582000 35.8984801 14.5109147
S 1477399582600 14
L 1477399584000 35.8984361 14.5108692
S 1477399583602 14
S 1477399584596 14
L 1477399585000 35.8984167 14.5108442
S 1477399585598 14
S 1477399586595 14
L 1477399587000 35.8984108 14.5108025
S 1477399587597 14
L 1477399588000 35.8983922 14.5107849
S 1477399588592 14
L 1477399589000 35.8983842 14.5107771
S 1477399589593 14
S 1477399590594 14
L 1477399591000 35.8983528 14.5107517
S 1477399591603 14
S 1477399592594 14
L 1477399593000 35.8983336 14.5107325
S 1477399593596 14
S 1477399594596 12
L 1477399595000 35.8983149 14.5107048
S 1477399595593 14
S 1477399596598 14
L 1477399597000 35.898318 14.5106673
S 1477399597605 12
L 1477399598000 35.898309 14.5106556
S 1477399598590 12
L 1477399600000 35.8983033 14.5106394
S 1477399599602 12
L 1477399601000 35.8982903 14.5106199
S 1477399600602 12
S 1477399601594 12
S 1477399602603 12
L 1477399603000 35.8982756 14.5106031
S 1477399603595 12
L 1477399604000 35.8982597 14.510581
S 1477399604597 14
S 1477399605596 12
L 1477399606000 35.8982384 14.5105447
S 1477399606599 12
L 1477399608000 35.8982293 14.5105155
S 1477399607615 12
L 1477399609000 35.8982288 14.5104995
S 1477399608600 12
S 1477399609595 12
L 1477399611000 35.8982093 14.510475
S 1477399610601 12
L 1477399612000 35.8981907 14.5104598
S 1477399611600 12
S 1477399612596 12
S 1477399613596 12
L 1477399614000 35.8981619 14.5104425
S 1477399614593 12
L 1477399615000 35.8981443 14.5104185
S 1477399615595 12
S 1477399616591 12
L 1477399617000 35.8981551 14.5103908
S 1477399617594 12
L 1477399618000 35.8981553 14.5103732
S 1477399618596 12
S 1477399619596 14
L 1477399620000 35.8981304 14.5103462
S 1477399620591 16
L 1477399621000 35.8981289 14.5103384
S 1477399621596 16
S 1477399622596 16
L 1477399623000 35.8981185 14.5103139
S 1477399623598 16
L 1477399625000 35.898113 14.5102856
S 1477399624594 16
S 1477399625602 16
L 1477399626000 35.8981013 14.5102917
L 1477399627000 35.8981056 14.5102723
S 1477399626600 16
S 1477399627592 16
L 1477399628000 35.8980954 14.5102672
S 1477399628606 16
S 1477399629602 16
L 1477399630000 35.8980779 14.5102445
S 1477399630600 16
L 1477399631000 35.8980648 14.5102444
S 1477399631602 16
S 1477399632604 16
L 1477399633000 35.8980578 14.5102207
S 1477399633593 16
S 1477399634595 16
L 1477399635000 35.8980595 14.5102063
S 1477399635605 16
L 1477399636000 35.8980589 14.5101836
L 1477399637000 35.8980271 14.5101958
S 1477399636608 16
S 1477399637592 16
L 1477399638000 35.8980439 14.5101608
S 1477399638600 16
S 1477399639591 14
L 1477399640000 35.897993 14.5101584
L 1477399641000 35.8979571 14.5101643
S 1477399640601 13
S 1477399641595 13
S 1477399642592 13
L 1477399643000 35.8979399 14.5101474
S 1477399643595 14
L 1477399645000 35.8979282 14.5101073
S 1477399644597 14
L 1477399646000 35.897898 14.5101072
S 1477399645601 14
L 1477399647000 35.8978814 14.5101035
S 1477399646607 14
L 1477399648000 35.8978658 14.510099
S 1477399647603 14
S 1477399648598 14
L 1477399649000 35.8978569 14.510103
S 1477399649597 14
L 1477399651000 35.8978339 14.5100689
S 1477399650600 15
S 1477399651592 15
L 1477399652000 35.8978174 14.5100643
S 1477399652608 15
L 1477399654000 35.8977855 14.5100665
S 1477399653604 15
S 1477399654597 15
L 1477399655000 35.8977731 14.5100483
S 1477399655594 15
L 1477399657000 35.8977742 14.5100273
S 1477399656608 15
S 1477399657603 14
L 1477399658000 35.8977778 14.509984
S 1477399658601 14
S 1477399659598 14
L 1477399660000 35.8977719 14.5099289
S 1477399660594 14
L 1477399661000 35.8977749 14.5099039
S 1477399661603 14
S 1477399662596 14
L 1477399663000 35.8977794 14.5098546
S 1477399663594 14
L 1477399664000 35.8977802 14.5098361
S 1477399664601 14
S 1477399665596 14
L 1477399666000 35.897749 14.5098187
S 1477399666592 14
L 1477399667000 35.8977352 14.5098177
L 1477399668000 35.8977299 14.5097928
S 1477399667602 14
S 1477399668595 15
L 1477399669000 35.897709 14.5098044
S 1477399669603 15
S 1477399670594 15
L 1477399671000 35.89769 14.509777
S 1477399671590 15
S 1477399672596 15
L 1477399673000 35.8976826 14.5097374
S 1477399673596 15
L 1477399674000 35.8976777 14.509691
S 1477399674585 15
L 1477399676000 35.8976842 14.509694
S 1477399675598 15
L 1477399677000 35.8976829 14.5096971
S 1477399676600 15
S 1477399677593 17
L 1477399678000 35.8976856 14.5096921
S 1477399678594 17
L 1477399679000 35.8976844 14.5096909
S 1477399679599 17
L 1477399681000 35.8976663 14.5096927
P 1477399681661