P 1477399457742
L 1477399458000 35.8995882 14.5125
S 1477399458681 11
L 1477399459000 35.8995757 14.5124954
S 1477399459682 12
S 1477399460679 12
L 1477399461000 35.8995516 14.5125025
S 1477399461680 13
L 1477399462000 35.8995469 14.5125227
S 1477399462677 12
S 1477399463681 13
L 1477399464000 35.8995408 14.5125081
S 1477399464679 10
L 1477399465000 35.8995467 14.5124967
S 1477399465679 12
L 1477399466000 35.8995521 14.512487
S 1477399466678 12
S 1477399467679 12
L 1477399468000 35.8995455 14.5124832
S 1477399468679 12
L 1477399469000 35.8995455 14.5124832
S 1477399469678 11
S 1477399470680 12
L 1477399471000 35.8995306 14.5125195
S 1477399471679 12
S 1477399472683 13
L 1477399473000 35.8995306 14.5125195
S 1477399473679 13
S 1477399474679 13
L 1477399475000 35.8995202 14.5125316
S 1477399475681 13
L 1477399476000 35.8994921 14.5125413
S 1477399476680 13
L 1477399477000 35.899465 14.5125524
S 1477399477680 13
L 1477399478000 35.8994567 14.5125346
S 1477399478678 13
S 1477399479676 12
L 1477399480000 35.8994397 14.5125154
S 1477399480678 13
L 1477399481000 35.8994371 14.5125146
S 1477399481677 12
L 1477399482000 35.8994338 14.5125134
S 1477399482676 12
S 1477399483679 13
L 1477399484000 35.8993988 14.5124663
S 1477399484675 12
S 1477399485678 13
L 1477399486000 35.8993726 14.5124466
S 1477399486675 13
S 1477399487677 12
L 1477399488000 35.8993668 14.5124469
S 1477399488675 12
S 1477399489678 12
L 1477399490000 35.8993328 14.5124103
S 1477399490676 11
S 1477399491678 13
L 1477399492000 35.8993202 14.5124048
S 1477399492675 13
S 1477399493679 13
L 1477399494000 35.8993007 14.5123879
S 1477399494676 13
S 1477399495679 12
L 1477399496000 35.8992963 14.5123873
S 1477399496677 13
S 1477399497679 12
L 1477399498000 35.8992752 14.512359
S 1477399498677 12
S 1477399499680 12
L 1477399500000 35.8992728 14.512353
S 1477399500678 12
S 1477399501680 12
L 1477399502000 35.8992515 14.5123302
S 1477399502676 12
S 1477399503680 12
L 1477399504000 35.8992405 14.5123142
S 1477399504675 12
S 1477399505690 12
L 1477399506000 35.8992157 14.5122571
S 1477399506675 12
S 1477399507678 12
L 1477399508000 35.8991809 14.5122214
S 1477399508677 13
S 1477399509678 13
L 1477399510000 35.8991656 14.5121974
S 1477399510675 12
S 1477399511676 13
L 1477399512000 35.8991547 14.5121871
S 1477399512674 13
S 1477399513678 12
L 1477399514000 35.8991113 14.5121464
S 1477399514673 13
S 1477399515676 13
L 1477399516000 35.8990917 14.5121247
S 1477399516674 13
S 1477399517676 13
L 1477399518000 35.8990628 14.512095
S 1477399518674 12
S 1477399519676 12
L 1477399520000 35.8990525 14.5120872
S 1477399520676 12
S 1477399521678 12
L 1477399522000 35.8990517 14.5120889
S 1477399522675 12
S 1477399523677 11
L 1477399524000 35.8990274 14.5121248
S 1477399524676 11
L 1477399525000 35.8990175 14.5121244
S 1477399525678 11
L 1477399526000 35.899007 14.5121231
S 1477399526677 11
S 1477399527679 11
L 1477399528000 35.89895 14.5121246
S 1477399528677 11
S 1477399529679 11
L 1477399530000 35.8988951 14.5120486
S 1477399530677 11
S 1477399531677 11
L 1477399532000 35.8988504 14.5119635
S 1477399532676 11
L 1477399533000 35.8988312 14.5119234
S 1477399533678 11
L 1477399534000 35.8988261 14.5119042
S 1477399534676 11
S 1477399535678 11
L 1477399536000 35.8988159 14.511829
S 1477399536675 11
S 1477399537678 11
L 1477399538000 35.8988096 14.5117528
S 1477399538677 11
S 1477399539678 10
L 1477399540000 35.8988087 14.5117087
S 1477399540677 10
S 1477399541678 10
L 1477399542000 35.8988008 14.5116659
S 1477399542677 10
S 1477399543678 10
L 1477399544000 35.8987926 14.5116287
S 1477399544678 9
S 1477399545679 10
L 1477399546000 35.8987839 14.5115955
S 1477399546679 10
L 1477399547000 35.8987786 14.5115894
S 1477399547680 10
L 1477399548000 35.8987734 14.5115826
S 1477399548679 10
S 1477399549685 11
L 1477399550000 35.8987695 14.5115533
S 1477399550678 10
L 1477399551000 35.8987689 14.5115378
S 1477399551678 10
L 1477399552000 35.8987649 14.511496
S 1477399552676 9
S 1477399553679 10
L 1477399554000 35.898763 14.5114653
S 1477399554676 10
S 1477399555678 11
L 1477399556000 35.8987633 14.5114359
S 1477399556676 10
S 1477399557677 10
L 1477399558000 35.8987586 14.511404
S 1477399558677 11
L 1477399559000 35.8987533 14.5113885
S 1477399559678 12
L 1477399560000 35.898742 14.5113407
S 1477399560677 11
S 1477399561676 12
L 1477399562000 35.898716 14.511272
S 1477399562677 13
L 1477399563000 35.898708 14.5112611
S 1477399563679 12
S 1477399564674 10
L 1477399565000 35.8986823 14.5112263
S 1477399565699 10
L 1477399566000 35.8986643 14.5111915
S 1477399566675 11
S 1477399567676 10
L 1477399568000 35.8986343 14.5111366
S 1477399568675 11
S 1477399569676 10
L 1477399570000 35.8986154 14.511113
S 1477399570678 10
L 1477399571000 35.8986026 14.5111019
S 1477399571678 10
L 1477399572000 35.8985822 14.5111033
S 1477399572678 10
S 1477399573679 10
L 1477399574000 35.8985637 14.5110978
S 1477399574676 10
S 1477399575679 10
L 1477399576000 35.8985452 14.5110867
S 1477399576677 9
S 1477399577678 9
L 1477399578000 35.8985273 14.5110757
S 1477399578678 11
L 1477399579000 35.8985177 14.5110622
S 1477399579678 9
L 1477399580000 35.8985088 14.5110462
S 1477399580676 10
S 1477399581679 11
L 1477399582000 35.8984893 14.5110068
S 1477399582678 10
S 1477399583681 11
L 1477399584000 35.8984712 14.5109787
S 1477399584679 12
S 1477399585678 12
L 1477399586000 35.8984499 14.5109542
S 1477399586675 11
S 1477399587677 12
L 1477399588000 35.8984269 14.5109269
S 1477399588676 11
S 1477399589679 11
L 1477399590000 35.8984082 14.5108948
S 1477399590677 11
S 1477399591676 10
L 1477399592000 35.8983893 14.5108609
S 1477399592674 10
S 1477399593679 10
L 1477399594000 35.8983843 14.5108196
S 1477399594677 10
S 1477399595680 11
L 1477399596000 35.8983934 14.5107707
S 1477399596676 10
S 1477399597678 10
L 1477399598000 35.8983818 14.5107323
S 1477399598678 10
L 1477399599000 35.8983778 14.5107156
S 1477399599678 10
L 1477399600000 35.8983734 14.5107074
S 1477399600677 10
S 1477399601677 10
L 1477399602000 35.8983686 14.5106986
S 1477399602676 10
L 1477399603000 35.8983591 14.5106919
S 1477399603679 11
L 1477399604000 35.8983464 14.510683
S 1477399604677 11
S 1477399605677 11
L 1477399606000 35.8983081 14.510644
S 1477399606677 11
S 1477399607678 11
L 1477399608000 35.8982831 14.5106237
S 1477399608677 11
S 1477399609678 11
L 1477399610000 35.8982683 14.5105854
S 1477399610680 11
L 1477399611000 35.8982401 14.5105685
S 1477399611679 11
S 1477399612676 11
L 1477399613000 35.898228 14.5105316
S 1477399613680 11
L 1477399614000 35.898216 14.51051
S 1477399614678 11
S 1477399615678 10
L 1477399616000 35.8982053 14.5104884
S 1477399616677 10
S 1477399617680 11
L 1477399618000 35.8981993 14.5104536
S 1477399618676 11
S 1477399619680 12
L 1477399620000 35.898183 14.5104051
S 1477399620679 12
S 1477399621679 12
L 1477399622000 35.8981676 14.5103699
S 1477399622676 11
S 1477399623680 11
L 1477399624000 35.8981469 14.5103228
S 1477399624675 11
S 1477399625680 11
L 1477399626000 35.8981276 14.510322
S 1477399626675 11
S 1477399627679 11
L 1477399628000 35.8981145 14.5103073
S 1477399628677 12
S 1477399629678 13
L 1477399630000 35.8980886 14.5102926
S 1477399630677 13
S 1477399631677 12
L 1477399632000 35.898058 14.5102803
S 1477399632676 12
S 1477399633680 11
L 1477399634000 35.8980335 14.5102691
S 1477399634676 10
S 1477399635683 11
L 1477399636000 35.8980141 14.5102713
S 1477399636678 11
S 1477399637681 11
L 1477399638000 35.8980018 14.5102859
S 1477399638678 11
S 1477399639680 8
L 1477399640000 35.8979816 14.5103056
S 1477399640678 9
S 1477399641682 10
L 1477399642000 35.8979587 14.5103232
S 1477399642681 10
L 1477399643000 35.897947 14.5103341
S 1477399643683 8
S 1477399644679 7
L 1477399645000 35.8979291 14.510339
S 1477399645684 10
L 1477399646000 35.8979212 14.5103315
S 1477399646679 10
S 1477399647684 11
L 1477399648000 35.8979125 14.5103002
S 1477399648679 10
L 1477399649000 35.8979121 14.5102991
S 1477399649682 10
L 1477399650000 35.8978964 14.5102838
S 1477399650680 8
S 1477399651686 11
L 1477399652000 35.8978877 14.5102756
S 1477399652680 12
S 1477399653685 10
L 1477399654000 35.8978458 14.5102507
S 1477399654679 11
S 1477399655687 12
L 1477399656000 35.8978267 14.5102336
S 1477399656680 11
S 1477399657684 11
L 1477399658000 35.8978137 14.51021
S 1477399658681 13
L 1477399659000 35.8977911 14.5101772
S 1477399659685 12
L 1477399660000 35.8977858 14.5101687
S 1477399660681 12
S 1477399661684 10
L 1477399662000 35.8977743 14.5101132
S 1477399662680 9
L 1477399663000 35.8977741 14.5100669
S 1477399663684 8
L 1477399664000 35.8977763 14.5100229
S 1477399664681 10
L 1477399665000 35.8977765 14.5100128
S 1477399665685 10
L 1477399666000 35.8977763 14.5100024
S 1477399666678 10
S 1477399667684 11
L 1477399668000 35.8977766 14.5099813
S 1477399668684 11
S 1477399669685 10
L 1477399670000 35.8977539 14.5099076
S 1477399670683 10
S 1477399671688 9
L 1477399672000 35.8977501 14.5098827
S 1477399672682 8
S 1477399673686 10
L 1477399674000 35.897723 14.5098352
S 1477399674677 0
S 1477399675680 0
S 1477399676683 0
S 1477399677682 0
S 1477399678684 6
L 1477399679000 35.8976922 14.5097643
S 1477399679684 7
L 1477399680000 35.8976897 14.5097526
S 1477399680684 9
L 1477399681000 35.8976872 14.5097408
P 1477399681661