P 1477399457742
L 1477399458000 35.8997114 14.5125877
S 1477399460500 13
L 1477399459000 35.8996929 14.5126048
S 1477399461506 12
L 1477399460000 35.8996775 14.5126097
S 1477399462505 15
L 1477399461000 35.8996614 14.5126132
S 1477399463402 15
S 1477399464506 15
L 1477399463000 35.8996246 14.5126222
S 1477399465505 14
S 1477399466503 16
L 1477399465000 35.8995822 14.5126108
S 1477399467504 15
L 1477399466000 35.899565 14.5126089
S 1477399468503 14
S 1477399469504 13
L 1477399468000 35.8995371 14.5126171
S 1477399470503 15
L 1477399469000 35.8995227 14.5126163
S 1477399471503 15
L 1477399470000 35.8995072 14.5126133
S 1477399472497 14
S 1477399473503 16
L 1477399472000 35.8994854 14.5126027
S 1477399474502 14
S 1477399475503 13
L 1477399474000 35.8994663 14.512581
S 1477399476500 12
S 1477399477501 13
L 1477399476000 35.8994458 14.5125759
S 1477399478495 13
S 1477399479501 14
L 1477399478000 35.8994238 14.5125703
S 1477399480499 14
L 1477399479000 35.8994117 14.5125668
L 1477399480000 35.8994013 14.5125603
S 1477399481506 15
S 1477399482504 14
S 1477399483499 13
L 1477399482000 35.8993755 14.5125484
S 1477399484494 15
S 1477399485496 11
L 1477399484000 35.8993506 14.5125361
S 1477399486495 14
S 1477399487496 14
L 1477399486000 35.899324 14.5125363
S 1477399488496 14
S 1477399489495 13
L 1477399488000 35.8993024 14.5125178
S 1477399490493 14
S 1477399491494 14
L 1477399490000 35.8992813 14.5125051
S 1477399492493 14
L 1477399491000 35.8992709 14.5124974
S 1477399493493 15
L 1477399492000 35.8992695 14.5124836
S 1477399494492 15
S 1477399495494 15
L 1477399494000 35.8992605 14.5124582
S 1477399496487 11
S 1477399497493 9
L 1477399496000 35.8992434 14.5124552
S 1477399498492 14
S 1477399499492 12
L 1477399498000 35.8992191 14.5124452
S 1477399500491 11
S 1477399501492 12
L 1477399500000 35.8991997 14.5124289
S 1477399502486 11
S 1477399503491 13
L 1477399502000 35.8991653 14.5124075
S 1477399504498 13
S 1477399505490 14
L 1477399504000 35.8991374 14.512375
S 1477399506487 14
S 1477399507486 12
L 1477399506000 35.8991067 14.5123375
S 1477399508484 14
S 1477399509485 13
L 1477399508000 35.8990881 14.5123057
S 1477399510486 13
L 1477399509000 35.8991246 14.5121982
S 1477399511484 16
S 1477399512483 17
L 1477399511000 35.89918 14.5120394
S 1477399513485 16
L 1477399512000 35.8991727 14.5120106
S 1477399514484 15
S 1477399515485 15
L 1477399514000 35.8991413 14.5119878
S 1477399516484 15
L 1477399515000 35.8991265 14.5119869
S 1477399517484 14
S 1477399518483 15
L 1477399517000 35.8990998 14.5119843
S 1477399519483 15
L 1477399518000 35.8990902 14.5119731
S 1477399520482 15
L 1477399519000 35.899081 14.511967
S 1477399521483 14
L 1477399520000 35.8990722 14.5119597
S 1477399522482 13
S 1477399523484 16
L 1477399522000 35.8990467 14.5119471
S 1477399524483 15
S 1477399525484 15
L 1477399524000 35.8990235 14.5119299
S 1477399526478 14
S 1477399527483 16
L 1477399526000 35.8989914 14.5119136
S 1477399528480 16
S 1477399529482 15
L 1477399528000 35.8989637 14.5118927
S 1477399530475 11
S 1477399531481 13
L 1477399530000 35.8989401 14.5118681
S 1477399532474 11
S 1477399533484 12
L 1477399532000 35.8989175 14.5118513
S 1477399534480 14
S 1477399535482 13
L 1477399534000 35.8988987 14.5118298
S 1477399536474 14
S 1477399537480 13
L 1477399536000 35.8988722 14.5118262
S 1477399538473 14
S 1477399539480 13
L 1477399538000 35.8988449 14.5118173
S 1477399540476 13
S 1477399541476 14
L 1477399540000 35.898833 14.5117817
S 1477399542475 14
S 1477399543476 12
L 1477399542000 35.8988124 14.5117609
S 1477399544469 12
S 1477399545477 12
L 1477399544000 35.8987891 14.5117439
S 1477399546478 11
S 1477399547476 12
L 1477399546000 35.8987657 14.511729
S 1477399548475 13
L 1477399547000 35.898752 14.5117284
S 1477399549475 14
L 1477399548000 35.8987392 14.5117239
S 1477399550473 12
S 1477399551475 12
L 1477399550000 35.8987174 14.5116887
S 1477399552476 13
S 1477399553474 13
L 1477399552000 35.8987125 14.5116508
S 1477399554472 12
S 1477399555474 11
L 1477399554000 35.8986997 14.5116141
S 1477399556472 12
S 1477399557474 11
L 1477399556000 35.8986804 14.5115832
S 1477399558472 11
S 1477399559473 12
L 1477399558000 35.8986591 14.5115479
S 1477399560475 14
S 1477399561472 14
L 1477399560000 35.8986872 14.5114233
S 1477399562464 12
S 1477399563473 13
L 1477399562000 35.8987001 14.5113491
S 1477399564466 15
S 1477399565467 15
L 1477399564000 35.8986907 14.511303
S 1477399566469 13
L 1477399565000 35.8986809 14.5112865
S 1477399567467 14
S 1477399568465 9
L 1477399567000 35.8986567 14.5112398
S 1477399569468 12
L 1477399568000 35.8986439 14.5112252
S 1477399570464 13
S 1477399571464 12
L 1477399570000 35.8986225 14.5112044
S 1477399572454 12
S 1477399573464 12
L 1477399572000 35.8985919 14.5111797
S 1477399574463 12
L 1477399573000 35.8985842 14.5111627
L 1477399574000 35.89857 14.5111515
S 1477399575468 11
S 1477399576461 11
S 1477399577463 11
L 1477399576000 35.8985546 14.5111254
S 1477399578459 11
S 1477399579462 8
L 1477399578000 35.8985341 14.5111065
S 1477399580467 12
S 1477399581464 12
L 1477399580000 35.8985165 14.5110863
S 1477399582462 13
S 1477399583463 12
L 1477399582000 35.8985052 14.5110651
S 1477399584458 12
S 1477399585462 14
L 1477399584000 35.8984842 14.5110408
S 1477399586448 13
S 1477399587462 9
L 1477399586000 35.8984738 14.5110135
S 1477399588460 13
L 1477399588000 35.8984649 14.5109888
S 1477399589465 13
S 1477399590463 13
S 1477399591457 10
L 1477399590000 35.8984478 14.510955
S 1477399592455 10
S 1477399593457 10
L 1477399592000 35.8984231 14.5109365
S 1477399594454 11
L 1477399594000 35.8983923 14.5109099
S 1477399595472 11
S 1477399596455 10
S 1477399597455 12
L 1477399596000 35.8983717 14.5108895
S 1477399598453 11
S 1477399599456 12
L 1477399598000 35.898355 14.5108613
S 1477399600453 11
S 1477399601455 12
L 1477399600000 35.8983325 14.5108382
S 1477399602449 13
S 1477399603453 11
L 1477399602000 35.8983603 14.5107158
S 1477399604451 12
S 1477399605453 12
L 1477399604000 35.8983449 14.5106685
S 1477399606452 11
S 1477399607452 12
L 1477399606000 35.8983116 14.5106507
S 1477399608455 11
L 1477399607000 35.8982971 14.5106484
S 1477399609453 12
S 1477399610452 11
L 1477399609000 35.8982628 14.5106281
L 1477399610000 35.8982493 14.5106143
S 1477399611458 13
S 1477399612451 13
S 1477399613453 14
L 1477399612000 35.8982076 14.5106084
S 1477399614451 15
S 1477399615453 14
L 1477399614000 35.8981802 14.5105924
S 1477399616450 11
S 1477399617452 14
L 1477399616000 35.8981556 14.5105731
S 1477399618450 13
S 1477399619452 14
L 1477399618000 35.8981371 14.5105551
S 1477399620449 14
S 1477399621449 14
L 1477399620000 35.8981064 14.5105466
S 1477399622449 13
S 1477399623452 12
L 1477399622000 35.8980735 14.5105453
S 1477399624455 14
L 1477399624000 35.8980871 14.5104664
S 1477399625451 14
S 1477399626447 14
L 1477399625000 35.8980973 14.5104271
S 1477399627450 13
L 1477399626000 35.8980951 14.5103997
S 1477399628446 14
S 1477399629450 14
L 1477399628000 35.8980951 14.5103639
S 1477399630447 16
S 1477399631449 14
L 1477399630000 35.8980804 14.5103319
S 1477399632444 14
S 1477399633445 14
L 1477399632000 35.8980537 14.5103184
S 1477399634445 16
S 1477399635447 14
L 1477399634000 35.898039 14.510305
S 1477399636445 15
S 1477399637445 10
L 1477399636000 35.8980246 14.5103026
S 1477399638446 12
S 1477399639444 11
L 1477399638000 35.8980136 14.5102965
S 1477399640445 15
L 1477399639000 35.8979965 14.5102914
S 1477399641446 13
L 1477399640000 35.8979784 14.5102911
S 1477399642445 12
S 1477399643446 13
L 1477399642000 35.8979455 14.5102798
S 1477399644446 12
L 1477399643000 35.8979294 14.5102769
S 1477399645445 11
S 1477399646440 11
L 1477399645000 35.8979042 14.510275
L 1477399646000 35.8978916 14.5102718
S 1477399647454 14
S 1477399648443 12
S 1477399649443 10
L 1477399648000 35.8978781 14.5102538
S 1477399650442 12
S 1477399651443 12
L 1477399650000 35.8978653 14.51022
S 1477399652442 14
S 1477399653444 12
L 1477399652000 35.8978499 14.5101842
S 1477399654436 10
S 1477399655443 12
L 1477399654000 35.8978401 14.5101558
S 1477399656442 13
L 1477399655000 35.8978342 14.5101432
S 1477399657441 10
L 1477399656000 35.8978262 14.5101329
S 1477399658440 14
S 1477399659451 13
L 1477399658000 35.8978 14.5101213
S 1477399660438 13
S 1477399661440 11
L 1477399660000 35.8977733 14.5101103
S 1477399662438 11
S 1477399663438 10
L 1477399662000 35.8977462 14.5100995
S 1477399664437 9
S 1477399665437 11
L 1477399664000 35.8977226 14.5100916
S 1477399666435 11
S 1477399667436 13
L 1477399666000 35.8976998 14.5100782
S 1477399668434 12
S 1477399669437 13
L 1477399668000 35.8976792 14.5100593
S 1477399670436 12
S 1477399671437 12
L 1477399670000 35.8976616 14.510035
S 1477399672435 12
S 1477399673435 13
L 1477399672000 35.8976468 14.5100039
S 1477399674434 12
S 1477399675434 10
L 1477399674000 35.897634 14.5099768
S 1477399676434 10
L 1477399675000 35.897629 14.5099598
S 1477399677436 8
L 1477399676000 35.8976194 14.5099495
S 1477399678432 10
S 1477399679434 12
L 1477399678000 35.897606 14.5099224
S 1477399680434 12
L 1477399679000 35.8975984 14.5099101
S 1477399681436 12
S 1477399682433 10
L 1477399681000 35.8975821 14.5098946
P 1477399681661