P 1477397598000
L 1477397598000 35.8988991 14.5144429
S 1477397598076 9
S 1477397599051 9
L 1477397599000 35.8989036 14.514444
S 1477397600045 9
S 1477397601048 9
L 1477397601000 35.8989178 14.5144278
S 1477397602054 9
S 1477397603048 9
L 1477397603000 35.8989726 14.5143993
S 1477397604049 9
L 1477397604000 35.8990088 14.514394
S 1477397605061 9
L 1477397606000 35.8989749 14.5143528
S 1477397606054 9
S 1477397607047 9
L 1477397607000 35.8989994 14.5143283
L 1477397608000 35.8990212 14.5143026
S 1477397608054 9
S 1477397609046 9
L 1477397610000 35.8990276 14.5143006
S 1477397610055 9
S 1477397611048 9
L 1477397611000 35.8990407 14.5142841
L 1477397612000 35.8990574 14.5142856
S 1477397612055 9
S 1477397613049 9
L 1477397613000 35.8990652 14.5142721
S 1477397614048 10
L 1477397614000 35.8990415 14.5142486
S 1477397615049 10
L 1477397615000 35.8990428 14.5142295
S 1477397616055 10
S 1477397617048 10
L 1477397617000 35.8990916 14.5142017
S 1477397618048 10
L 1477397618000 35.8990802 14.5141845
S 1477397619060 10
S 1477397620047 10
L 1477397620000 35.8991138 14.514148
S 1477397621059 9
L 1477397622000 35.8991355 14.5141592
S 1477397622056 9
L 1477397623000 35.8991539 14.5141457
S 1477397623058 11
S 1477397624047 11
L 1477397624000 35.8991789 14.5141554
P 1477397624891
