P 1477397598000
S 1477397598022 10
S 1477397598594 10
L 1477397599000 35.8988199 14.5145052
L 1477397600000 35.8988179 14.5145063
S 1477397599601 10
S 1477397600602 10
L 1477397601000 35.8988179 14.5145062
S 1477397601597 9
S 1477397602594 9
L 1477397603000 35.8988154 14.5145073
S 1477397603596 9
L 1477397605000 35.8988154 14.5145073
S 1477397604594 9
S 1477397605595 9
L 1477397606000 35.8988154 14.5145072
S 1477397606596 9
L 1477397607000 35.8988155 14.5145072
S 1477397607605 9
L 1477397608000 35.898816 14.514507
S 1477397608599 9
L 1477397610000 35.8988161 14.514507
S 1477397609612 9
S 1477397610599 9
L 1477397612000 35.8988161 14.5145069
S 1477397611598 9
S 1477397612593 9
S 1477397613596 9
L 1477397614000 35.8988161 14.5145068
L 1477397615000 35.8988161 14.5145068
S 1477397614601 9
S 1477397615594 9
L 1477397617000 35.8988161 14.5145068
S 1477397616600 9
L 1477397618000 35.8988161 14.5145068
S 1477397617597 10
S 1477397618594 11
L 1477397620000 35.8988181 14.5145059
S 1477397619597 11
S 1477397620597 11
L 1477397621000 35.8988183 14.5145002
S 1477397621592 11
L 1477397623000 35.8990295 14.5144397
S 1477397622594 12
S 1477397623598 12
L 1477397624000 35.8990452 14.5143987
P 1477397624891
