P 1477397598000
L 1477397598000 35.8988774 14.5144755
S 1477397598634 10
S 1477397599642 10
L 1477397599998 35.8988753 14.514469
S 1477397600641 10
L 1477397600998 35.8988905 14.5144546
S 1477397601644 10
S 1477397602645 10
L 1477397603000 35.8989127 14.5144398
S 1477397603644 10
L 1477397603998 35.8989244 14.5144304
S 1477397604643 10
S 1477397605643 10
L 1477397606000 35.8989466 14.5144157
S 1477397606645 10
L 1477397607000 35.8989539 14.5144118
S 1477397607642 10
S 1477397608644 10
L 1477397608998 35.8989735 14.5143841
S 1477397609644 10
S 1477397610645 10
L 1477397611000 35.8989913 14.5143629
S 1477397611642 11
S 1477397612641 11
L 1477397612998 35.8990164 14.5143453
S 1477397613646 11
L 1477397614000 35.8990249 14.5143324
S 1477397614642 11
L 1477397615000 35.899035 14.5143148
S 1477397615642 11
L 1477397615998 35.8990459 14.5143026
S 1477397616642 12
L 1477397616998 35.8990609 14.5142941
S 1477397617644 12
L 1477397618000 35.899079 14.5142882
S 1477397618643 12
L 1477397619000 35.8990912 14.514264
S 1477397619642 12
S 1477397620636 12
L 1477397620998 35.8991094 14.5142203
S 1477397621635 12
L 1477397622000 35.8991241 14.5142018
S 1477397622639 11
S 1477397623635 12
L 1477397623998 35.8991405 14.5141718
S 1477397624637 12
P 1477397624891
