P 1477397598000
L 1477397598000 35.8989103 14.5144938
S 1477397600486 10
S 1477397601492 10
L 1477397600000 35.8989103 14.5144938
S 1477397602489 11
S 1477397603489 10
L 1477397602000 35.8989375 14.5144507
S 1477397604489 10
L 1477397603000 35.8989478 14.514429
S 1477397605489 9
S 1477397606483 9
L 1477397605000 35.8989728 14.5143955
S 1477397607490 9
L 1477397606000 35.8989868 14.5143825
S 1477397608488 9
S 1477397609488 9
L 1477397608000 35.8990114 14.5143595
S 1477397610486 8
S 1477397611487 8
L 1477397610000 35.8990392 14.5143448
S 1477397612486 8
S 1477397613487 7
L 1477397612000 35.8990602 14.5143221
S 1477397614482 9
S 1477397615483 9
L 1477397614000 35.8990794 14.5143023
S 1477397616483 9
L 1477397615000 35.8990913 14.5142906
S 1477397617484 9
L 1477397616000 35.8991032 14.5142751
S 1477397618479 9
S 1477397619480 8
L 1477397618000 35.8991192 14.5142562
S 1477397620479 10
S 1477397621478 10
L 1477397620000 35.8991418 14.5142281
S 1477397622478 11
S 1477397623478 10
L 1477397622000 35.8991708 14.5142087
S 1477397624480 11
L 1477397623000 35.8991764 14.5141925
S 1477397625482 10
L 1477397624000 35.8991927 14.5141864
P 1477397624891
