P 1477397833378
L 1477397834000 35.8989092 14.514512
S 1477397834054 12
S 1477397835045 10
L 1477397835000 35.8989115 14.5144939
S 1477397836053 10
L 1477397837000 35.8989156 14.5144662
S 1477397837052 10
L 1477397838000 35.898932 14.5144536
S 1477397838055 10
S 1477397839048 11
L 1477397839000 35.8989253 14.5144303
S 1477397840049 11
L 1477397840000 35.8989316 14.5144152
S 1477397841046 11
L 1477397841000 35.8989444 14.5143999
S 1477397842048 11
L 1477397842000 35.8989496 14.5143839
S 1477397843046 11
L 1477397844000 35.8989923 14.5143652
S 1477397844053 11
L 1477397845000 35.8990023 14.51435
S 1477397845057 11
S 1477397846050 11
L 1477397846000 35.8989709 14.5143255
S 1477397847055 11
L 1477397848000 35.8990031 14.5142875
S 1477397848061 11
S 1477397849056 11
S 1477397850047 11
L 1477397850000 35.8990401 14.5142512
S 1477397851051 11
L 1477397852000 35.8990313 14.5142097
S 1477397852053 11
L 1477397853000 35.8990396 14.5142108
S 1477397853057 13
S 1477397854049 13
L 1477397854000 35.899088 14.5142198
S 1477397855056 12
S 1477397856047 12
L 1477397856000 35.8991359 14.5142102
S 1477397857053 13
S 1477397858051 13
L 1477397858000 35.8991758 14.5141911
S 1477397859049 11
L 1477397859000 35.8991831 14.514169
S 1477397860046 12
L 1477397861000 35.8992064 14.5141457
S 1477397861054 12
P 1477397861760
