P 1477397833378
L 1477397834000 35.8988782 14.5145244
L 1477397835000 35.8988953 14.5144935
S 1477397834598 13
S 1477397835599 13
L 1477397837000 35.8989246 14.5144575
S 1477397836600 13
S 1477397837603 13
L 1477397838000 35.8989352 14.5144488
L 1477397839000 35.898942 14.5144274
S 1477397838610 13
S 1477397839601 13
L 1477397841000 35.8989748 14.5144159
S 1477397840601 13
S 1477397841594 13
L 1477397842000 35.8989989 14.5143973
L 1477397843000 35.8990113 14.5143942
S 1477397842605 13
S 1477397843608 13
L 1477397844000 35.8990158 14.5143722
S 1477397844604 13
L 1477397846000 35.899047 14.514351
S 1477397845601 13
L 1477397847000 35.8990478 14.5143347
S 1477397846609 11
L 1477397848000 35.8990223 14.5143388
S 1477397847608 11
S 1477397848604 11
L 1477397849000 35.8990309 14.5143299
S 1477397849612 11
S 1477397850600 11
L 1477397851000 35.8990384 14.5143285
S 1477397851597 11
S 1477397852591 11
L 1477397853000 35.8990475 14.5143264
S 1477397853594 12
S 1477397854592 12
L 1477397855000 35.8990552 14.5143335
S 1477397855590 12
L 1477397857000 35.8990579 14.5143203
S 1477397856603 12
S 1477397857597 11
L 1477397858000 35.8990686 14.5143226
L 1477397859000 35.8990483 14.5143051
S 1477397858605 11
S 1477397859596 11
S 1477397860592 11
L 1477397861000 35.8991867 14.5142712
P 1477397861760
