P 1477397833378
L 1477397834000 35.8988526 14.5144611
S 1477397834639 10
L 1477397835000 35.8988672 14.5144497
S 1477397835636 10
S 1477397836644 10
L 1477397836998 35.8988892 14.5144282
S 1477397837647 10
L 1477397838000 35.8988997 14.5144167
S 1477397838646 10
S 1477397839644 10
L 1477397839998 35.8989242 14.5144098
S 1477397840644 10
L 1477397840998 35.8989311 14.5144068
S 1477397841645 10
L 1477397842000 35.8989425 14.5143985
S 1477397842644 10
S 1477397843644 10
L 1477397843998 35.8989548 14.5143821
S 1477397844646 10
L 1477397844998 35.8989629 14.5143848
S 1477397845637 10
S 1477397846641 11
L 1477397847000 35.8989942 14.5143585
S 1477397847635 11
S 1477397848640 11
L 1477397848998 35.8990218 14.5143253
S 1477397849636 11
S 1477397850636 11
L 1477397851000 35.8990503 14.5142892
S 1477397851636 11
L 1477397851998 35.8990625 14.5142747
S 1477397852636 10
L 1477397852998 35.8990674 14.5142665
S 1477397853636 10
L 1477397854000 35.8990698 14.5142647
S 1477397854639 12
L 1477397855000 35.8990771 14.5142608
S 1477397855637 11
S 1477397856636 11
L 1477397856998 35.8990893 14.5142541
S 1477397857640 11
L 1477397858000 35.8990928 14.5142534
S 1477397858639 11
L 1477397859000 35.8990994 14.5142406
S 1477397859644 12
L 1477397859998 35.8991089 14.5142246
P 1477397861760
