P 1477397833378
L 1477397834000 35.8989115 14.5144883
S 1477397836428 12
L 1477397835000 35.8989233 14.5144695
S 1477397837427 11
L 1477397836000 35.8989262 14.5144601
S 1477397838426 12
L 1477397838000 35.8989457 14.5144309
S 1477397839434 10
S 1477397840423 11
S 1477397841425 10
L 1477397840000 35.8989676 14.5144039
S 1477397842425 10
L 1477397841000 35.8989821 14.5143897
S 1477397843423 10
S 1477397844422 10
L 1477397843000 35.8990083 14.5143679
S 1477397845423 9
L 1477397844000 35.8990271 14.5143545
S 1477397846421 9
S 1477397847422 10
L 1477397846000 35.899053 14.5143293
S 1477397848420 11
S 1477397849421 9
L 1477397848000 35.8990726 14.5143216
S 1477397850416 10
S 1477397851416 10
L 1477397850000 35.8990861 14.5142964
S 1477397852417 9
L 1477397851000 35.8990941 14.5142847
S 1477397853419 9
L 1477397852000 35.8990999 14.5142709
S 1477397854421 8
S 1477397855519 9
L 1477397854000 35.8991219 14.5142438
S 1477397856416 9
S 1477397857417 10
L 1477397856000 35.899145 14.5142148
S 1477397858417 10
L 1477397857000 35.8991549 14.5142003
S 1477397859422 12
L 1477397858000 35.8991639 14.5141837
S 1477397860516 12
L 1477397859000 35.8991605 14.5141516
S 1477397861516 12
S 1477397862514 13
L 1477397861000 35.8991821 14.5141444
P 1477397861760
