1476781538249 100 4270 0 0
1476782443149 100 4267 0 0
1476783343167 100 4255 0 0
1476784243121 100 4276 0 0
1476785143243 100 4275 0 0
1476786043146 100 4273 0 0
1476786943210 100 4269 0 0
1476787842575 100 4266 0 0
1476788742586 100 4264 0 0
1476789643217 100 4263 0 0
1476790542586 100 4261 0 0
1476791442742 99 4260 0 0
1476792343214 99 4257 0 0
1476793243165 99 4270 0 0
1476794142574 99 4250 0 0
1476795042577 99 4260 0 0
1476795943280 99 4260 0 0
1476796842587 99 4244 0 0
1476797743150 99 4261 0 0
1476798643135 99 4257 0 0
1476799543222 99 4257 0 0
1476800443404 99 4257 0 0
1476801343257 99 4264 0 0
1476802243133 99 4261 0 0
1476803143201 99 4260 0 0
1476804042577 99 4260 0 0
1476804943162 99 4257 0 0
1476805843134 99 4251 0 0
1476806743161 99 4254 0 0
1476807643228 99 4252 0 0
1476808542576 99 4252 0 0
1476809442578 99 4254 0 0
1476810343151 99 4258 0 0
1476811243300 99 4257 0 0
1476812143173 99 4254 0 0
1476813043135 99 4252 0 0
1476813943342 99 4252 0 0
1476814843248 98 4242 0 0
1476815743178 98 4248 0 0
1476816643134 98 4248 0 0
1476817543236 98 4250 0 0
1476818443137 98 4255 0 0
1476819342586 98 4254 0 0
1476820243134 98 4250 0 0
1476821143177 98 4251 0 0
1476822043258 98 4244 0 0
1476822943216 98 4247 0 0
1476823843141 98 4245 0 0
1476824742587 98 4245 0 0
1476825643150 98 4244 0 0
1476826543148 98 4251 0 0
1476827443132 98 4248 0 0
1476828343214 98 4239 0 0
1476829243233 98 4244 0 0
1476830143171 98 4244 0 0
1476831043133 98 4241 0 0
1476831943160 98 4233 0 0
1476832843240 98 4229 0 0
1476833743252 98 4239 0 0
1476834643127 98 4244 0 0
1476835543192 98 4247 0 0
1476836443436 98 4244 0 0
1476837343198 98 4239 0 0
1476838243134 97 4241 0 0
1476839143309 97 4241 0 0
1476840043235 97 4238 0 0
1476840943146 97 4235 0 0
1476841843135 97 4245 0 0
1476842743199 97 4244 0 0
1476843643392 97 4242 0 0
1476844543228 97 4239 0 0
1476845443185 97 4235 0 0
1476846343264 97 4236 0 0
1476847242673 97 4233 0 0
1476848143146 97 4233 0 0
1476849043126 97 4232 0 0
1476849943178 97 4233 0 0
1476850843215 97 4239 0 0
1476851743159 97 4238 0 0
1476852643129 97 4233 0 0
1476853543224 97 4233 0 0
1476854443227 97 4232 0 0
1476855343219 97 4229 0 0
1476856243133 97 4227 0 0
1476857143229 97 4229 0 0
1476858043397 97 4236 0 0
1476858943183 97 4235 0 0
1476859843133 97 4232 0 0
1476860743147 96 4227 0 0
1476861643251 96 4229 0 0
1476862543234 96 4226 0 0
1476863443123 96 4224 0 0
1476864343154 96 4224 0 0
1476865243146 96 4220 0 0
1476866143157 96 4209 0 0
1476867043161 96 4229 0 0
1476867943150 96 4230 0 0
1476868843232 96 4227 0 0
1476869743217 96 4224 0 0
1476870643123 96 4223 0 0
1476871543240 96 4224 0 0
1476872443172 96 4220 0 0
1476873343249 96 4218 0 0
1476874243132 96 4227 0 0
1476875143154 96 4227 0 0
1476876043138 96 4218 0 0
1476876943189 96 4220 0 0
1476877843132 96 4221 0 0
1476878743280 96 4220 0 0
1476879643175 96 4218 0 0
1476880543193 96 4209 0 0
1476881443133 95 4215 0 0
1476882343137 95 4217 0 0
1476883243217 95 4223 0 0
1476884142584 95 4220 0 0
1476885043159 95 4215 0 0
1476885943166 95 4214 0 0
1476886843155 95 4215 0 0
1476887743234 95 4212 0 0
1476888643133 95 4211 0 0
1476889543207 95 4211 0 0
1476890443252 95 4211 0 0
1476891343138 95 4218 0 0
1476892243123 95 4215 0 0
1476893143143 95 4214 0 0
1476894043243 95 4212 0 0
1476894943255 95 4209 0 0
1476895843132 95 4206 0 0
1476896743168 95 4208 0 0
1476897643142 95 4200 0 0
1476898543176 95 4206 0 0
1476899442576 95 4209 0 0
1476900343197 95 4214 0 0
1476901243221 95 4212 0 0
1476902143176 95 4202 0 0
1476903042576 94 4203 0 0
1476903943213 94 4208 0 0
1476904843347 94 4205 0 0
1476905743181 94 4202 0 0
1476906642576 94 4200 0 0
1476907543145 94 4205 0 0
1476908443211 94 4211 0 0
1476909343158 94 4206 0 0
1476910242576 94 4202 0 0
1476911143231 94 4205 0 0
1476912043137 94 4203 0 0
1476912943194 94 4200 0 0
1476913842575 94 4185 0 0
1476914743283 94 4194 0 0
1476915643231 94 4190 0 0
1476916543178 94 4205 0 0
1476917442576 94 4199 0 0
1476918343211 94 4203 0 0
1476919243188 94 4199 0 0
1476920143231 94 4194 0 0
1476921042575 94 4194 0 0
1476921943145 94 4197 0 0
1476922843238 94 4194 0 0
1476923743193 94 4203 0 0
1476924642577 94 4196 0 0
1476925543218 94 4200 0 0
1476926443373 93 4199 0 0
1476927343188 93 4194 0 0
1476928242576 93 4179 0 0
1476929143150 93 4193 0 0
1476930043234 93 4191 0 0
1476930943193 93 4178 0 0
1476931842575 93 4194 0 0
1476932743237 93 4199 0 0
1476933643145 93 4196 0 0
1476934543201 93 4193 0 0
1476935442575 93 4190 0 0
1476936343156 93 4193 0 0
1476937243210 93 4190 0 0
1476938143223 93 4187 0 0
1476939043143 93 4191 0 0
1476939943179 93 4194 0 0
1476940843139 93 4193 0 0
1476941743208 93 4191 0 0
1476942643121 93 4181 0 0
1476943543184 93 4187 0 0
1476944443269 93 4184 0 0
1476945343156 93 4184 0 0
1476946242576 93 4184 0 0
1476947142587 92 4181 0 0
1476948039658 92 4181 0 0
1476948939531 92 4182 0 0
1476949839233 92 4187 0 0
1476950739588 92 4185 0 0
1476951639490 92 4184 0 0
1476952539549 92 4181 0 0
1476953439476 92 4179 0 0
1476954339660 92 4164 0 0
1476955239632 92 4169 0 0
1476956139512 92 4166 0 0
1476957039478 92 4175 0 0
1476957939232 92 4184 0 0
1476958839497 92 4184 0 0
1476959739549 92 4179 0 0
1476960639247 92 4182 0 0
1476961539229 92 4182 0 0
1476962439317 92 4181 0 0
1476963339218 92 4172 0 0
1476964239206 92 4175 0 0
1476965139379 92 4176 0 0
1476966039345 91 4167 0 0
1476966938925 91 4172 0 0
1476967832895 91 4169 0 0
1476968738903 91 4169 0 0
1476969638907 91 4176 0 0
1476970538519 91 4173 0 0
1476971438863 91 4172 0 0
1476972338906 91 4170 0 0
1476973239055 91 4170 0 0
1476974138403 91 4167 0 0
1476975038397 91 4163 0 0
1476975939418 91 4164 0 0
1476976839408 91 4161 0 0
1476977739476 91 4158 0 0
1476978638926 91 4170 0 0
1476979539500 91 4167 0 0
1476980439456 91 4166 0 0
1476981339512 91 4163 0 0
1476982239424 90 4163 0 0
1476983139438 90 4163 0 0
1476984039505 90 4161 0 0
1476984939421 90 4155 0 0
1476985839404 90 4148 0 0
1476986739490 90 4145 0 0
1476987639407 90 4167 0 0
1476988539440 90 4163 0 0
1476989439392 90 4160 0 0
1476990338824 90 4161 0 0
1476991239516 90 4157 0 0
1476992139425 90 4155 0 0
1476993038813 90 4148 0 0
1476993938814 90 4155 0 0
1476994839409 90 4154 0 0
1476995739426 90 4161 0 0
1476996639406 90 4160 0 0
1476997539425 90 4154 0 0
1476998439593 90 4157 0 0
1476999339496 90 4154 0 0
1477000238816 90 4146 0 0
1477001139485 90 4146 0 0
1477002039415 90 4151 0 0
1477002939439 90 4158 0 0
1477003839401 90 4157 0 0
1477004739497 89 4157 0 0
1477005639571 89 4154 0 0
1477006539490 89 4152 0 0
1477007439404 89 4143 0 0
1477008338826 89 4149 0 0
1477009239485 89 4146 0 0
1477010139431 89 4137 0 0
1477011039413 89 4155 0 0
1477011938984 89 4154 0 0
1477012838871 89 4143 0 0
1477013739494 89 4149 0 0
1477014638815 89 4146 0 0
1477015538824 89 4145 0 0
1477016439496 89 4146 0 0
1477017339430 89 4137 0 0
1477018239427 89 4142 0 0
1477019138824 89 4142 0 0
1477020039683 89 4152 0 0
1477020939419 89 4149 0 0
1477021839426 89 4146 0 0
1477022738824 89 4145 0 0
1477023639447 89 4143 0 0
1477024539502 89 4142 0 0
1477025439394 89 4142 0 0
1477026339437 89 4139 0 0
1477027239466 89 4140 0 0
1477028139536 88 4148 0 0
1477029038827 88 4145 0 0
1477029939418 88 4142 0 0
1477030839501 88 4140 0 0
1477031739447 88 4139 0 0
1477032639414 88 4137 0 0
