P 1477399159062
L 1477399160000 35.8977027 14.5094555
S 1477399160052 13
L 1477399161000 35.8976968 14.5094011
S 1477399161053 12
S 1477399162049 14
L 1477399163000 35.8976975 14.5093318
S 1477399163051 14
L 1477399164000 35.8977212 14.5093416
S 1477399164050 14
S 1477399165049 14
S 1477399166044 14
L 1477399166000 35.8977508 14.5093485
S 1477399167050 15
L 1477399168000 35.8977866 14.5093693
S 1477399168052 14
L 1477399169000 35.897806 14.5093583
S 1477399169052 14
L 1477399170000 35.8978069 14.5093752
S 1477399170053 15
S 1477399171052 15
S 1477399172043 15
L 1477399172000 35.8978112 14.5093338
S 1477399173043 14
S 1477399174045 14
L 1477399174000 35.8978307 14.509306
S 1477399175043 14
S 1477399176044 15
L 1477399176000 35.8978609 14.5092922
S 1477399177052 15
S 1477399178044 15
L 1477399178000 35.8978791 14.5092567
S 1477399179049 15
S 1477399180045 14
L 1477399180000 35.8979085 14.5092346
S 1477399181044 14
L 1477399181000 35.8979157 14.5092117
S 1477399182047 12
S 1477399183045 10
L 1477399183000 35.8979422 14.5091766
S 1477399184051 10
S 1477399185044 10
L 1477399185000 35.8979379 14.509138
S 1477399186047 10
L 1477399187000 35.8979438 14.5091248
S 1477399187067 10
S 1477399188058 11
L 1477399189000 35.897975 14.509146
S 1477399189053 11
S 1477399190044 11
L 1477399190000 35.8979967 14.5091374
S 1477399191051 11
S 1477399192043 11
L 1477399192000 35.8980098 14.5091198
S 1477399193043 11
L 1477399193000 35.8980271 14.5091092
P 1477399193108