P 1477399159062
L 1477399159000 35.897698 14.5095065
S 1477399158599 16
L 1477399160000 35.8976977 14.5095058
S 1477399159599 16
S 1477399160596 16
L 1477399161000 35.897699 14.5095051
L 1477399162000 35.8976984 14.5095053
S 1477399161608 16
S 1477399162596 16
L 1477399163000 35.8976986 14.5095058
S 1477399163602 16
S 1477399164603 16
L 1477399165000 35.8976985 14.5095041
S 1477399165593 16
S 1477399166600 16
L 1477399167000 35.8976979 14.5095028
L 1477399168000 35.8976977 14.5095026
S 1477399167594 15
L 1477399169000 35.8976975 14.5095022
S 1477399168599 16
L 1477399170000 35.8976975 14.5095021
S 1477399169595 16
S 1477399170592 16
L 1477399172000 35.8976975 14.5095019
S 1477399171600 16
S 1477399172594 16
S 1477399173593 16
L 1477399174000 35.8976976 14.5095018
S 1477399174595 16
L 1477399175000 35.8976977 14.5095018
S 1477399175589 16
S 1477399176591 15
L 1477399177000 35.8977269 14.5094616
L 1477399178000 35.8977467 14.5094308
S 1477399177600 15
S 1477399178590 15
L 1477399179000 35.8977747 14.5094274
S 1477399179596 13
S 1477399180596 13
L 1477399181000 35.897799 14.5093878
S 1477399181595 13
S 1477399182597 13
L 1477399183000 35.8978591 14.5093949
S 1477399183597 13
L 1477399184000 35.8978737 14.5093637
S 1477399184605 13
L 1477399185000 35.8978855 14.5093474
S 1477399185598 12
L 1477399186000 35.8978938 14.5093255
S 1477399186602 12
S 1477399187595 12
L 1477399188000 35.8979165 14.5093222
S 1477399188596 12
L 1477399189000 35.8979356 14.5092925
S 1477399189599 12
L 1477399190000 35.8979436 14.5092556
S 1477399190600 11
S 1477399191597 11
L 1477399192000 35.8979836 14.5092451
L 1477399193000 35.8980023 14.5092299
P 1477399193108