P 1477399159062
L 1477399159000 35.897655 14.5095489
S 1477399159672 13
L 1477399160000 35.8976595 14.509551
S 1477399160669 13
L 1477399161000 35.8976647 14.5095357
S 1477399161669 13
S 1477399162668 13
L 1477399163000 35.8976792 14.5095261
S 1477399163669 13
L 1477399164000 35.8976861 14.5095252
S 1477399164667 13
S 1477399165669 13
L 1477399166000 35.8977021 14.5095115
S 1477399166669 13
L 1477399167000 35.8977111 14.5095025
S 1477399167670 13
L 1477399168000 35.8977175 14.5094991
S 1477399168669 13
L 1477399169000 35.8977254 14.5094912
S 1477399169669 13
L 1477399170000 35.8977312 14.5094771
S 1477399170669 12
S 1477399171672 12
L 1477399172000 35.897738 14.5094403
S 1477399172670 12
S 1477399173672 12
L 1477399174000 35.8977461 14.5094049
S 1477399174672 13
L 1477399175000 35.8977529 14.5093804
S 1477399175674 11
L 1477399176000 35.8977673 14.5093648
S 1477399176672 11
S 1477399177674 11
L 1477399178000 35.8977982 14.5093382
S 1477399178671 10
S 1477399179674 11
L 1477399180000 35.8978071 14.5093048
S 1477399180672 10
S 1477399181674 10
L 1477399182000 35.8978301 14.5092825
S 1477399182673 10
S 1477399183675 10
L 1477399184000 35.8978458 14.5092493
S 1477399184674 12
L 1477399185000 35.8978449 14.5092171
S 1477399185676 12
L 1477399186000 35.8978449 14.5092171
S 1477399186673 12
S 1477399187675 10
L 1477399188000 35.8978255 14.509144
S 1477399188674 11
S 1477399189675 10
L 1477399190000 35.8978282 14.5091066
S 1477399190677 11
L 1477399191000 35.8978347 14.5090996
S 1477399191673 11
S 1477399192673 12
L 1477399193000 35.8978797 14.5090984
P 1477399193108