P 1477399159062
L 1477399160000 35.8976308 14.5096171
S 1477399162503 17
L 1477399161000 35.8976342 14.5096173
S 1477399163503 14
L 1477399162000 35.8976372 14.509615
S 1477399164499 13
S 1477399165502 15
L 1477399164000 35.8976537 14.5096025
S 1477399166503 15
L 1477399165000 35.8976585 14.5095885
S 1477399167501 15
S 1477399168511 12
L 1477399167000 35.8976689 14.5095581
S 1477399169500 13
S 1477399170499 13
L 1477399169000 35.8976805 14.5095419
S 1477399171505 14
S 1477399172498 12
L 1477399171000 35.8976921 14.5095346
S 1477399173496 13
S 1477399174495 12
L 1477399173000 35.8976921 14.5095346
S 1477399175496 12
L 1477399174000 35.8977094 14.5095218
S 1477399176498 12
S 1477399177496 13
L 1477399176000 35.8977231 14.5094913
S 1477399178496 13
L 1477399177000 35.8977289 14.5094745
S 1477399179494 12
L 1477399178000 35.8977379 14.5094665
S 1477399180494 12
S 1477399181494 13
L 1477399180000 35.8977564 14.5094325
S 1477399182493 12
S 1477399183494 12
L 1477399182000 35.8977757 14.5093921
S 1477399184494 12
L 1477399183000 35.8977822 14.5093789
S 1477399185494 15
L 1477399184000 35.8977896 14.509368
S 1477399186492 14
S 1477399187492 13
L 1477399186000 35.8977935 14.5093397
S 1477399188494 14
S 1477399189492 11
L 1477399188000 35.897811 14.5093036
S 1477399190493 11
L 1477399189000 35.8978096 14.5092581
S 1477399191490 10
S 1477399192489 12
L 1477399191000 35.8978123 14.5091803
S 1477399193491 14
L 1477399192000 35.8978159 14.5091499
P 1477399193108