P 1477399681661
S 1477399682048 13
L 1477399682000 35.8977543 14.5095478
S 1477399683043 14
L 1477399684000 35.8977657 14.5095457
S 1477399684052 14
L 1477399685000 35.8977722 14.5095302
S 1477399685047 14
S 1477399686049 14
S 1477399687043 13
L 1477399687000 35.8977847 14.5095083
S 1477399688045 11
L 1477399688000 35.8978133 14.5095278
S 1477399689043 11
S 1477399690043 11
L 1477399690000 35.8978326 14.5095142
S 1477399691042 11
S 1477399692044 11
L 1477399692000 35.8978231 14.5094726
S 1477399693044 11
L 1477399693000 35.8978225 14.509431
S 1477399694051 13
S 1477399695044 14
L 1477399695000 35.8978464 14.5093829
S 1477399696045 14
S 1477399697043 14
L 1477399697000 35.8978811 14.5093697
L 1477399698000 35.897891 14.509344
S 1477399698050 14
S 1477399699049 14
S 1477399700042 13
L 1477399700000 35.8979063 14.5093244
S 1477399701042 12
L 1477399701000 35.8979073 14.5093118
S 1477399702043 13
L 1477399703000 35.897924 14.5093014
S 1477399703049 13
S 1477399704044 14
L 1477399705000 35.8979293 14.509241
S 1477399705050 14
S 1477399706049 14
L 1477399707000 35.8979409 14.5092128
S 1477399707048 13
L 1477399708000 35.8979592 14.509199
S 1477399708050 12
L 1477399709000 35.897982 14.5092075
S 1477399709050 12
S 1477399710042 9
L 1477399710000 35.8980038 14.5091956
S 1477399711049 9
S 1477399712043 9
L 1477399712000 35.8980506 14.5092152
S 1477399713043 10
L 1477399713000 35.898082 14.5092148
S 1477399714056 10
L 1477399715000 35.8980979 14.509169
S 1477399715049 10
L 1477399716000 35.8980978 14.5091532
P 1477399717000