P 1477399681661
L 1477399682000 35.8977021 14.5096521
S 1477399682596 17
L 1477399683000 35.8977239 14.5096453
S 1477399683601 17
S 1477399684609 17
L 1477399685000 35.8977502 14.5096187
S 1477399685601 17
L 1477399687000 35.8977737 14.5095992
S 1477399686598 17
S 1477399687598 17
L 1477399688000 35.8977852 14.5095707
S 1477399688596 17
L 1477399690000 35.8977886 14.5095446
S 1477399689603 17
S 1477399690593 17
L 1477399691000 35.8977868 14.5095237
S 1477399691598 17
L 1477399693000 35.8978017 14.509487
S 1477399692592 15
S 1477399693595 15
L 1477399694000 35.8978126 14.5095015
S 1477399694589 15
L 1477399695000 35.8978077 14.5094873
S 1477399695592 17
L 1477399696000 35.8978386 14.5094753
S 1477399696590 15
L 1477399698000 35.897864 14.5094428
S 1477399697602 15
S 1477399698591 15
S 1477399699589 15
L 1477399700000 35.8979048 14.5094261
S 1477399700593 15
L 1477399701000 35.8978992 14.509411
S 1477399701594 15
S 1477399702583 15
L 1477399703000 35.8979244 14.5093942
S 1477399703595 15
L 1477399705000 35.897956 14.5094052
S 1477399704595 15
L 1477399706000 35.8979681 14.5093851
S 1477399705594 17
S 1477399706591 15
L 1477399707000 35.8979702 14.5093684
S 1477399707589 16
L 1477399709000 35.8979643 14.5093096
S 1477399708593 16
S 1477399709591 18
L 1477399710000 35.8979661 14.5093089
S 1477399710587 16
S 1477399711587 16
L 1477399712000 35.8979468 14.509239
S 1477399712591 16
L 1477399713000 35.897964 14.5092414
L 1477399714000 35.8979744 14.5092302
S 1477399713619 16
S 1477399714599 15
L 1477399716000 35.8979763 14.5092348
P 1477399717000