P 1477399681661
L 1477399682000 35.8976791 14.5096964
S 1477399682686 10
L 1477399683000 35.8976976 14.5096425
S 1477399683683 11
S 1477399684685 11
L 1477399685000 35.8977665 14.509577
S 1477399685683 11
S 1477399686682 10
L 1477399687000 35.8977888 14.5095573
S 1477399687683 11
S 1477399688686 11
L 1477399689000 35.8978127 14.5095359
S 1477399689680 11
S 1477399690680 11
L 1477399691000 35.8978135 14.5095239
S 1477399691681 10
L 1477399692000 35.8978172 14.5095106
S 1477399692680 11
S 1477399693681 11
L 1477399694000 35.8978262 14.5094688
S 1477399694680 9
L 1477399695000 35.8978322 14.5094502
S 1477399695680 9
S 1477399696681 9
L 1477399697000 35.8978513 14.5094161
S 1477399697681 10
S 1477399698681 10
L 1477399699000 35.8978789 14.5094025
S 1477399699680 8
L 1477399700000 35.8978863 14.5093832
S 1477399700680 9
L 1477399701000 35.8978904 14.5093746
S 1477399701681 9
S 1477399702682 10
L 1477399703000 35.8979121 14.5093704
S 1477399703681 9
S 1477399704680 8
L 1477399705000 35.8979428 14.5093829
S 1477399705682 8
L 1477399706000 35.8979342 14.509328
S 1477399706681 8
S 1477399707679 8
L 1477399708000 35.8979655 14.5093203
S 1477399708680 8
L 1477399709000 35.8979824 14.5093219
S 1477399709682 8
L 1477399710000 35.8979984 14.509316
S 1477399710680 7
S 1477399711680 8
L 1477399712000 35.898023 14.5092907
S 1477399712682 8
L 1477399713000 35.8980381 14.5092801
S 1477399713678 8
S 1477399714680 8
L 1477399715000 35.8980451 14.5092374
S 1477399715684 9
L 1477399716000 35.8980628 14.5092408
P 1477399717000