P 1477399681661
L 1477399682000 35.8975832 14.5098794
S 1477399684433 15
S 1477399685434 15
L 1477399684000 35.8976136 14.5097998
S 1477399686432 13
L 1477399685000 35.8976267 14.5097593
S 1477399687433 14
L 1477399686000 35.8976341 14.5097269
S 1477399688430 13
S 1477399689432 15
L 1477399688000 35.8976637 14.5096573
S 1477399690430 14
S 1477399691431 13
L 1477399690000 35.8976888 14.5096038
S 1477399692429 11
S 1477399693432 14
L 1477399692000 35.8977168 14.50955
S 1477399694429 12
S 1477399695432 13
L 1477399694000 35.8977168 14.50955
S 1477399696430 13
S 1477399697425 13
L 1477399696000 35.897749 14.5095056
S 1477399698428 12
L 1477399697000 35.8977621 14.5094953
S 1477399699425 12
S 1477399700424 12
L 1477399699000 35.8977814 14.5094621
S 1477399701430 11
L 1477399700000 35.8977949 14.5094438
S 1477399702426 10
S 1477399703425 9
L 1477399702000 35.8978091 14.5093916
S 1477399704419 13
S 1477399705424 9
L 1477399704000 35.8978127 14.5093377
S 1477399706424 11
L 1477399705000 35.8978201 14.5093101
S 1477399707425 12
L 1477399706000 35.8978332 14.509288
S 1477399708423 12
S 1477399709423 12
L 1477399708000 35.897853 14.5092478
S 1477399710421 12
S 1477399711421 13
L 1477399710000 35.8978743 14.5092344
L 1477399711000 35.8978743 14.5092344
S 1477399712432 11
S 1477399713424 12
L 1477399712000 35.8978743 14.5092344
S 1477399714418 10
S 1477399715421 11
L 1477399714000 35.8979315 14.5092444
L 1477399715000 35.8979471 14.5092455
S 1477399716425 11
S 1477399717430 12
S 1477399718420 13
L 1477399717000 35.8979986 14.5092637
P 1477399717000