P 1477398640354
L 1477398642000 35.898583 14.5110897
S 1477398642052 12
S 1477398643045 12
L 1477398643000 35.8985794 14.5110936
L 1477398644000 35.8985667 14.5111089
S 1477398644053 12
L 1477398645000 35.898575 14.5111043
S 1477398645060 12
S 1477398646051 12
S 1477398647045 12
L 1477398647000 35.8985268 14.5111402
S 1477398648051 12
L 1477398649000 35.8985214 14.5111819
S 1477398649053 12
S 1477398650048 9
L 1477398650000 35.8985536 14.5112055
S 1477398651053 10
S 1477398652045 10
L 1477398652000 35.8985438 14.511249
S 1477398653046 10
L 1477398654000 35.8984615 14.5112979
S 1477398654053 10
S 1477398655048 10
L 1477398655000 35.8984868 14.5113175
S 1477398656050 10
L 1477398657000 35.8984865 14.5113648
S 1477398657052 8
L 1477398658000 35.8984569 14.5113982
S 1477398658053 9
S 1477398659046 9
L 1477398659000 35.8984606 14.5113865
S 1477398660045 9
L 1477398660000 35.8984602 14.5113837
S 1477398661045 9
L 1477398662000 35.8984584 14.5113838
S 1477398662050 9
S 1477398663044 10
L 1477398663000 35.898447 14.5113875
S 1477398664054 12
L 1477398665000 35.8984383 14.5113908
S 1477398665053 12
S 1477398666046 12
L 1477398666000 35.8984399 14.5113908
S 1477398667047 12
L 1477398667000 35.8984308 14.5113929
S 1477398668054 12
L 1477398669000 35.8984192 14.511402
S 1477398669065 14
S 1477398670044 14
L 1477398671000 35.8983822 14.5114438
P 1477398671216