P 1477398640354
L 1477398642000 35.8985914 14.5111129
S 1477398642591 13
L 1477398643000 35.8986034 14.5111055
S 1477398643602 13
L 1477398645000 35.8985943 14.5111167
S 1477398644594 13
S 1477398645593 13
L 1477398646000 35.8985866 14.5111277
S 1477398646591 13
L 1477398648000 35.8985845 14.5111437
S 1477398647596 13
L 1477398649000 35.8985815 14.5111551
S 1477398648603 13
S 1477398649598 13
L 1477398650000 35.8985839 14.5111851
S 1477398650590 13
L 1477398652000 35.8985711 14.5111426
S 1477398651596 13
S 1477398652589 13
S 1477398653587 13
L 1477398654000 35.8985833 14.5111701
S 1477398654597 13
S 1477398655596 12
L 1477398656000 35.8985545 14.5112139
L 1477398657000 35.8985457 14.5112341
S 1477398656603 12
S 1477398657603 12
S 1477398658601 12
L 1477398659000 35.8984382 14.5112814
S 1477398659598 12
L 1477398660000 35.8984159 14.511312
S 1477398660609 12
S 1477398661599 10
L 1477398662000 35.8984208 14.5113931
S 1477398662601 10
S 1477398663596 10
L 1477398664000 35.8984561 14.5114516
L 1477398665000 35.8983751 14.5114106
S 1477398664614 10
S 1477398665594 10
S 1477398666593 10
L 1477398667000 35.8983733 14.5114315
S 1477398667599 10
L 1477398669000 35.8984751 14.5113603
S 1477398668601 10
S 1477398669604 10
L 1477398670000 35.8985483 14.511263
P 1477398671216