P 1477398640354
L 1477398641000 35.8985196 14.5111045
S 1477398641633 11
S 1477398642634 12
L 1477398643000 35.8985083 14.5111302
S 1477398643634 12
L 1477398644000 35.8985009 14.5111244
S 1477398644633 12
L 1477398645000 35.8984897 14.5111191
S 1477398645632 9
S 1477398646633 10
L 1477398647000 35.8984538 14.5111272
S 1477398647634 9
L 1477398648000 35.8984356 14.5111354
S 1477398648635 9
L 1477398649000 35.8983925 14.51115
S 1477398649634 10
S 1477398650636 10
L 1477398651000 35.8983745 14.5111897
S 1477398651635 10
L 1477398652000 35.8983725 14.5112057
S 1477398652634 10
S 1477398653636 10
L 1477398654000 35.8983433 14.5112118
S 1477398654634 9
S 1477398655637 10
L 1477398656000 35.8983188 14.5112313
S 1477398656634 10
S 1477398657643 10
L 1477398658000 35.8982916 14.5112447
S 1477398658634 10
S 1477398659635 9
L 1477398660000 35.8982733 14.5112825
S 1477398660635 10
L 1477398661000 35.8982682 14.5112969
S 1477398661640 10
L 1477398662000 35.8982535 14.511303
S 1477398662638 10
S 1477398663638 10
L 1477398664000 35.8982408 14.5113199
S 1477398664638 10
S 1477398665640 10
L 1477398666000 35.8982214 14.5113325
S 1477398666637 10
S 1477398667637 9
L 1477398668000 35.8982001 14.5113556
S 1477398668638 10
L 1477398669000 35.8981936 14.5113855
S 1477398669640 10
L 1477398670000 35.89819 14.511409
P 1477398671216