P 1477398816187
L 1477398817000 35.8986097 14.5110376
S 1477398818043 13
L 1477398818000 35.898583 14.5110814
S 1477398819043 13
L 1477398820000 35.8985639 14.5110808
S 1477398820049 12
L 1477398821000 35.8985589 14.5110918
S 1477398821048 12
L 1477398822000 35.898529 14.5111097
S 1477398822051 12
S 1477398823044 12
L 1477398823000 35.8985222 14.5111065
S 1477398824045 11
L 1477398824000 35.8985253 14.5111172
S 1477398825052 10
L 1477398826000 35.8985316 14.5111648
S 1477398826052 10
S 1477398827052 10
S 1477398828043 10
L 1477398828000 35.8985236 14.51115
S 1477398829049 10
S 1477398830043 10
L 1477398830000 35.8985265 14.5111562
S 1477398831043 10
L 1477398831000 35.8985362 14.5111634
L 1477398832000 35.8985393 14.5111724
S 1477398832054 10
S 1477398833043 10
L 1477398833000 35.8985446 14.5111731
S 1477398834045 9
L 1477398834000 35.8985425 14.5111777
S 1477398835052 9
L 1477398836000 35.8985362 14.5111907
S 1477398836051 8
S 1477398837044 9
L 1477398837000 35.8985356 14.5111934
S 1477398838055 9
S 1477398839045 9
L 1477398839000 35.8985344 14.5111959
S 1477398840049 10
L 1477398840000 35.8985295 14.5111992
S 1477398841051 11
S 1477398842043 12
L 1477398842000 35.8985282 14.5111978
S 1477398843045 12
L 1477398843000 35.8985282 14.5111966
S 1477398844053 12
L 1477398845000 35.8985182 14.5111983
S 1477398845054 12
S 1477398846048 13
L 1477398847000 35.8984516 14.5112288
P 1477398847873