P 1477398816187
L 1477398817000 35.8986052 14.5110687
L 1477398818000 35.8986021 14.5110739
S 1477398817602 13
L 1477398819000 35.898597 14.5110729
S 1477398818606 13
S 1477398819611 13
L 1477398821000 35.8985483 14.511121
S 1477398820596 13
S 1477398821601 13
L 1477398823000 35.8985327 14.5111277
S 1477398822602 13
S 1477398823594 13
L 1477398824000 35.8985156 14.5111404
S 1477398824598 13
S 1477398825593 13
L 1477398826000 35.898526 14.5111593
S 1477398826614 13
S 1477398827601 13
L 1477398828000 35.8985181 14.5111987
S 1477398828603 13
L 1477398830000 35.8985026 14.5112332
S 1477398829599 13
S 1477398830590 13
S 1477398831591 13
L 1477398832000 35.8984424 14.5112589
S 1477398832599 13
L 1477398834000 35.8984167 14.5112609
S 1477398833600 13
S 1477398834593 13
L 1477398836000 35.8984336 14.5113228
S 1477398835597 13
L 1477398837000 35.8984205 14.5113263
S 1477398836604 13
L 1477398838000 35.8984038 14.5113096
S 1477398837598 13
S 1477398838593 13
L 1477398840000 35.8984405 14.5113006
S 1477398839595 13
S 1477398840595 13
S 1477398841588 13
L 1477398842000 35.8984473 14.5112392
L 1477398843000 35.8983952 14.5112943
S 1477398842612 12
S 1477398843596 12
L 1477398844000 35.8983831 14.5113504
S 1477398844594 12
L 1477398845000 35.898424 14.5113795
S 1477398845591 12
L 1477398847000 35.8983392 14.5114275
P 1477398847873