P 1477398816187
L 1477398818000 35.898491 14.5111469
S 1477398818640 13
S 1477398819642 12
L 1477398820000 35.8984622 14.5111894
S 1477398820641 12
L 1477398821000 35.8984231 14.5112532
S 1477398821640 12
L 1477398822000 35.8983955 14.511292
S 1477398822640 10
L 1477398823000 35.8983869 14.5113006
S 1477398823643 10
L 1477398824000 35.8983863 14.5113007
S 1477398824641 10
S 1477398825643 10
L 1477398826000 35.8983644 14.51132
S 1477398826642 10
S 1477398827642 10
L 1477398828000 35.8983528 14.5113364
S 1477398828641 10
S 1477398829643 10
L 1477398830000 35.8983199 14.5113692
S 1477398830643 9
L 1477398831000 35.8983126 14.5113767
S 1477398831644 10
L 1477398832000 35.8983131 14.5113774
S 1477398832640 10
S 1477398833643 10
L 1477398834000 35.8983142 14.5113788
S 1477398834641 11
S 1477398835643 11
L 1477398836000 35.898294 14.5113854
S 1477398836643 11
L 1477398837000 35.8982812 14.5113959
S 1477398837642 11
L 1477398838000 35.8982756 14.511401
S 1477398838643 11
L 1477398839000 35.8982697 14.5114063
S 1477398839645 10
L 1477398840000 35.8982599 14.5114141
S 1477398840642 11
S 1477398841644 11
L 1477398842000 35.89824 14.5114336
S 1477398842642 10
S 1477398843644 10
L 1477398844000 35.8982324 14.5114554
S 1477398844641 10
S 1477398845644 10
L 1477398846000 35.8982268 14.5114835
P 1477398847873