P 1477398816187
L 1477398817000 35.8985338 14.5107307
S 1477398819413 11
L 1477398818000 35.8985459 14.5107537
S 1477398820415 11
S 1477398821411 13
L 1477398820000 35.898543 14.5108025
S 1477398822510 11
L 1477398821000 35.8985464 14.5108154
L 1477398822000 35.898549 14.5108312
S 1477398823516 12
S 1477398824506 12
S 1477398825409 11
L 1477398824000 35.8985285 14.5108685
S 1477398826406 11
S 1477398827508 10
L 1477398826000 35.8985272 14.5109132
S 1477398828509 11
L 1477398827000 35.8985368 14.5109494
S 1477398829508 10
L 1477398828000 35.8985405 14.5109751
S 1477398830506 13
S 1477398831509 13
L 1477398830000 35.8985474 14.511024
S 1477398832405 10
S 1477398833506 11
L 1477398832000 35.898556 14.5110534
S 1477398834506 11
L 1477398833000 35.8985404 14.5110781
S 1477398835506 11
S 1477398836504 10
L 1477398835000 35.8985359 14.511116
S 1477398837504 10
L 1477398836000 35.8985329 14.5111272
S 1477398838504 9
S 1477398839503 8
L 1477398838000 35.8985221 14.5111385
S 1477398840503 11
L 1477398839000 35.8985194 14.5111466
S 1477398841503 9
L 1477398840000 35.8985143 14.511158
S 1477398842501 9
S 1477398843502 11
L 1477398842000 35.8985005 14.5111772
S 1477398844502 10
S 1477398845503 11
L 1477398844000 35.8984907 14.5111891
S 1477398846500 9
S 1477398847502 12
L 1477398846000 35.8984676 14.5112139
P 1477398847873