A 1480703082169 -9.708009 -0.93254167 -4.089536
A 1480703082369 -10.373597 -1.67235 -2.1789632
A 1480703082571 -10.012073 -1.981202 -3.5556293
A 1480703082770 -13.253821 -2.2469583 -5.5045094
A 1480703082970 -5.874892 -3.5494041 -4.764701
A 1480703083171 -5.1542373 -4.0282445 -4.441484
A 1480703083368 -5.539704 -1.138443 -7.259459
A 1480703083571 -4.8429914 -11.004948 -5.988138
A 1480703083768 -4.409641 -2.07697 -5.751112
A 1480703083970 -0.22697026 -1.9141644 -5.889976
A 1480703084166 -2.0800824 -10.214861 -6.095877
A 1480703084367 -2.0944476 -5.8693857 -8.17165
A 1480703084560 -4.6203303 -2.4768016 -6.385576
A 1480703084760 -4.641878 -3.776853 -7.958566
A 1480703084957 -4.7520113 -3.5972881 -8.030392
A 1480703085158 -3.8781278 -3.039439 -5.68168
A 1480703085359 -4.9794607 -3.3554738 -7.8556156
A 1480703085559 -4.129519 -2.9412768 -8.389523
A 1480703085762 -5.953901 -2.8622682 -7.506062
A 1480703085960 -4.874116 -3.503914 -7.9729314
A 1480703086160 -5.0273447 -3.5781345 -8.504444
A 1480703086358 -4.376122 -2.7952304 -7.9034996
A 1480703086560 -3.952348 -2.823961 -7.9729314
A 1480703086760 -4.6107535 -2.9724014 -7.9849024
A 1480703086961 -4.534139 -2.835932 -8.353609
A 1480703087159 -3.7081397 -2.682703 -7.992085
A 1480703087360 -4.019386 -2.6276364 -8.116583
A 1480703087557 -3.226905 -2.907758 -8.14292
A 1480703087760 -4.498226 -2.6084828 -7.956172
A 1480703088020 -2.8677747 -2.2709002 -8.107006
A 1480703088218 -3.6482844 -2.7401638 -9.091023
A 1480703088420 -3.4663253 -2.6252422 -8.303331
A 1480703088620 -2.95636 -2.6683378 -8.942583
A 1480703088818 -2.9707253 -2.2637177 -7.731117
A 1480703089020 -3.334644 -2.4121583 -9.399876
A 1480703089219 -2.7360938 -2.2182279 -8.858786
A 1480703089419 -2.6714501 -1.7178398 -8.480502
A 1480703089620 -3.430412 -0.85113883 -9.330443
A 1480703089820 -3.5261803 -1.4233531 -10.273759
A 1480703090020 -2.455972 -1.2437879 -8.073488
A 1480703090220 -1.8765752 -1.351527 -8.937795
A 1480703090420 -2.7528532 -2.208651 -9.943359
A 1480703090618 -2.786372 -0.5422868 -8.4398
A 1480703090819 -2.4128764 -1.2198459 -9.711122
A 1480703091020 -1.031422 -1.0259155 -9.833226
A 1480703091220 -2.7767951 -1.339556 -9.763794
A 1480703091421 -2.372175 -1.5502458 -8.640914
A 1480703091620 -3.1766267 -1.3682864 -10.0918
A 1480703091820 -2.8318617 -1.4449009 -9.08863
A 1480703092020 -3.155079 -1.8327615 -9.337626
A 1480703092220 -3.5261803 -2.1990743 -9.055111
A 1480703092417 -4.115154 -1.696292 -8.3344555
A 1480703092620 -4.424006 -2.1176715 -8.976102
A 1480703092819 -4.4168234 -2.2230163 -8.648096
A 1480703093026 -5.2164865 -2.6874914 -8.3105135
A 1480703093226 -5.4391475 -2.292448 -9.050323
A 1480703093431 -5.293101 -1.9285296 -7.814914
A 1480703093630 -4.8836927 -2.325967 -7.494091
A 1480703093830 -4.6346955 -2.8263552 -8.571482
A 1480703094030 -4.531745 -2.1823149 -6.8332915
A 1480703094230 -4.9986143 -2.7952304 -7.8197026
A 1480703094430 -5.707298 -2.8933928 -7.604224
A 1480703094630 -4.435977 -2.7569232 -6.4645844
A 1480703094829 -5.0273447 -3.2932243 -7.0751057
A 1480703095030 -6.085582 -3.5972881 -8.121372
A 1480703095230 -6.030515 -3.192668 -7.743088
A 1480703095431 -6.0688224 -3.0322564 -8.190804
A 1480703095630 -5.2500052 -2.6013002 -7.245094
A 1480703095830 -4.3354206 -3.0107086 -7.0727115
A 1480703096029 -4.8358088 -3.429694 -8.140526
A 1480703096230 -5.0848055 -3.0226796 -8.018421
A 1480703096488 -4.069664 -2.9460652 -6.2203755
A 1480703096690 -4.993826 -2.421735 -6.862022
A 1480703096888 -4.483861 -2.8407204 -8.387128
A 1480703097089 -5.8270082 -3.0777464 -8.715134
A 1480703097289 -4.012203 -3.1040826 -7.3169203
A 1480703097489 -4.809472 -2.706645 -6.814138
A 1480703097689 -4.809472 -2.6252422 -7.27143
A 1480703097890 -4.771165 -2.9963434 -7.3671985
A 1480703098090 -4.570052 -3.5661635 -6.8308973
A 1480703098290 -4.438371 -3.681085 -6.1461554
A 1480703098489 -5.5133677 -3.6403837 -7.0344043
A 1480703098690 -5.3433795 -3.6284127 -7.685627
A 1480703098890 -5.5205503 -3.1735144 -5.9546194
A 1480703099090 -4.9555187 -2.8790276 -7.1110187
A 1480703099292 -6.0472746 -3.4608185 -7.326497
A 1480703099490 -5.4726663 -3.2094274 -6.9530015
A 1480703099690 -6.753564 -3.2333694 -7.3193145
A 1480703099890 -7.0169263 -3.084929 -7.237911
A 1480703100089 -7.2228274 -3.7912185 -7.5850706
A 1480703100290 -6.427953 -2.9101522 -5.593095
A 1480703100490 -6.5811815 -3.2668881 -6.29699
A 1480703100690 -7.2108564 -3.8414967 -6.909906
A 1480703100890 -6.755958 -3.2381577 -6.153338
A 1480703101090 -7.1510015 -3.525462 -6.330509
A 1480703101286 -6.121495 -3.2237926 -6.7447057
A 1480703101476 -7.6130824 -3.5757403 -7.8675866
A 1480703101679 -6.8660917 -3.321955 -7.4174767
A 1480703101879 -6.1909266 -2.6635494 -6.8189263
A 1480703102081 -5.44633 -2.4480712 -7.067923
A 1480703102281 -6.528509 -2.9843724 -8.585847
A 1480703102481 -6.040092 -2.8814218 -8.073488
A 1480703102679 -4.400064 -2.7234044 -7.22594
A 1480703102879 -5.089594 -2.907758 -8.209957
A 1480703103079 -4.675397 -2.8311436 -7.5730996
A 1480703103280 -5.199727 -2.9221232 -9.399876
A 1480703103481 -4.7208867 -2.4624364 -7.290584
A 1480703103677 -4.5485044 -2.6252422 -8.243476
A 1480703103870 -4.081635 -2.6898856 -8.073488
A 1480703104070 -4.469496 -2.8814218 -8.401493
A 1480703104270 -5.04171 -2.6515784 -8.391916
A 1480703104467 -4.6323013 -2.6132712 -8.145313
A 1480703104670 -4.6442723 -2.682703 -7.5611286
A 1480703105009 -4.505409 -2.0721817 -7.1589026
A 1480703105209 -4.6586375 -3.6523547 -9.663238
A 1480703105408 -4.8429914 -2.2182279 -9.007227
A 1480703105609 -5.1470547 -3.4751837 -9.986455
A 1480703105811 -2.9779081 -1.1240778 -4.915536
A 1480703106011 -5.575617 -4.1695027 -9.713516
A 1480703106209 -4.328238 -2.6396074 -9.158061
A 1480703106408 -3.9667134 -2.5797524 -7.2403054
A 1480703106608 -5.1302953 -2.694674 -8.6289425
A 1480703106810 -4.6011767 -1.7753007 -7.6928096
A 1480703107010 -4.3833046 -2.3020248 -8.442195
A 1480703107209 -4.6921563 -1.95726 -7.7406936
A 1480703107410 -5.1231127 -2.086547 -8.279389
A 1480703107610 -4.8908753 -2.6874914 -8.408676
A 1480703107809 -4.814261 -2.2134395 -8.339244
A 1480703108010 -4.378516 -2.3187845 -7.2857957
A 1480703108215 -4.737646 -2.4791958 -8.518809
A 1480703108417 -5.791095 -2.3570917 -8.219534
A 1480703108622 -4.385699 -2.4552538 -8.12616
A 1480703108820 -4.079241 -2.6180596 -8.425435
A 1480703109019 -4.385699 -2.4791958 -7.580282
A 1480703109219 -4.972278 -2.586935 -8.944977
A 1480703109416 -5.5109735 -2.4983494 -8.092642
A 1480703109620 -4.1941624 -2.5510218 -7.520427
A 1480703109820 -4.570052 -2.8072016 -8.880334
A 1480703110019 -5.0464983 -2.5653872 -8.748652
A 1480703110220 -4.4527364 -2.4552538 -7.908288
A 1480703110420 -4.2061334 -2.6539726 -7.884346
A 1480703110620 -4.615542 -2.9963434 -8.870757
A 1480703110819 -4.3833046 -2.6204538 -8.446983
A 1480703111021 -4.627513 -2.469619 -8.679221
A 1480703111220 -3.523786 -3.333926 -8.212352
A 1480703111420 -3.238876 -4.2389345 -9.373539
A 1480703111720 -1.5342044 -3.894169 -7.503668
A 1480703111916 -3.2580297 -2.7641058 -9.392693
A 1480703112119 -3.5022383 -3.0585928 -8.774989
A 1480703112320 -3.2197225 -2.9101522 -8.925823
A 1480703112521 -3.238876 -2.802413 -8.027998
A 1480703112720 -3.4567482 -2.7018566 -8.353609
A 1480703112920 -2.7360938 -3.465607 -9.055111
A 1480703113118 -2.8390443 -2.7257986 -8.265024
A 1480703113317 -3.0928297 -2.694674 -8.437407
A 1480703113517 -3.916435 -2.3546975 -7.920259
A 1480703113721 -3.5142093 -2.8694508 -7.664079
A 1480703113918 -4.816655 -2.3427265 -9.162849
A 1480703114117 -4.5772347 -1.7944543 -8.152496
A 1480703114320 -4.349786 -1.3994111 -8.135736
A 1480703114519 -4.081635 -2.2517467 -8.430223
A 1480703114721 -4.7663765 -2.0913353 -10.13729
A 1480703114919 -3.2891543 -0.83437943 -7.565917
A 1480703115116 -4.0050206 -1.648408 -9.914629
A 1480703115322 -3.8039076 -1.4927849 -8.90667
A 1480703115520 -2.0848708 -0.8990229 -7.7167516
A 1480703115721 -2.621172 -1.3850458 -10.453324
A 1480703115920 -2.1207838 -0.7888896 -8.209957
A 1480703116120 -2.0944476 -0.6763621 -9.1006
A 1480703116320 -2.7265167 -0.9780315 -10.058281
A 1480703116521 -1.9819201 -0.8128316 -8.940188
A 1480703116721 -2.1662736 -0.8702924 -9.569864
A 1480703116919 -2.0465634 -1.0115503 -9.663238
A 1480703117120 -2.5661054 -0.9900025 -9.703939
A 1480703117322 -2.0585346 -1.1839329 -9.172426
A 1480703117520 -2.0824766 -1.6460139 -9.773371
A 1480703117719 -3.2077513 -1.351527 -9.143696
A 1480703117919 -2.31232 -1.5047559 -8.731894
A 1480703118120 -2.8869283 -1.1575967 -9.031169
A 1480703118318 -2.9970617 -1.4281415 -9.442971
A 1480703118516 -3.3561919 -0.9085997 -8.578665
A 1480703118720 -3.0928297 -1.375469 -8.032786
A 1480703118921 -4.024174 -1.9716252 -9.483672
A 1480703119126 -4.3330264 -1.5454574 -8.84442
A 1480703119331 -4.18698 -1.5095443 -8.176438
A 1480703119531 -4.297113 -1.7010804 -8.274601
A 1480703119730 -4.483861 -1.9596542 -8.437407
A 1480703119931 -4.325844 -1.8016369 -7.7502704
A 1480703120188 -4.759194 -2.1176715 -8.078276
A 1480703120390 -4.4910436 -1.9165586 -6.4454308
A 1480703120590 -5.8509502 -2.5558102 -8.81569
A 1480703120790 -3.784754 -1.7010804 -7.0224333
A 1480703120991 -4.8022895 -2.8742392 -7.5012736
A 1480703121190 -5.1686025 -1.9644426 -7.956172
A 1480703121390 -3.40647 -1.8279731 -6.6202073
A 1480703121592 -3.760812 -2.1176715 -8.276995
A 1480703121790 -7.5675926 -3.594894 -10.654437
A 1480703121990 -5.0512867 -2.6922798 -9.1006
A 1480703122191 -3.6698322 -1.1312604 -5.8971586
A 1480703122388 -6.3657036 -3.1735144 -10.35995
A 1480703122586 -5.008191 -2.8670566 -9.1006
A 1480703122789 -3.5429397 -2.5701756 -5.904341
A 1480703122992 -4.3449974 -2.5198972 -7.0152507
A 1480703123191 -6.267541 -3.0921116 -10.216298
A 1480703123391 -6.0209384 -2.598906 -8.597818
A 1480703123590 -3.7512352 -2.220622 -7.1684794
A 1480703123790 -5.1302953 -2.8095958 -9.474095
A 1480703123991 -3.9308002 -2.670732 -7.249882
A 1480703124190 -4.5604753 -3.1016884 -8.8994875
A 1480703124390 -3.7440526 -2.7210102 -6.7471
A 1480703124590 -4.1965566 -3.4440591 -8.451772
A 1480703124791 -3.607583 -2.670732 -7.245094
A 1480703124991 -5.647443 -3.8151605 -9.251435
A 1480703125188 -3.7871482 -3.0442274 -7.173268
A 1480703125390 -4.031357 -2.4672248 -6.6561203
A 1480703125588 -3.083253 -3.3387144 -9.014409
A 1480703125787 -4.605965 -2.5270798 -8.530781
A 1480703125989 -2.5708938 -2.7473464 -4.30262
A 1480703126189 -4.5987825 -3.4991257 -6.83808
A 1480703126390 -5.2739472 -3.228581 -8.961737
A 1480703126590 -2.95636 -3.3411086 -7.422265
A 1480703126790 -3.7991192 -3.2142158 -6.5723233
A 1480703126990 -4.0983944 -2.9939492 -8.0878525
A 1480703127191 -2.4032996 -2.6300306 -7.5371866
A 1480703127385 -3.4399889 -3.1064768 -7.965749
A 1480703127589 -3.0808587 -3.0753522 -7.1708736
A 1480703127790 -2.7887661 -3.3506854 -7.587465
A 1480703127990 -4.2803535 -3.4967315 -8.928218
A 1480703128192 -4.7544055 -3.5733461 -8.3105135
A 1480703128387 -3.619554 -3.5302503 -7.4629664
A 1480703128591 -4.651455 -3.3291376 -8.073488
A 1480703128791 -3.7081397 -3.1974564 -7.7406936
A 1480703128986 -3.6889858 -4.1024647 -7.8915286
A 1480703129189 -3.6506786 -3.843891 -8.384734
A 1480703129392 -3.6746206 -3.681085 -8.004056
A 1480703129589 -3.9355886 -3.7217865 -8.789354
A 1480703129790 -3.703351 -3.4033577 -7.953778
A 1480703129991 -3.8900988 -3.4560301 -8.928218
A 1480703130189 -2.2740128 -2.7497406 -6.6465435
A 1480703130390 -3.487873 -2.8933928 -9.184398
A 1480703130590 -3.6841974 -2.7976246 -8.109401
A 1480703130790 -4.091212 -2.8263552 -8.74147
A 1480703130990 -3.8134844 -2.670732 -7.565917
A 1480703131191 -3.772783 -3.3889925 -8.186015
A 1480703131387 -4.2588058 -2.8502972 -8.686403
A 1480703131586 -2.918053 -3.357868 -7.7718186
A 1480703131790 -3.2005687 -3.6284127 -8.609789
A 1480703131990 -2.4152706 -3.669114 -8.45656
A 1480703132186 -1.8430564 -3.66672 -8.446983
A 1480703132391 -1.7377115 -3.819949 -8.195592
A 1480703132590 -2.4823084 -3.1136594 -8.99765
A 1480703132790 -3.5094209 -2.9484594 -8.853997
A 1480703132990 -3.3442209 -2.7257986 -8.57627
A 1480703133190 -3.619554 -2.7114334 -8.578665
A 1480703133389 -3.667438 -2.4528596 -8.5810585
A 1480703133591 -3.6051888 -2.100912 -8.3583975
A 1480703133790 -3.8254554 -2.7569232 -8.257841
A 1480703133989 -4.1606436 -2.6898856 -8.69598
A 1480703134190 -4.531745 -2.718616 -8.071094
A 1480703134390 -4.47189 -2.8862102 -8.152496
A 1480703134591 -4.024174 -2.7593174 -8.20038
A 1480703134791 -4.179797 -2.6420016 -8.497261
A 1480703134990 -3.8613684 -2.505532 -7.989691
A 1480703135191 -3.8039076 -2.7210102 -8.243476
A 1480703135388 -4.060087 -3.2549171 -8.516416
A 1480703135590 -3.904464 -3.515885 -8.624154
A 1480703135791 -3.619554 -3.2860417 -8.102219
A 1480703135991 -3.2652123 -3.4129345 -8.516416
A 1480703136190 -3.310702 -3.3985693 -8.341639
A 1480703136389 -2.908476 -3.2429461 -8.466137
A 1480703136588 -3.3490093 -3.4560301 -8.573876
A 1480703136788 -3.320279 -3.4488475 -8.648096
A 1480703136988 -3.523786 -3.3051956 -8.468531
A 1480703137188 -4.6107535 -1.2174517 -7.8556156
A 1480703137388 -4.2324696 -2.4720132 -9.014409
A 1480703137588 -4.3952756 -2.1679497 -8.248264
A 1480703137788 -4.2324696 -1.7872717 -8.367974
A 1480703137987 -3.9140408 -2.6420016 -8.54754
A 1480703138187 -4.531745 -1.8231847 -8.324879
A 1480703138388 -3.8948872 -2.2301989 -8.408676
A 1480703138586 -4.376122 -2.3690627 -8.2386875
A 1480703138788 -4.2324696 -1.9788078 -8.571482
A 1480703138988 -4.143884 -2.3211787 -8.356004
A 1480703139188 -4.2779593 -2.134431 -8.379946
A 1480703139388 -4.1821914 -2.1703439 -8.391916
A 1480703139589 -4.2085276 -2.2780828 -8.396705
A 1480703139788 -4.299507 -2.0242975 -8.415858
A 1480703139988 -4.1582494 -2.1990743 -8.365581
A 1480703140188 -4.227681 -2.1152773 -8.339244
A 1480703140388 -4.1702204 -2.1320367 -8.303331
A 1480703140588 -4.2061334 -2.2278047 -8.470925
A 1480703140790 -4.203739 -2.112883 -8.344032
A 1480703140988 -4.251623 -2.12246 -8.298543
A 1480703141187 -4.175009 -2.1918917 -8.473319
A 1480703141388 -4.237258 -2.1080947 -8.269813
A 1480703141588 -4.203739 -2.160767 -8.317697
A 1480703141788 -4.251623 -2.2038627 -8.437407
A 1480703141990 -4.1941624 -2.2134395 -8.339244
A 1480703142191 -4.297113 -2.1942859 -8.391916
A 1480703142391 -4.179797 -2.2709002 -8.296148
A 1480703142591 -4.167826 -2.1559787 -8.367974
A 1480703142787 -4.366545 -2.2230163 -8.245871
A 1480703142991 -4.163038 -2.1894975 -8.377551
A 1480703143191 -4.299507 -2.172738 -8.3583975
A 1480703143389 -4.198951 -2.146402 -8.329667
A 1480703143591 -4.1941624 -2.0913353 -8.437407
A 1480703143791 -4.2947187 -2.2613235 -8.394311
A 1480703143991 -4.2061334 -2.1823149 -8.322485
A 1480703144190 -4.3713336 -2.1416135 -8.4398
A 1480703144388 -4.2204986 -2.134431 -8.327273
A 1480703144590 -4.2228928 -2.232593 -8.322485
A 1480703144791 -4.297113 -2.19668 -8.279389
A 1480703144992 -4.1845856 -2.1583729 -8.401493
A 1480703145190 -4.2420464 -2.1320367 -8.260236
A 1480703145391 -4.2468348 -2.1679497 -8.303331
A 1480703145591 -4.3473916 -2.1799207 -8.415858
A 1480703145790 -4.2204986 -2.1799207 -8.372763
A 1480703145989 -4.201345 -2.1823149 -8.3344555
A 1480703146192 -4.225287 -2.256535 -8.317697
A 1480703146391 -4.18698 -2.2373815 -8.322485
A 1480703146591 -4.251623 -2.0913353 -8.341639
A 1480703146787 -4.251623 -2.1535845 -8.375157
A 1480703146991 -4.3066897 -2.0219033 -8.341639
A 1480703147190 -4.1343074 -2.3355439 -8.274601
A 1480703147391 -4.1582494 -2.2134395 -8.3105135
A 1480703147590 -4.2803535 -2.1751323 -8.329667
A 1480703147789 -4.177403 -2.124854 -8.344032
A 1480703147989 -4.2947187 -2.2254105 -8.389523
A 1480703148188 -4.2420464 -2.2397757 -8.458954
A 1480703148389 -4.297113 -2.2038627 -8.305725
A 1480703148590 -4.019386 -2.445677 -8.466137
A 1480703148921 -4.5173798 -2.067393 -8.317697
A 1480703149120 -4.210922 -2.349909 -8.315302
A 1480703149316 -4.1103654 -2.146402 -8.408676
A 1480703149521 -4.3066897 -2.1057005 -8.315302
A 1480703149722 -4.402458 -1.9021934 -8.332062
A 1480703149920 -4.378516 -1.8447325 -8.231505
A 1480703150118 -4.5916 -1.7585412 -8.18841
A 1480703150319 -4.725675 -1.7537528 -8.193198
A 1480703150520 -4.7544055 -1.5933414 -8.250659
A 1480703150720 -4.749617 -1.5670052 -8.29136
A 1480703150920 -4.663426 -1.624466 -8.233899
A 1480703151120 -4.603571 -1.8207905 -8.253053
A 1480703151316 -4.522168 -1.9165586 -8.248264
A 1480703151521 -4.6370897 -1.8758571 -8.150103
A 1480703151720 -4.579629 -1.7872717 -8.284178
A 1480703151921 -4.5868115 -1.909376 -8.30812
A 1480703152121 -4.450342 -1.7034746 -8.075882
A 1480703152320 -4.7639823 -1.777695 -8.20038
A 1480703152520 -4.747223 -1.7178398 -8.250659
A 1480703152720 -4.749617 -1.6771384 -8.387128
A 1480703152920 -4.5868115 -1.744176 -8.111795
A 1480703153118 -4.5149856 -1.720234 -8.140526
A 1480703153321 -4.6083593 -1.8590977 -8.4398
A 1480703153519 -4.675397 -1.5598226 -8.394311
A 1480703153722 -4.6610317 -1.4760255 -8.346427
A 1480703153919 -4.543716 -1.4999675 -8.437407
A 1480703154121 -4.414429 -1.3371618 -8.303331
A 1480703154320 -4.249229 -1.3347676 -8.3823395
A 1480703154516 -4.6131477 -1.351527 -8.6050005
A 1480703154722 -4.337815 -1.3994111 -8.413465
A 1480703154920 -4.534139 -1.6316485 -8.585847
A 1480703155117 -4.8573565 -1.5550342 -8.549934
A 1480703155320 -4.6682143 -1.5047559 -8.279389
A 1480703155518 -4.424006 -1.6148891 -8.363186
A 1480703155719 -4.3162665 -0.9373301 -8.370369
A 1480703155920 -4.127125 -1.1935097 -8.449377
A 1480703156120 -4.151067 -0.9493011 -8.619366
A 1480703156321 -3.8613684 -1.339556 -8.995255
A 1480703156520 -4.0983944 -1.3850458 -8.746259
A 1480703156721 -3.8733394 -1.3922284 -8.715134
A 1480703156921 -3.952348 -1.4688429 -8.624154
A 1480703157120 -3.7560236 -1.8734629 -8.703163
A 1480703157321 -3.595612 -1.8638861 -8.842027
A 1480703157521 -3.3633745 -2.0793643 -8.731894
A 1480703157719 -3.5070267 -1.8878282 -8.693586
A 1480703157917 -3.5022383 -1.8638861 -8.796536
A 1480703158119 -3.143108 -2.457648 -8.789354
A 1480703158320 -3.5788527 -1.7681181 -8.988072
A 1480703158519 -3.4830847 -1.7800891 -8.66725
A 1480703158722 -3.4782963 -1.8207905 -8.822873
A 1480703158920 -3.3561919 -2.0386627 -8.853997
A 1480703159120 -3.5573049 -1.7992427 -8.748652
A 1480703159319 -3.7895424 -2.067393 -8.904276
A 1480703159519 -3.772783 -1.4592661 -8.853997
A 1480703159718 -3.4160469 -1.8327615 -8.540358
A 1480703159917 -3.4280179 -1.5957355 -8.897093
A 1480703160118 -3.40647 -1.7393876 -8.669644
A 1480703160318 -3.7344759 -1.8207905 -8.921035
A 1480703160516 -3.631525 -2.0242975 -8.755836
A 1480703160718 -3.796725 -2.074576 -8.71274
A 1480703160919 -3.131137 -2.8766334 -8.413465
A 1480703161117 -3.7656004 -1.8064253 -8.767806
A 1480703161317 -3.193386 -2.160767 -8.3105135
A 1480703161519 -3.5070267 -2.2421699 -8.956948
A 1480703161719 -3.4519598 -2.3092074 -8.415858
A 1480703161916 -3.583641 -2.3331497 -8.662461
A 1480703162120 -3.8637626 -2.256535 -8.873151
A 1480703162318 -4.543716 -0.9828199 -8.54754
A 1480703162518 -3.5692759 -2.2254105 -8.6050005
A 1480703162718 -4.54611 -1.0618286 -8.691192
A 1480703162917 -3.7871482 -1.756147 -8.444589
A 1480703163117 -4.35218 -1.3706806 -8.624154
A 1480703163318 -4.045722 -1.4592661 -8.356004
A 1480703163519 -4.129519 -1.2533647 -8.344032
A 1480703163719 -4.1941624 -1.2150575 -8.693586
A 1480703163920 -4.433583 -1.4472951 -8.389523
A 1480703164116 -4.2827477 -1.10253 -8.655279
A 1480703164319 -3.8134844 -1.2126633 -7.9130764
A 1480703164517 -3.8733394 -1.2677299 -8.748652
A 1480703164718 -4.5628695 -1.2222401 -8.767806
A 1480703164921 -4.2923245 -0.9780315 -8.159679
A 1480703165119 -4.2468348 -1.5670052 -8.925823
A 1480703165320 -4.033751 -1.4185647 -8.18841
A 1480703165521 -3.961925 -1.6172833 -8.367974
A 1480703165720 -4.663426 -1.5957355 -8.760624
A 1480703165920 -4.981855 -1.9524716 -8.482896
A 1480703166119 -4.5532928 -1.9859904 -8.535569
A 1480703166319 -4.864539 -2.0123265 -8.150103
A 1480703166521 -4.4766784 -2.1320367 -8.044758
A 1480703166720 -4.7544055 -2.160767 -8.001661
A 1480703166919 -4.522168 -2.1679497 -7.8316736
A 1480703167121 -4.795107 -2.5342624 -7.908288
A 1480703167316 -5.1829677 -2.409764 -7.6425314
A 1480703167521 -4.9507303 -2.9364884 -7.7406936
A 1480703167720 -5.1662083 -2.8742392 -7.659291
A 1480703167920 -5.1901503 -2.9388826 -7.0870767
A 1480703168120 -5.5085793 -3.0801406 -7.707175
A 1480703168320 -5.3529563 -3.0226796 -7.2163634
A 1480703168522 -5.5732226 -3.2237926 -7.434236
A 1480703168721 -5.9036226 -2.3235729 -7.434236
A 1480703168920 -5.6809616 -3.5733461 -7.27143
A 1480703169119 -5.743211 -3.3363202 -7.2810073
A 1480703169319 -5.5827994 -3.4512417 -7.1182013
A 1480703169519 -6.013756 -3.4584243 -7.4126883
A 1480703169720 -5.956295 -2.955642 -6.8596277
A 1480703169921 -5.884469 -3.3794158 -7.0104623
A 1480703170120 -5.946718 -3.2237926 -6.993703
A 1480703170320 -6.3872514 -3.3171666 -7.0152507
A 1480703170516 -6.133466 -3.891775 -7.2403054
A 1480703170721 -5.958689 -3.2094274 -6.4167004
A 1480703170922 -6.231628 -3.6475663 -6.653726
A 1480703171120 -5.9515066 -3.8175547 -7.067923
A 1480703171320 -5.946718 -3.1232362 -6.1222134
A 1480703171520 -6.514144 -3.9731777 -7.3552275
A 1480703171721 -6.1550136 -3.4105403 -6.414306
A 1480703171920 -6.3537326 -3.6260185 -6.3448744
A 1480703172119 -6.257964 -3.9252937 -6.9051175
A 1480703172323 -6.087976 -3.405752 -6.8428683
A 1480703172520 -6.040092 -3.6332011 -6.316144
A 1480703172721 -6.454289 -3.5901055 -6.5747175
A 1480703172921 -6.39204 -3.965995 -6.675274
A 1480703173120 -6.2005033 -3.9085343 -6.328115
A 1480703173321 -6.099947 -3.752911 -6.261077
A 1480703173521 -6.037698 -3.6619315 -6.129396
A 1480703173716 -6.4016166 -4.047398 -6.5890827
A 1480703173922 -6.1406484 -3.8606503 -6.737523
A 1480703174120 -6.09037 -3.6332011 -6.9649725
A 1480703174320 -5.8653154 -3.441665 -6.945819
A 1480703174520 -5.7264514 -3.1663318 -7.029616
A 1480703174720 -5.652231 -3.1902738 -7.6688676
A 1480703174921 -5.5373096 -3.1256304 -7.67605
A 1480703175122 -5.0488925 -2.7210102 -7.6664734
A 1480703175320 -4.9914317 -2.8814218 -7.7502704
A 1480703175520 -4.9315767 -2.8095958 -8.066305
A 1480703175720 -4.840597 -3.0202854 -8.643308
A 1480703175919 -3.8374264 -2.2709002 -8.6050005
A 1480703176119 -3.9092524 -2.2014685 -8.346427
A 1480703176320 -3.535757 -2.0649989 -8.461349
A 1480703176521 -3.7464468 -2.0697873 -8.825267
A 1480703176721 -3.1981745 -1.9500774 -8.98089
A 1480703176916 -3.6722264 -2.1176715 -9.318473
A 1480703177118 -3.784754 -1.7274166 -9.110177
A 1480703177320 -2.7480648 -1.5813704 -8.363186
A 1480703177600 -3.1646557 -1.6986862 -9.510009
A 1480703177800 -2.3290794 -1.2366053 -9.524374
A 1480703177998 -2.5684996 -1.1192894 -8.691192
A 1480703178200 -2.3865402 -1.2509705 -9.44776
A 1480703178396 -3.4854789 -0.9493011 -9.533951
A 1480703178601 -2.8677747 -0.71945775 -9.699151
A 1480703178800 -2.7552474 -1.1743561 -10.096588
A 1480703178995 -2.3554156 -1.1168952 -8.937795
A 1480703179200 -2.2668302 -0.5303158 -8.734287
A 1480703179400 -2.3937228 -0.70988095 -9.747035
A 1480703179600 -2.7025747 -0.8774751 -10.008003
A 1480703179801 -2.7696126 -1.0354924 -9.778159
A 1480703180000 -2.6379313 -1.0091561 -9.390299
A 1480703180200 -2.6594791 -1.1767503 -9.679997
A 1480703180399 -2.3218968 -1.042675 -9.1939745
A 1480703180600 -2.7313054 -0.8559272 -10.039127
A 1480703180799 -3.0449457 -0.8631098 -9.708728
A 1480703181000 -2.4176648 -0.5255274 -8.406281
A 1480703181200 -5.1231127 -0.8774751 -8.995255
A 1480703181400 -4.900452 -1.7729065 -10.664014
A 1480703181600 -3.143108 -1.2366053 -8.494867
A 1480703181796 -3.6339192 -0.9181765 -7.8412504
A 1480703181999 -2.965937 -1.0402808 -7.0032797
A 1480703182196 -5.297889 -2.6970682 -10.845973
A 1480703182398 -3.2771833 -0.9828199 -7.5491576
A 1480703182600 -3.3035195 -1.7010804 -9.658449
A 1480703182800 -3.6004004 -1.8926166 -8.499656
A 1480703183001 -4.2899303 -1.5861588 -9.07187
A 1480703183200 -4.7328577 -2.4241292 -9.435788
A 1480703183400 -1.9747375 -1.4688429 -6.13179
A 1480703183599 -5.992208 -2.7521348 -11.930547
A 1480703183800 -4.498226 -1.9788078 -8.62176
A 1480703184001 -4.651455 -2.3882163 -10.99202
A 1480703184199 -3.5261803 -1.7345992 -9.287348
A 1480703184399 -0.995509 -0.9133881 -6.071935
A 1480703184600 -3.961925 -2.0099323 -9.785342
A 1480703184800 -4.031357 -1.5622168 -9.375934
A 1480703185000 -3.916435 -2.0649989 -8.0399685
A 1480703185200 -2.9707253 -2.1392193 -6.8308973
A 1480703185397 -5.336197 -2.2661119 -9.940965
A 1480703185600 -5.295495 -1.8854339 -7.824491
A 1480703185800 -4.4671016 -1.4065937 -6.9027233
A 1480703186000 -3.6339192 -2.3139958 -5.8588514
A 1480703186199 -2.5684996 -1.993173 -6.375999
A 1480703186400 -2.6355371 -2.4959552 -6.201222
A 1480703186600 -4.6442723 -3.6715083 -7.520427
A 1480703186799 -6.732016 -1.8758571 -9.718305
A 1480703186997 -3.3418267 -1.1935097 -6.399941
A 1480703187200 -4.009809 -1.7417818 -8.233899
A 1480703187400 -3.9954438 -1.9835962 -7.6185894
A 1480703187599 -4.445554 -2.0123265 -8.063911
A 1480703187799 -4.201345 -2.3546975 -8.846815
A 1480703188000 -4.0744524 -2.124854 -7.467755
A 1480703188200 -3.418441 -2.292448 -8.016027
A 1480703188397 -4.4527364 -2.2900538 -6.9889145
A 1480703188596 -4.361757 -2.36188 -8.186015
A 1480703188799 -3.7871482 -2.5582044 -6.5411987
A 1480703188999 -3.619554 -2.2038627 -7.7023864
A 1480703189199 -4.8214436 -2.19668 -9.129331
A 1480703189397 -3.6147656 -1.7034746 -7.443813
A 1480703189601 -3.7679946 -2.3139958 -8.645702
A 1480703189800 -4.481467 -2.5342624 -8.791748
A 1480703189999 -4.4766784 -2.2397757 -8.360792
A 1480703190200 -4.495832 -2.1033063 -7.774213
A 1480703190400 -5.386475 -3.0250738 -10.189962
A 1480703190600 -3.8158786 -1.9021934 -6.1964335
A 1480703190801 -4.1486726 -2.4049757 -8.08067
A 1480703191000 -4.7160983 -2.2230163 -8.011238
A 1480703191200 -5.139872 -2.3211787 -9.603383
A 1480703191397 -3.8470032 -2.2972364 -8.14292
A 1480703191600 -5.0488925 -2.349909 -8.643308
A 1480703191796 -4.7065215 -2.3930047 -8.492473
A 1480703192000 -3.8709452 -1.6053123 -7.0870767
A 1480703192197 -4.8310204 -2.7018566 -8.413465
A 1480703192397 -5.3050723 -2.9508536 -8.672038
A 1480703192601 -4.969884 -2.6204538 -7.709569
A 1480703192799 -4.1702204 -2.2397757 -7.1780562
A 1480703192999 -4.5006204 -2.574964 -8.62176
A 1480703193200 -4.900452 -3.5565867 -8.995255
A 1480703193400 -3.5405455 -1.6651675 -6.4574018
A 1480703193600 -5.5851936 -2.6036944 -9.610565
A 1480703193800 -4.3330264 -1.9716252 -7.7622414
A 1480703193998 -3.7919366 -1.909376 -7.312132
A 1480703194200 -4.4910436 -2.4720132 -7.968143
A 1480703194399 -5.139872 -2.5390508 -7.757453
A 1480703194599 -4.7089157 -2.694674 -8.133343
A 1480703194799 -5.4654837 -2.1296425 -8.300937
A 1480703194999 -4.5030146 -2.802413 -7.494091
A 1480703195200 -5.101565 -2.694674 -7.836462
A 1480703195400 -5.2667646 -2.7521348 -7.834068
A 1480703195600 -5.6929326 -2.9628246 -8.619366
A 1480703195800 -6.538086 -3.060987 -7.968143
A 1480703196000 -4.9435477 -2.8000188 -6.9434247
A 1480703196200 -5.4726663 -2.8933928 -7.27143
A 1480703196399 -6.313031 -3.2932243 -9.277771
A 1480703196600 -4.390487 -2.718616 -7.3767753
A 1480703196800 -4.567658 -2.8431146 -7.1804504
A 1480703197000 -6.186138 -3.915717 -8.774989
A 1480703197200 -6.322608 -3.1064768 -7.834068
A 1480703197396 -4.390487 -3.2333694 -7.941807
A 1480703197600 -4.3569684 -1.7226282 -5.6385846
A 1480703197800 -5.0752287 -3.3554738 -8.253053
A 1480703198001 -5.518156 -3.3195608 -8.758229
A 1480703198196 -3.583641 -2.1799207 -5.3345213
A 1480703198400 -4.5772347 -3.50152 -8.561905
A 1480703198599 -5.338591 -2.9340942 -7.8053374
A 1480703198801 -5.8653154 -3.9923313 -7.577888
A 1480703199000 -5.8557386 -3.3195608 -8.585847
A 1480703199199 -3.8158786 -2.6036944 -7.209181
A 1480703199400 -5.5708284 -3.2932243 -7.922653
A 1480703199599 -4.8429914 -2.6132712 -6.8189263
A 1480703199800 -5.1925445 -3.4512417 -6.6800623
A 1480703200000 -6.0353036 -3.5494041 -7.6784444
A 1480703200200 -6.1526194 -3.8055837 -7.9992676
A 1480703200399 -5.3529563 -2.7712884 -5.5907006
A 1480703200600 -7.0648103 -4.1695027 -7.846039
A 1480703200801 -5.7503934 -3.5877113 -7.055952
A 1480703200999 -4.287536 -2.5390508 -5.729564
A 1480703201199 -4.7448287 -3.918111 -6.790196
A 1480703201400 -5.870104 -3.2788591 -7.0870767
A 1480703201599 -5.4152055 -2.7712884 -6.378393
A 1480703201799 -6.1813498 -4.1264067 -7.673656
A 1480703201999 -6.9139757 -3.525462 -8.181227
A 1480703202199 -4.5892057 -3.5422215 -7.2857957
A 1480703202399 -3.16705 -2.9293058 -5.2363586
A 1480703202600 -5.688144 -3.977966 -5.8253326
A 1480703202798 -4.4766784 -3.6619315 -5.86364
A 1480703202997 -7.8716564 -3.0969 -9.057505
A 1480703203199 -5.297889 -3.369839 -7.0990477
A 1480703203398 -3.3442209 -2.5558102 -7.223546
A 1480703203597 -5.920382 -2.4839842 -8.059122
A 1480703203799 -4.239652 -2.8550856 -5.9785614
A 1480703203998 -5.1326895 -3.0681696 -7.743088
A 1480703204199 -5.616318 -3.1759086 -9.1221485
A 1480703204398 -4.4886494 -2.4169466 -6.38797
A 1480703204598 -5.2069097 -2.7042508 -7.19721
A 1480703204799 -5.530127 -3.6619315 -7.848433
A 1480703204999 -4.8836927 -2.2517467 -7.261853
A 1480703205200 -5.3768983 -3.2692823 -7.563523
A 1480703205398 -5.578011 -2.5079262 -7.017645
A 1480703205590 -4.103183 -2.5821466 -6.095877
A 1480703205788 -5.6426544 -2.5965118 -8.226717
A 1480703205990 -5.934747 -2.445677 -7.4414186
A 1480703206248 -5.0369215 -2.3235729 -7.7143574
A 1480703206448 -5.6211066 -3.144784 -8.056728
A 1480703206647 -5.3768983 -1.8638861 -7.4055057
A 1480703206849 -4.826232 -2.2493525 -6.8069553
A 1480703207048 -4.783136 -2.9963434 -7.64732
A 1480703207246 -5.4846373 -2.5103204 -7.5012736
A 1480703207448 -5.269159 -2.292448 -7.175662
A 1480703207652 -5.647443 -2.5558102 -7.5730996
A 1480703207850 -5.9491124 -2.694674 -7.9753256
A 1480703208049 -5.223669 -2.4600422 -6.6920333
A 1480703208252 -4.433583 -1.5933414 -5.1166487
A 1480703208446 -7.1174827 -4.0737343 -9.347203
A 1480703208650 -5.6450486 -3.1902738 -7.410294
A 1480703208846 -4.900452 -2.4361002 -4.6497793
A 1480703209050 -6.9355235 -3.477578 -8.487684
A 1480703209250 -5.64026 -2.9939492 -7.091865
A 1480703209452 -4.203739 -2.5773582 -6.816532
A 1480703209650 -6.320214 -3.4225113 -8.370369
A 1480703209849 -4.737646 -2.9508536 -7.4270535
A 1480703210051 -5.324226 -2.8191726 -7.4725432
A 1480703210250 -5.4056287 -2.8095958 -8.133343
A 1480703210450 -4.8118668 -3.3650506 -7.446207
A 1480703210650 -5.5708284 -3.5613751 -8.140526
A 1480703210850 -4.024174 -2.0913353 -5.763083
A 1480703211051 -6.052063 -4.1383777 -8.889911
A 1480703211250 -5.0393157 -2.4408886 -8.619366
A 1480703211450 -5.3290143 -2.8335378 -6.5004973
A 1480703211652 -4.328238 -2.373851 -7.348045
A 1480703211850 -5.8892574 -4.8949456 -9.292136
A 1480703212046 -4.012203 -2.2637177 -6.0264454
A 1480703212251 -5.791095 -2.9891608 -7.6688676
A 1480703212451 -5.0967765 -2.634819 -8.3344555
A 1480703212650 -4.7280693 -2.0458453 -6.814138
A 1480703212850 -5.0464983 -3.1160536 -7.1924214
A 1480703213047 -6.1167064 -1.2773068 -7.4246593
A 1480703213250 -4.6921563 -2.1392193 -6.5292277
A 1480703213450 -6.01615 -1.7537528 -8.047152
A 1480703213649 -4.5269566 -1.4281415 -8.229111
A 1480703213850 -5.269159 -2.0817585 -8.030392
A 1480703214050 -5.2739472 -1.2102691 -7.7813954
A 1480703214250 -3.7440526 -1.4161705 -7.3408623
A 1480703214452 -5.467878 -1.9309238 -7.953778
A 1480703214650 -5.23564 -1.7345992 -8.150103
A 1480703214851 -4.747223 -1.4257473 -7.5587344
A 1480703215050 -5.2188807 -1.5454574 -7.779001
A 1480703215246 -5.302678 -1.6795326 -8.21714
A 1480703215452 -5.302678 -2.1057005 -8.84442
A 1480703215652 -4.8669333 -1.6101007 -8.190804
A 1480703215850 -3.8589742 -1.2653357 -7.5012736
A 1480703216051 -6.4111934 -2.5222914 -10.630495
A 1480703216249 -6.8253903 -1.720234 -8.650491
A 1480703216449 -4.0289626 -1.6053123 -7.4055057
A 1480703216653 -4.8310204 -1.2725183 -6.948213
A 1480703216850 -5.956295 -2.184709 -8.008844
A 1480703217050 -5.2260633 -2.433706 -9.500432
A 1480703217251 -4.1821914 -1.5358806 -7.6090126
A 1480703217450 -4.1462784 -1.2629415 -7.9250474
A 1480703217650 -4.924394 -1.67235 -8.253053
A 1480703217850 -3.9786844 -1.8207905 -9.550711
A 1480703218050 -3.8039076 -1.0498576 -7.7718186
A 1480703218250 -3.784754 -1.2150575 -8.300937
A 1480703218448 -5.1901503 -1.303643 -8.6050005
A 1480703218650 -4.797501 -1.4520835 -8.133343
A 1480703218850 -4.0145974 -1.4113821 -7.8556156
A 1480703219051 -4.6466665 -1.8040311 -8.74147
A 1480703219250 -4.9028463 -2.100912 -9.445365
A 1480703219446 -4.06727 -1.5909472 -7.1541142
A 1480703219650 -4.3330264 -2.517503 -9.131725
A 1480703219849 -6.5189323 -1.8423383 -9.727881
A 1480703220050 -4.6011767 -1.8806455 -7.7957606
A 1480703220251 -4.2827477 -2.493561 -8.032786
A 1480703220450 -5.791095 -1.042675 -8.715134
A 1480703220649 -3.9475596 -1.8375499 -9.184398
A 1480703220850 -4.605965 -1.6196775 -7.826885
A 1480703221051 -4.3162665 -1.612495 -8.305725
A 1480703221250 -4.057693 -1.3060372 -6.5483813
A 1480703221449 -5.824614 -2.754529 -7.3217087
A 1480703221651 -6.8493323 -2.1296425 -8.174045
A 1480703221849 -5.4295707 -2.778471 -7.089471
A 1480703222050 -5.2500052 -2.6779146 -8.241082
A 1480703222250 -4.7089157 -1.7154456 -6.95779
A 1480703222450 -3.8158786 -1.2773068 -6.8931465
A 1480703222646 -4.8956637 -2.100912 -7.628166
A 1480703222849 -4.6251187 -1.7920601 -7.6449256
A 1480703223050 -4.5173798 -1.9620484 -8.066305
A 1480703223249 -4.605965 -1.6555907 -7.592253
A 1480703223448 -2.4104822 -1.114501 -6.29699
A 1480703223652 -4.797501 -2.6036944 -8.305725
A 1480703223849 -4.02178 -1.921347 -7.4126883
A 1480703224050 -6.085582 -2.6755204 -9.35678
A 1480703224250 -4.7160983 -1.4089879 -7.759847
A 1480703224448 -4.2923245 -1.5933414 -6.3831816
A 1480703224650 -4.5269566 -1.8782513 -7.824491
A 1480703224849 -6.2771177 -2.019509 -10.072646
A 1480703225050 -4.7998953 -1.744176 -7.0487695
A 1480703225250 -4.2540174 -1.7298108 -7.6568966
A 1480703225451 -5.6785674 -2.2230163 -9.38551
A 1480703225649 -5.652231 -1.8112137 -7.699992
A 1480703225848 -6.2747235 -3.3842041 -9.347203
A 1480703226050 -5.2284575 -1.1935097 -8.109401
A 1480703226250 -3.8374264 -1.696292 -7.723934
A 1480703226451 -5.005797 -1.495179 -7.0942593
A 1480703226650 -3.6937742 -1.1647793 -7.4079
A 1480703226850 -4.5652637 -2.325967 -8.245871
A 1480703227050 -5.0608635 -2.1176715 -8.190804
A 1480703227248 -5.9754486 -2.5582044 -10.350373
A 1480703227448 -5.1709967 -1.9716252 -7.6928096
A 1480703227650 -4.3138723 -2.0003555 -6.981732
A 1480703227850 -6.7607465 -3.027468 -10.482055
A 1480703228046 -4.507803 -1.945289 -6.5292277
A 1480703228246 -5.3553505 -2.5941176 -7.838856
A 1480703228450 -4.8334146 -2.0003555 -7.9489894
A 1480703228652 -3.7081397 -1.684321 -7.6425314
A 1480703228850 -5.0943823 -2.4768016 -7.1062303
A 1480703229049 -5.1662083 -1.8160021 -7.443813
A 1480703229248 -3.8493974 -2.6994624 -7.233123
A 1480703229451 -4.3354206 -2.03148 -8.08067
A 1480703229650 -4.1606436 -2.3762453 -7.7382994
A 1480703229930 -4.2923245 -2.5246856 -7.6545024
A 1480703230129 -4.139096 -2.1440077 -8.384734
A 1480703230328 -4.9507303 -1.6938978 -7.628166
A 1480703230531 -4.4287944 -1.7872717 -7.661685
A 1480703230730 -3.9930496 -1.9141644 -7.3695927
A 1480703230930 -4.6610317 -2.3523033 -8.760624
A 1480703231130 -5.056075 -2.4768016 -8.449377
A 1480703231331 -5.467878 -2.6300306 -8.949765
A 1480703231530 -4.421612 -1.9524716 -7.1325665
A 1480703231730 -4.5269566 -2.6659436 -8.348821
A 1480703231930 -4.364151 -2.3642743 -7.7933664
A 1480703232130 -4.163038 -2.3523033 -7.9011054
A 1480703232328 -4.5125914 -2.3523033 -8.071094
A 1480703232531 -4.4311886 -2.4839842 -8.123766
A 1480703232731 -4.5413218 -2.160767 -8.181227
A 1480703232931 -4.723281 -2.64679 -8.707952
A 1480703233131 -3.4663253 -2.0171149 -6.7662535
A 1480703233328 -3.8063018 -2.349909 -7.731117
A 1480703233531 -4.840597 -2.3642743 -8.317697
A 1480703233732 -5.419994 -2.2038627 -9.976878
A 1480703233932 -4.47189 -1.9740194 -7.8292794
A 1480703234129 -4.457525 -2.1823149 -7.27143
A 1480703234331 -4.9387593 -2.6659436 -8.269813
A 1480703234529 -4.519774 -2.1033063 -7.800549
A 1480703234730 -3.9499538 -2.1200657 -7.2834015
A 1480703234930 -4.5748405 -1.8064253 -9.591412
A 1480703235129 -3.8541858 -1.9476832 -8.743864
A 1480703235330 -4.0888176 -2.6156654 -7.338468
A 1480703235529 -3.3849223 -1.7178398 -8.631337
A 1480703235727 -3.7703888 -1.8423383 -6.4167004
A 1480703235930 -3.784754 -2.2948422 -8.3105135
A 1480703236130 -5.0943823 -2.055422 -8.356004
A 1480703236330 -2.953966 -2.0506337 -6.816532
A 1480703236531 -4.6969447 -2.8886044 -8.798931
A 1480703236730 -4.057693 -1.9141644 -7.067923
A 1480703236926 -4.6586375 -2.2828712 -7.688021
A 1480703237128 -5.700115 -2.598906 -8.863574
A 1480703237329 -6.06164 -2.5198972 -9.153273
A 1480703237528 -4.3234496 -1.4975733 -7.300161
A 1480703237730 -5.3098607 -2.8766334 -9.11736
A 1480703237929 -3.9667134 -2.5917234 -8.344032
A 1480703238129 -5.1781793 -1.2533647 -8.921035
A 1480703238326 -3.6722264 -0.6596027 -7.3049493
A 1480703238530 -5.470272 -3.2932243 -9.404664
A 1480703238730 -2.6068068 -1.5789762 -8.767806
A 1480703238930 -3.6387076 -0.82959104 -5.0759473
A 1480703239130 -5.616318 -2.172738 -8.502049
A 1480703239331 -5.810249 -2.0578163 -9.040746
A 1480703239531 -3.6530728 -1.9405006 -7.443813
A 1480703239727 -4.0505104 -2.110489 -8.535569
A 1480703239929 -4.7639823 -2.0338743 -8.095036
A 1480703240133 -4.2468348 -1.9620484 -7.1660852
A 1480703240330 -4.972278 -1.8543093 -9.222705
A 1480703240530 -3.9882612 -1.8734629 -7.707175
A 1480703240727 -4.2540174 -1.8543093 -7.869981
A 1480703240930 -4.5724463 -2.1583729 -8.74147
A 1480703241131 -4.6801853 -1.7130514 -8.566693
A 1480703241331 -4.9291825 -1.6101007 -8.664856
A 1480703241528 -4.6323013 -1.8423383 -8.332062
A 1480703241732 -4.5485044 -1.6268601 -8.166862
A 1480703241930 -4.54611 -1.5670052 -7.8436446
A 1480703242130 -4.35218 -1.6508023 -8.391916
A 1480703242330 -4.6945505 -1.6986862 -8.990467
A 1480703242528 -4.699339 -1.5693994 -8.078276
A 1480703242730 -4.3473916 -1.5813704 -8.202775
A 1480703242927 -5.1829677 -1.8926166 -8.329667
A 1480703243129 -5.0608635 -1.7705123 -8.063911
A 1480703243330 -4.435977 -1.3347676 -7.3288913
A 1480703243531 -4.5748405 -1.9740194 -8.5092325
A 1480703243730 -4.6227245 -1.5502458 -8.224322
A 1480703243931 -4.519774 -1.4544777 -7.970537
A 1480703244132 -4.3689394 -1.5478516 -8.269813
A 1480703244331 -5.781518 -2.4983494 -10.237846
A 1480703244531 -4.1007886 -1.4425067 -9.251435
A 1480703244730 -3.16705 -0.7793128 -8.633731
A 1480703244930 -5.005797 -1.8854339 -10.146867
A 1480703245131 -3.832638 -1.3706806 -8.253053
A 1480703245331 -4.311478 -1.114501 -8.396705
A 1480703245530 -3.8374264 -1.4640545 -8.341639
A 1480703245730 -4.462313 -1.6340427 -8.755836
A 1480703245933 -4.2947187 -1.3323734 -7.723934
A 1480703246127 -4.285142 -1.6938978 -8.719922
A 1480703246329 -4.2540174 -1.6651675 -8.514021
A 1480703246527 -4.273171 -1.3922284 -7.223546
A 1480703246733 -4.7160983 -1.7154456 -8.377551
A 1480703246931 -5.137478 -2.0913353 -8.672038
A 1480703247131 -5.2021213 -1.8016369 -8.616972
A 1480703247331 -4.8334146 -1.9907788 -9.040746
A 1480703247530 -4.6610317 -1.6268601 -8.224322
A 1480703247731 -4.14149 -1.3946226 -7.1445374
A 1480703247931 -5.3816867 -2.325967 -9.80689
A 1480703248131 -4.3928814 -1.684321 -7.1589026
A 1480703248327 -4.9028463 -1.351527 -8.573876
A 1480703248530 -4.874116 -2.1392193 -8.521204
A 1480703248731 -4.21571 -1.576582 -8.157285
A 1480703248931 -4.388093 -2.4768016 -9.189186
A 1480703249131 -4.5030146 -1.0498576 -7.3432565
A 1480703249327 -4.364151 -0.75297654 -9.656055
A 1480703249529 -4.4647074 -1.6531965 -8.624154
A 1480703249730 -3.4711137 -0.8008606 -7.616195
A 1480703249930 -5.091988 -1.4472951 -7.93223
A 1480703250130 -4.2085276 -1.6292543 -9.308896
A 1480703250330 -5.884469 -1.38744 -9.31129
A 1480703250530 -4.570052 -1.6172833 -9.012015
A 1480703250729 -5.551675 -1.1767503 -7.7382994
A 1480703250930 -4.498226 -1.2749126 -8.612184
A 1480703251130 -4.8429914 -1.1887213 -7.575494
A 1480703251326 -4.498226 -1.2389995 -8.260236
A 1480703251529 -4.582023 -1.4209589 -7.6209836
A 1480703251730 -4.627513 -1.3251908 -9.445365
A 1480703251931 -5.0991707 -1.4305357 -9.943359
A 1480703252130 -4.0768466 -1.4329299 -8.959342
A 1480703252330 -4.1247306 -0.9804257 -8.425435
A 1480703252527 -4.378516 -1.3227966 -8.559511
A 1480703252729 -3.248453 -0.6548143 -8.281783
A 1480703252931 -4.486255 -1.1552025 -8.882728
A 1480703253130 -4.4311886 -1.4520835 -7.541975
A 1480703253329 -4.9148173 -1.8136079 -8.099824
A 1480703253526 -4.9267883 -1.6747442 -8.001661
A 1480703253730 -5.8294024 -2.0147207 -8.518809
A 1480703253931 -5.8677096 -1.6795326 -7.8915286
A 1480703254131 -6.6386423 -2.3642743 -8.698375
A 1480703254329 -5.7144804 -1.3204024 -8.020815
A 1480703254527 -5.8150373 -1.4712371 -8.322485
A 1480703254731 -5.336197 -1.9596542 -9.124542
A 1480703254931 -5.4630895 -1.4975733 -7.8795576
A 1480703255130 -5.8916516 -1.7968485 -8.990467
A 1480703255330 -6.7607465 -1.2749126 -7.55634
A 1480703255531 -4.373728 -1.2174517 -7.6066184
A 1480703255726 -5.0010085 -1.6364369 -7.7526646
A 1480703255928 -5.1063533 -1.5430632 -8.959342
A 1480703256129 -4.519774 -1.4065937 -7.1780562
A 1480703256329 -5.103959 -1.8016369 -8.837238
A 1480703256529 -5.4175997 -1.6508023 -8.107006
A 1480703256729 -4.7663765 -1.4760255 -7.575494
A 1480703256930 -4.5868115 -1.4137763 -8.138131
A 1480703257130 -5.0608635 -1.6460139 -8.272206
A 1480703257330 -5.917988 -1.9764136 -9.419029
A 1480703257530 -4.402458 -1.2198459 -7.360016
A 1480703257731 -3.7799656 -0.9708489 -6.933848
A 1480703257926 -4.886087 -1.5861588 -8.516416
A 1480703258131 -3.7536294 -1.1408372 -6.5962653
A 1480703258330 -5.917988 -1.6220717 -8.518809
A 1480703258638 -5.7887006 -1.1671735 -7.661685
A 1480703258841 -4.6442723 -1.5789762 -7.3456507
A 1480703259039 -4.8549623 -1.6675617 -7.494091
A 1480703259241 -5.3457737 -1.2605473 -7.5707054
A 1480703259437 -5.834191 -2.1559787 -9.234675
A 1480703259640 -5.482243 -2.3690627 -9.234675
A 1480703259840 -5.2547936 -2.1679497 -7.697598
A 1480703260040 -5.3888693 -1.9261354 -7.958566
A 1480703260240 -4.129519 -0.75058234 -7.101442
A 1480703260437 -4.900452 -1.8567035 -8.925823
A 1480703260641 -5.2763414 -0.9014171 -7.4893026
A 1480703260839 -4.8358088 -1.4449009 -7.695204
A 1480703261038 -4.5389276 -1.2294227 -6.50768
A 1480703261240 -4.6945505 -1.4185647 -8.118978
A 1480703261439 -4.203739 -1.2270285 -7.4007173
A 1480703261639 -6.281906 -1.9405006 -10.125319
A 1480703261839 -4.349786 -1.8495209 -8.066305
A 1480703262039 -5.9275646 -1.9189528 -8.648096
A 1480703262240 -5.1686025 -0.5518636 -7.7813954
A 1480703262440 -5.2140923 -1.3611038 -7.553946
A 1480703262639 -5.7887006 -2.4001873 -7.769424
A 1480703262839 -5.2428226 -1.1456256 -8.066305
A 1480703263039 -6.114312 -1.5837646 -6.9434247
A 1480703263240 -5.968266 -2.4504654 -8.81569
A 1480703263437 -4.6730027 -0.71945775 -7.580282
A 1480703263639 -5.7408166 -1.8854339 -8.245871
A 1480703263839 -4.6801853 -1.2461821 -7.93223
A 1480703264040 -5.542098 -1.3419502 -8.346427
A 1480703264237 -5.032133 -1.363498 -7.905894
A 1480703264437 -5.5229445 -1.9548658 -7.743088
A 1480703264639 -5.910805 -2.6084828 -8.755836
A 1480703264839 -4.7903185 -1.933318 -7.776607
A 1480703265039 -3.2939427 -2.304419 -6.6106305
A 1480703265239 -4.2540174 -3.8367083 -8.363186
A 1480703265440 -3.6841974 -1.6651675 -7.350439
A 1480703265640 -4.5987825 -2.5438392 -9.261012
A 1480703265841 -4.3162665 -3.1016884 -7.580282
A 1480703266040 -4.78553 -2.124854 -7.7287226
A 1480703266241 -5.2284575 -2.8502972 -7.7143574
A 1480703266441 -3.7392642 -2.4624364 -7.3911405
A 1480703266639 -3.9355886 -1.9189528 -7.5730996
A 1480703266839 -4.3186607 -1.9069818 -8.363186
A 1480703267039 -4.227681 -2.1631613 -7.97772
A 1480703267240 -4.210922 -2.2637177 -8.260236
A 1480703267436 -4.783136 -2.81199 -8.396705
A 1480703267640 -4.6442723 -3.2716765 -8.825267
A 1480703267839 -4.5748405 -2.469619 -7.81252
A 1480703268039 -3.8182728 -2.505532 -7.800549
A 1480703268239 -3.7201107 -2.5438392 -8.370369
A 1480703268440 -4.081635 -2.6635494 -8.377551
A 1480703268640 -3.9547424 -2.5558102 -8.33685
A 1480703268840 -4.155855 -2.5773582 -8.099824
A 1480703269040 -4.3138723 -2.7497406 -8.356004
A 1480703269240 -4.024174 -2.304419 -8.150103
A 1480703269437 -4.354574 -2.8048072 -8.3583975
A 1480703269641 -4.1726146 -2.5941176 -8.303331
A 1480703269839 -4.2348638 -2.541445 -7.941807
A 1480703270039 -4.000232 -2.5031378 -8.449377
A 1480703270239 -4.14149 -2.3235729 -8.293755
A 1480703270439 -4.007415 -2.4313118 -8.367974
A 1480703270638 -4.0289626 -2.6204538 -8.245871
A 1480703270840 -4.198951 -2.658761 -8.348821
A 1480703271040 -4.797501 -1.8567035 -8.219534
A 1480703271239 -4.498226 -1.8375499 -8.260236
A 1480703271441 -4.605965 -1.8495209 -8.17165
A 1480703271640 -4.457525 -1.7513586 -8.097429
A 1480703271840 -4.5652637 -1.8614919 -8.197987
A 1480703272040 -4.570052 -1.8710687 -8.205169
A 1480703272239 -4.5485044 -1.9189528 -8.181227
A 1480703272440 -4.603571 -1.6915036 -8.207563
A 1480703272638 -4.809472 -1.5598226 -8.2865715
A 1480703272839 -4.7927127 -1.4472951 -8.090247
A 1480703273040 -4.713704 -1.50715 -8.195592
A 1480703273240 -4.7400403 -1.6268601 -8.2386875
A 1480703273440 -4.8022895 -1.5598226 -8.207563
A 1480703273640 -4.7639823 -1.5693994 -8.298543
A 1480703273837 -4.7041273 -1.7034746 -8.190804
A 1480703274040 -4.71131 -1.5670052 -8.305725
A 1480703274239 -4.8190494 -1.4664487 -8.272206
A 1480703274439 -4.852568 -1.3491328 -8.176438
A 1480703274639 -4.773559 -1.4305357 -8.219534
A 1480703274839 -4.8597507 -1.4688429 -8.130949
A 1480703275039 -4.7998953 -1.5693994 -8.293755
A 1480703275239 -4.840597 -1.4975733 -8.281783
A 1480703275437 -4.7400403 -1.5502458 -8.157285
A 1480703275640 -4.8190494 -1.7010804 -8.253053
A 1480703275840 -4.7663765 -1.6891094 -8.202775
A 1480703276040 -4.78553 -1.5837646 -8.279389
A 1480703276240 -4.747223 -1.5957355 -8.288966
A 1480703276439 -4.773559 -1.7417818 -8.20038
A 1480703276640 -4.7567997 -1.6771384 -8.2626295
A 1480703276840 -4.701733 -1.720234 -8.241082
A 1480703277036 -4.6921563 -1.5143327 -8.174045
A 1480703277240 -4.627513 -1.6819268 -8.233899
A 1480703277440 -4.531745 -1.6029181 -8.372763
A 1480703277640 -4.6706085 -1.7010804 -8.305725
A 1480703277841 -4.6346955 -1.6292543 -8.272206
A 1480703278041 -4.5365334 -1.8327615 -8.284178
A 1480703278240 -4.4407654 -1.9476832 -8.372763
A 1480703278440 -4.4048524 -1.9835962 -8.2626295
A 1480703278640 -4.414429 -1.8902224 -8.205169
A 1480703278839 -4.4886494 -1.9021934 -8.430223
A 1480703279039 -4.4671016 -1.8902224 -8.274601
A 1480703279239 -4.4431596 -1.897405 -8.3823395
A 1480703279439 -4.469496 -1.8686745 -8.293755
A 1480703279639 -4.5365334 -1.7298108 -8.2626295
A 1480703279839 -4.5389276 -1.8351557 -8.315302
A 1480703280039 -4.39767 -1.9668368 -8.248264
A 1480703280238 -4.3138723 -2.0338743 -8.332062
A 1480703280440 -4.285142 -2.2254105 -8.499656
A 1480703280640 -4.747223 -1.5310922 -8.339244
A 1480703280840 -4.4311886 -1.8710687 -8.044758
A 1480703281040 -4.910029 -1.327585 -8.396705
A 1480703281240 -4.4647074 -1.8950108 -8.15489
A 1480703281439 -4.7663765 -1.5957355 -8.241082
A 1480703281640 -4.390487 -1.95726 -8.408676
A 1480703281839 -4.6586375 -1.5741878 -8.241082
A 1480703282040 -4.505409 -1.6388311 -8.269813
A 1480703282239 -4.4407654 -1.7489644 -8.17165
A 1480703282440 -4.5030146 -1.9021934 -8.45656
A 1480703282640 -4.9770665 -0.9038113 -8.229111
A 1480703282839 -4.900452 -1.2773068 -8.092642
A 1480703283040 -4.8453856 -1.279701 -8.356004
A 1480703283239 -4.9267883 -1.0067619 -8.257841
A 1480703283436 -5.0728345 -0.92775327 -8.21714
A 1480703283640 -5.4630895 -0.5183448 -8.231505
A 1480703283839 -5.563646 -0.33159703 -8.133343
A 1480703284039 -5.530127 -0.31723183 -8.114189
A 1480703284240 -5.4415417 -0.520739 -8.104612
A 1480703284440 -5.3768983 -0.72903454 -8.152496
A 1480703284639 -5.233246 -0.75058234 -8.130949
A 1480703284840 -5.3098607 -0.7841012 -8.056728
A 1480703285040 -4.9531245 -1.4496893 -8.257841
A 1480703285240 -5.4295707 -0.7601592 -8.303331
A 1480703285438 -5.221275 -1.0163387 -8.243476
A 1480703285638 -5.2164865 -0.9493011 -8.037575
A 1480703285839 -4.910029 -1.030704 -8.3344555
A 1480703286039 -5.1207185 -0.70748675 -8.183621
A 1480703286239 -4.6825795 -0.8774751 -8.403888
A 1480703286440 -4.7089157 -0.72903454 -8.2386875
A 1480703286646 -4.5724463 -0.8702924 -8.490079
A 1480703286850 -4.5030146 -0.7912838 -8.494867
A 1480703287049 -5.0584693 -0.32441443 -8.444589
A 1480703287309 -4.639484 -0.70509255 -8.597818
A 1480703287510 -4.5987825 -0.8678982 -8.640914
A 1480703287707 -4.4910436 -0.9540895 -8.365581
A 1480703287909 -4.198951 -1.1959039 -8.585847
A 1480703288108 -4.5293508 -0.8750808 -8.825267
A 1480703288306 -4.119942 -1.0881648 -8.487684
A 1480703288509 -4.3809104 -0.8128316 -8.540358
A 1480703288710 -4.35218 -1.1408372 -8.95216
A 1480703288910 -4.3928814 -0.74100554 -8.463742
A 1480703289110 -4.043328 -0.73382294 -8.387128
A 1480703289310 -4.191768 -0.9900025 -8.916246
A 1480703289509 -4.18698 -1.1288662 -8.5092325
A 1480703289710 -4.2899303 -1.1959039 -8.322485
A 1480703289909 -4.8334146 -1.1456256 -8.949765
A 1480703290109 -4.1127596 -0.9493011 -7.661685
A 1480703290310 -4.330632 -1.6531965 -8.710345
A 1480703290506 -4.450342 -1.8016369 -8.288966
A 1480703290711 -3.418441 -1.4353241 -7.917865
A 1480703290908 -4.6921563 -1.8136079 -8.765412
A 1480703291110 -4.0145974 -1.5789762 -9.033563
A 1480703291310 -4.385699 -1.6220717 -8.873151
A 1480703291507 -4.127125 -1.3730748 -8.45656
A 1480703291710 -4.35218 -1.3850458 -8.583453
A 1480703291911 -4.459919 -1.6986862 -8.490079
A 1480703292110 -4.297113 -1.6747442 -8.3823395
A 1480703292310 -4.048116 -1.7920601 -7.8173084
A 1480703292510 -4.2564116 -1.7585412 -8.071094
A 1480703292710 -4.203739 -1.7753007 -7.747876
A 1480703292910 -4.797501 -2.2301989 -9.189186
A 1480703293110 -4.7208867 -1.9644426 -7.836462
A 1480703293310 -4.522168 -1.933318 -7.733511
A 1480703293509 -5.1350837 -1.8543093 -8.655279
A 1480703293710 -4.072058 -1.4329299 -7.97772
A 1480703293910 -5.2045155 -2.2900538 -8.504444
A 1480703294108 -5.125507 -1.9189528 -8.585847
A 1480703294310 -5.5229445 -2.2421699 -8.516416
A 1480703294510 -4.373728 -2.0003555 -8.523598
A 1480703294710 -4.189374 -1.7513586 -8.681615
A 1480703294910 -4.457525 -2.0841527 -9.275377
A 1480703295110 -4.373728 -1.8997992 -7.920259
A 1480703295309 -4.213316 -1.5933414 -7.745482
A 1480703295510 -3.5070267 -1.3419502 -7.7287226
A 1480703295707 -4.093606 -2.5342624 -8.42783
A 1480703295910 -3.8350322 -2.3714569 -8.341639
A 1480703296110 -4.570052 -2.2613235 -7.4773316
A 1480703296311 -4.373728 -2.3786395 -8.446983
A 1480703296511 -4.35218 -1.6101007 -8.279389
A 1480703296710 -4.251623 -1.9644426 -8.133343
A 1480703296911 -3.475902 -1.8136079 -8.241082
A 1480703297111 -4.0505104 -2.7497406 -7.553946
A 1480703297308 -4.2683825 -2.19668 -8.226717
A 1480703297509 -4.0864234 -1.9524716 -8.5571165
A 1480703297709 -3.5788527 -2.5438392 -8.018421
A 1480703297909 -3.6147656 -2.0793643 -8.092642
A 1480703298110 -3.760812 -2.325967 -8.588242
A 1480703298310 -3.9355886 -1.9189528 -7.4629664
A 1480703298510 -4.543716 -2.184709 -8.753441
A 1480703298709 -5.017768 -2.457648 -9.131725
A 1480703298909 -4.9291825 -1.8160021 -7.946595
A 1480703299109 -4.072058 -1.7178398 -8.221929
A 1480703299310 -4.8717217 -1.8758571 -7.946595
A 1480703299510 -4.5030146 -1.2940662 -7.8556156
A 1480703299710 -5.1470547 -2.5510218 -8.109401
A 1480703299910 -4.862145 -2.3786395 -9.134119
A 1480703300110 -4.366545 -1.6316485 -7.3169203
A 1480703300310 -4.1941624 -1.6508023 -7.8197026
A 1480703300508 -4.402458 -1.3467386 -7.9849024
A 1480703300711 -4.933971 -2.0099323 -8.444589
A 1480703300909 -4.6730027 -1.5813704 -8.14292
A 1480703301110 -4.4431596 -2.5127146 -8.15489
A 1480703301310 -4.7687707 -2.112883 -8.461349
A 1480703301510 -4.713704 -2.1152773 -8.037575
A 1480703301710 -4.481467 -2.4384944 -8.399099
A 1480703301910 -4.735252 -2.110489 -8.2147455
A 1480703302110 -4.7304635 -2.19668 -8.0878525
A 1480703302310 -4.78553 -1.921347 -8.032786
A 1480703302511 -4.483861 -1.6555907 -7.5826764
A 1480703302711 -4.8669333 -2.3451207 -9.316078
A 1480703302911 -4.481467 -1.969231 -7.3193145
A 1480703303111 -4.6323013 -1.3180082 -7.824491
A 1480703303309 -4.809472 -2.4959552 -8.573876
A 1480703303509 -4.910029 -1.1216836 -7.6329546
A 1480703303706 -4.055299 -2.088941 -7.338468
A 1480703303909 -5.637866 -2.4552538 -9.50522
A 1480703304109 -4.6227245 -1.777695 -7.4294477
A 1480703304309 -4.725675 -2.0506337 -7.826885
A 1480703304510 -5.017768 -2.268506 -8.461349
A 1480703304720 -4.570052 -1.5095443 -8.095036
A 1480703304919 -4.840597 -1.8543093 -8.502049
A 1480703305119 -4.87651 -1.5119385 -7.970537
A 1480703305320 -5.5205503 -2.088941 -8.763018
A 1480703305520 -4.18698 -1.3706806 -7.6305604
A 1480703305720 -4.9650955 -2.0147207 -9.292136
A 1480703305920 -3.9643192 -0.71945775 -7.213969
A 1480703306120 -4.4264 -1.8495209 -8.992861
A 1480703306320 -4.6466665 -1.9548658 -9.031169
A 1480703306521 -4.4431596 -1.8040311 -7.7837896
A 1480703306721 -4.103183 -1.3898342 -8.74147
A 1480703306916 -4.198951 -1.6077065 -7.544369
A 1480703307121 -4.143884 -1.4520835 -7.4749374
A 1480703307320 -4.9746723 -1.732205 -8.71274
A 1480703307519 -4.5987825 -1.8375499 -8.853997
A 1480703307715 -4.433583 -2.0027497 -8.360792
A 1480703307919 -4.1726146 -1.7585412 -7.814914
A 1480703308118 -3.9786844 -1.5478516 -7.0822883
A 1480703308320 -3.8613684 -2.268506 -7.8651924
A 1480703308519 -4.2612 -1.8997992 -7.707175
A 1480703308720 -3.880522 -2.2062569 -8.078276
A 1480703308920 -4.198951 -2.1296425 -8.339244
A 1480703309121 -4.5006204 -2.0458453 -8.209957
A 1480703309320 -3.8589742 -2.0721817 -7.944201
A 1480703309519 -4.675397 -2.0721817 -8.542751
A 1480703309719 -4.115154 -2.3810337 -8.971313
A 1480703309919 -4.2779593 -2.055422 -8.717528
A 1480703310117 -3.9786844 -2.098518 -8.514021
A 1480703310319 -4.0768466 -2.1272483 -8.882728
A 1480703310520 -3.8900988 -2.005144 -8.482896
A 1480703310720 -3.7584178 -2.0697873 -8.190804
A 1480703310920 -4.3210554 -2.0482395 -8.882728
A 1480703311120 -3.952348 -1.9979614 -8.209957
A 1480703311319 -4.06727 -2.0506337 -8.6289425
A 1480703311519 -3.9715018 -2.0626047 -9.22031
A 1480703311719 -3.607583 -1.8088195 -8.145313
A 1480703311919 -3.308308 -1.8997992 -8.128554
A 1480703312117 -3.8302438 -2.03148 -8.976102
A 1480703312318 -3.8637626 -1.9644426 -8.755836
A 1480703312519 -3.880522 -1.0043677 -8.027998
A 1480703312719 -4.2204986 -0.8008606 -8.9473715
A 1480703312919 -3.3897107 -2.1320367 -8.846815
A 1480703313120 -4.131913 -0.8750808 -8.600212
A 1480703313318 -3.748841 -1.4616603 -9.1006
A 1480703313517 -3.463931 -1.6531965 -8.856392
A 1480703313720 -4.048116 -1.2413937 -8.966525
A 1480703313920 -3.7703888 -1.7489644 -8.461349
A 1480703314120 -4.096 -1.6699558 -8.995255
A 1480703314319 -3.9786844 -1.6077065 -8.420647
A 1480703314521 -3.6578612 -1.4927849 -7.872375
A 1480703314719 -4.0505104 -1.9859904 -8.770201
A 1480703314919 -3.7153223 -1.7106572 -7.790972
A 1480703315120 -4.615542 -1.8710687 -8.236294
A 1480703315329 -4.7424345 -1.8710687 -8.18841
A 1480703315531 -4.5892057 -2.0482395 -7.6664734
A 1480703315732 -4.522168 -2.6036944 -8.490079
A 1480703316009 -4.0744524 -3.0107086 -8.257841
A 1480703316211 -3.9236176 -2.136825 -8.403888
A 1480703316410 -3.4136527 -1.8997992 -8.006451
A 1480703316609 -3.784754 -2.1296425 -9.079053
A 1480703316809 -3.6027946 -2.244564 -8.2626295
A 1480703317009 -3.7919366 -2.088941 -8.640914
A 1480703317208 -4.1965566 -2.0027497 -8.693586
A 1480703317409 -3.274789 -1.6699558 -8.3344555
A 1480703317611 -3.8470032 -2.1057005 -9.272983
A 1480703317810 -3.6004004 -1.5334864 -9.2179165
A 1480703318010 -2.8510153 -1.7537528 -7.850827
A 1480703318210 -2.8749573 -1.4927849 -8.791748
A 1480703318407 -3.7512352 -1.10253 -8.885122
A 1480703318607 -3.308308 -1.8303673 -8.789354
A 1480703318810 -2.9922733 -2.2469583 -7.709569
A 1480703319010 -3.4232295 -1.5837646 -8.791748
A 1480703319209 -3.3059137 -2.610877 -9.691968
A 1480703319410 -2.6882095 -1.4305357 -7.9250474
A 1480703319610 -2.894111 -1.9620484 -9.790131
A 1480703319809 -2.31232 -2.2756886 -8.229111
A 1480703320010 -2.8174965 -1.4688429 -8.897093
A 1480703320207 -3.143108 -2.160767 -9.296925
A 1480703320409 -3.071282 -1.6675617 -9.304108
A 1480703320610 -2.5924416 -2.5031378 -8.367974
A 1480703320810 -2.9587543 -1.5981297 -8.818085
A 1480703321009 -2.9826965 -2.5366566 -8.698375
A 1480703321211 -2.3913286 -3.1854854 -9.893081
A 1480703321410 -2.798343 -1.8447325 -8.123766
A 1480703321610 -2.6235662 -2.8191726 -9.198763
A 1480703321806 -2.8534095 -2.6635494 -9.294531
A 1480703322009 -2.7576416 -2.5582044 -9.172426
A 1480703322210 -2.6762385 -2.6372132 -8.588242
A 1480703322409 -2.4823084 -2.433706 -8.430223
A 1480703322608 -3.0904355 -2.3451207 -8.918641
A 1480703322809 -2.858198 -2.5510218 -9.184398
A 1480703323009 -2.750459 -2.5773582 -8.62176
A 1480703323209 -3.0904355 -2.5653872 -8.779778
A 1480703323406 -3.107195 -2.4025815 -8.401493
A 1480703323607 -3.2795775 -2.7401638 -8.9354
A 1480703323809 -3.2316935 -2.5438392 -8.480502
A 1480703324010 -3.2340877 -2.4983494 -8.492473
A 1480703324210 -3.119166 -2.349909 -8.3105135
A 1480703324409 -3.1742325 -2.6324248 -9.040746
A 1480703324609 -2.9635427 -2.2661119 -7.97772
A 1480703324809 -2.8510153 -2.337938 -8.530781
A 1480703325006 -3.3873165 -2.7880478 -8.2626295
A 1480703325209 -3.5309687 -2.5342624 -8.751047
A 1480703325409 -3.7344759 -2.4049757 -8.047152
A 1480703325609 -3.5932178 -2.7593174 -8.561905
A 1480703325809 -3.442383 -2.5965118 -7.9609604
A 1480703326009 -4.0529046 -3.192668 -9.845197
A 1480703326209 -3.3059137 -2.622848 -8.446983
A 1480703326409 -2.9467833 -2.2541409 -8.554723
A 1480703326608 -3.8374264 -2.8909986 -8.774989
A 1480703326808 -3.631525 -2.421735 -9.179609
A 1480703327009 -3.7344759 -2.19668 -8.418253
A 1480703327211 -3.2939427 -2.5318682 -9.059899
A 1480703327409 -3.4615366 -2.0242975 -8.133343
A 1480703327609 -3.6506786 -2.6563668 -8.90667
A 1480703327809 -3.7919366 -2.4911668 -8.758229
A 1480703328009 -4.337815 -2.9269116 -10.029551
A 1480703328209 -4.0864234 -2.5558102 -8.731894
A 1480703328409 -3.3322499 -2.2732944 -9.186791
A 1480703328609 -4.1941624 -2.7210102 -8.224322
A 1480703328808 -4.091212 -2.1152773 -8.631337
A 1480703329008 -4.5293508 -3.264494 -7.994479
A 1480703329208 -3.8900988 -2.3020248 -8.650491
A 1480703329407 -3.9954438 -2.2230163 -8.485291
A 1480703329609 -4.7208867 -2.3475149 -8.889911
A 1480703329809 -4.191768 -2.098518 -8.2865715
A 1480703330010 -3.7272933 -2.0266917 -8.135736
A 1480703330209 -4.179797 -2.5007436 -8.655279
A 1480703330408 -3.679409 -2.3451207 -7.67605
A 1480703330609 -4.2540174 -1.6316485 -8.15489
A 1480703330810 -4.7759533 -2.4025815 -8.8994875
A 1480703331010 -4.163038 -1.5358806 -8.245871
A 1480703331209 -4.131913 -2.1775265 -7.982508
A 1480703331409 -4.3234496 -2.4887726 -8.12616
A 1480703331609 -4.725675 -1.9883846 -8.221929
A 1480703331808 -4.5772347 -2.2756886 -8.473319
A 1480703332009 -4.093606 -2.5845408 -7.88674
A 1480703332210 -5.649837 -2.6563668 -8.504444
A 1480703332407 -5.616318 -2.1751323 -6.9314537
A 1480703332610 -4.8046837 -2.3355439 -7.5467634
A 1480703332810 -4.5844173 -2.5653872 -7.635349
A 1480703333010 -4.99622 -4.0258503 -7.0344043
A 1480703333209 -4.043328 -3.3506854 -7.790972
A 1480703333410 -3.7560236 -4.3586445 -7.3911405
A 1480703333606 -4.06727 -3.8534677 -7.5491576
A 1480703333809 -3.40647 -4.1024647 -7.6449256
A 1480703334010 -2.9348123 -4.3586445 -8.346427
A 1480703334210 -3.9116466 -4.815937 -8.537963