A 1480774364104 -7.869262 -0.9708489 5.8655543
A 1480774364304 -8.38641 -1.1623851 6.0283604
A 1480774364501 -8.056009 -0.805649 6.3755193
A 1480774364706 -9.217197 -1.279701 6.143282
A 1480774364915 -7.4191523 -1.066617 6.3156643
A 1480774365114 -8.589917 -1.0594344 5.8775253
A 1480774365311 -7.5053434 -1.0354924 5.9541397
A 1480774365512 -7.2898655 -0.793678 5.8775253
A 1480774365712 -8.714416 -1.3850458 6.2677803
A 1480774365914 -7.4071813 -0.8607156 5.9182267
A 1480774366114 -8.247546 -1.4233531 5.7817574
A 1480774366312 -6.6027293 -1.126472 5.6261344
A 1480774366512 -9.049603 -1.3299792 5.717114
A 1480774366708 -7.739975 -1.7896659 6.521566
A 1480774366912 -7.840532 -1.38744 4.709155
A 1480774367112 -8.032067 -0.9109939 5.9158325
A 1480774367313 -7.558016 -1.2629415 5.8176703
A 1480774367513 -8.807789 -1.3251908 5.6859894
A 1480774367714 -8.154172 -1.0235213 5.776969
A 1480774367913 -8.855673 -1.2389995 5.183207
A 1480774368113 -8.135018 -1.150414 6.19356
A 1480774368310 -8.874826 -1.0019735 5.7242966
A 1480774368508 -8.264305 -1.0953474 5.875131
A 1480774368712 -8.400775 -0.7601592 5.087439
A 1480774368911 -8.355285 -0.6476317 5.741056
A 1480774369112 -8.247546 -0.60214186 5.5423374
A 1480774369314 -8.5875225 -0.50637376 5.425021
A 1480774369511 -8.017702 -0.45848972 6.049908
A 1480774369714 -8.50612 -0.9684547 5.4848766
A 1480774369908 -7.215645 -1.2988546 5.6764126
A 1480774370114 -8.477389 -1.7513586 6.1528587
A 1480774370313 -7.060022 -1.9476832 5.539943
A 1480774370512 -7.622659 -2.0649989 6.1839833
A 1480774370713 -6.767929 -2.7210102 5.2502446
A 1480774370912 -6.46626 -2.256535 6.849571
A 1480774371113 -7.208462 -2.8000188 6.0930037
A 1480774371313 -7.7471576 -2.4791958 6.8878784
A 1480774371512 -7.143819 -2.4313118 6.262992
A 1480774371712 -7.014532 -2.6276364 6.80887
A 1480774371913 -7.3018365 -2.5222914 6.121734
A 1480774372111 -7.4694304 -1.2342111 6.6460643
A 1480774372314 -7.3233843 -1.3467386 6.047514
A 1480774372512 -7.8118014 -1.4209589 6.6029687
A 1480774372711 -7.5675926 -1.3611038 6.121734
A 1480774372912 -7.6968794 -0.1472435 5.9708996
A 1480774373114 -7.7711 -0.2549826 6.2198963
A 1480774373313 -8.630618 -0.2645594 6.409038
A 1480774373512 -7.251558 0.04429262 6.3180585
A 1480774373713 -7.842926 0.07781144 6.361154
A 1480774373914 -8.0224905 -0.08978267 6.9932237
A 1480774374116 -6.9738307 0.04429262 7.6205044
A 1480774374325 -7.4311233 -0.0035914127 6.5742383
A 1480774374524 -7.354509 -0.03950444 6.1624355
A 1480774374724 -7.8740506 -0.37948108 5.8942847
A 1480774374923 -7.900387 -0.47764334 6.1289167
A 1480774375122 -8.786242 -1.1001358 6.346789
A 1480774375321 -7.670543 -0.82001424 5.1401114
A 1480774375523 -8.472601 -1.114501 5.29334
A 1480774375724 -8.314584 -1.0067619 4.718732
A 1480774375924 -9.080729 -1.1168952 4.8336535
A 1480774376123 -8.779058 -1.0714054 4.426639
A 1480774376323 -8.862856 -1.0929532 3.6652832
A 1480774376522 -9.700827 -1.1935097 3.3037586
A 1480774376724 -7.881233 -0.9540895 4.7594333
A 1480774376923 -8.170932 -1.564611 5.654865
A 1480774377123 -7.060022 -1.7800891 5.350801
A 1480774377323 -7.984184 -1.0690112 6.002024
A 1480774377524 -7.3952103 -0.6476317 6.97407
A 1480774377725 -6.811025 -1.0378866 6.3659425
A 1480774377922 -7.218039 -0.8008606 6.009207
A 1480774378124 -8.352891 -0.70988095 6.3539715
A 1480774378323 -6.858909 -0.3028666 7.007589
A 1480774378518 -6.7511697 -1.10253 7.0291367
A 1480774378725 -6.976225 -0.19752175 5.281369
A 1480774378923 -8.565975 -0.58298826 6.265386
A 1480774379121 -7.282683 -0.44651872 7.445728
A 1480774379323 -7.1988854 -0.31244344 6.8902726
A 1480774379525 -7.1988854 -0.48243174 7.8024635
A 1480774379725 -5.542098 -0.6715737 7.7066956
A 1480774379923 -7.9195404 -0.11133049 5.7817574
A 1480774380122 -7.807013 -0.36511585 6.6388817
A 1480774380323 -7.024109 -0.15682033 7.6324754
A 1480774380523 -7.380845 0.06344624 5.6524706
A 1480774380723 -8.86525 -0.32202023 5.348407
A 1480774380923 -8.0224905 -0.47285494 6.1744065
A 1480774381119 -7.4191523 -0.2621652 5.487271
A 1480774381323 -8.283459 -0.24540576 6.0786386
A 1480774381522 -8.431899 -0.7912838 5.2622156
A 1480774381717 -9.025661 -0.4249709 5.9182267
A 1480774381926 -7.692091 -0.6404491 4.862384
A 1480774382128 -8.697656 -0.8631098 5.365166
A 1480774382328 -8.874826 -0.568623 4.903085
A 1480774382530 -8.712021 -0.50397956 5.815276
A 1480774382731 -8.036856 -1.0330982 4.6181755
A 1480774382933 -8.312189 -0.8678982 5.480088
A 1480774383130 -8.034462 -0.9540895 4.864778
A 1480774383332 -8.448659 -1.0211271 5.336436
A 1480774383532 -8.355285 -1.042675 5.015613
A 1480774383733 -8.132624 -0.9756373 5.159265
A 1480774383935 -8.099105 -1.1528083 5.123352
A 1480774384133 -7.8357434 -1.1288662 5.051526
A 1480774384333 -8.764693 -1.6316485 5.123352
A 1480774384532 -8.24994 -1.8638861 6.265386
A 1480774384733 -8.750328 -2.098518 5.039555
A 1480774384927 -7.4430943 -1.2366053 4.5966277
A 1480774385131 -8.482178 -1.6891094 4.936604
A 1480774385333 -8.180509 -1.9859904 4.8815374
A 1480774385533 -8.3169775 -1.7585412 4.6277523
A 1480774385733 -8.752723 -1.9141644 4.4817057
A 1480774385933 -8.2667 -1.8926166 4.6421175
A 1480774386132 -9.516473 -2.1871033 4.3260827
A 1480774386333 -8.621041 -1.9357122 4.3931203
A 1480774386534 -8.410352 -1.4257473 3.5168426
A 1480774386736 -9.032845 -0.9181765 4.187219
A 1480774386933 -8.613859 -0.865504 5.389108
A 1480774387129 -8.0703745 -0.31483763 4.8312593
A 1480774387332 -7.797436 -0.10893629 3.6724658
A 1480774387528 -10.634565 -1.7298108 3.083492
A 1480774387732 -8.259517 -1.4018053 4.1824307
A 1480774387932 -8.508514 -0.4273651 4.1680655
A 1480774388129 -9.111853 0.013168 5.2239084
A 1480774388335 -9.64576 -0.6332665 1.4482523
A 1480774388533 -10.957783 -0.62847805 3.2295384
A 1480774388733 -7.742369 -0.21667537 4.2781987
A 1480774388933 -10.646536 -0.4177883 3.7371092
A 1480774389134 -9.530838 -1.0283097 0.8664613
A 1480774389332 -9.040027 -0.36272165 3.0044835
A 1480774389532 -10.948206 -0.71227515 2.858437
A 1480774389734 -8.570764 -0.59256506 2.7913995
A 1480774389933 -10.40951 -0.43933612 2.6477473
A 1480774390133 -8.86525 -0.21906957 3.7203498
A 1480774390333 -8.58034 -0.271742 4.3380537
A 1480774390532 -9.346484 -0.45848972 4.1082106
A 1480774390732 -9.291418 -0.48482594 3.818512
A 1480774390933 -8.537245 -0.44412452 4.6900015
A 1480774391133 -9.138189 -0.8774751 4.115393
A 1480774391328 -8.6114645 -0.5279216 4.412274
A 1480774391534 -8.056009 -0.50158536 4.948575
A 1480774391733 -9.43507 -0.84395623 4.1560946
A 1480774391932 -8.554004 -0.46327814 4.730703
A 1480774392132 -8.230786 -1.1336546 5.120958
A 1480774392329 -8.621041 -0.8870519 4.8959026
A 1480774392528 -8.956229 -0.71227515 5.585433
A 1480774392733 -8.793424 -0.61171865 5.0419493
A 1480774392935 -8.1015 -1.2533647 5.4154444
A 1480774393134 -7.792648 -1.0642228 5.317282
A 1480774393333 -7.704062 -1.6172833 5.0180073
A 1480774393528 -8.417534 -1.6819268 6.19356
A 1480774393732 -7.416758 -1.1575967 5.609375
A 1480774393932 -8.214027 -1.0953474 5.147294
A 1480774394133 -8.728781 -2.0817585 6.473682
A 1480774394334 -6.6984973 -1.6555907 6.023572
A 1480774394528 -8.115865 -1.3539212 5.120958
A 1480774394734 -8.508514 -1.6651675 6.322847
A 1480774394933 -7.0552335 -1.1959039 5.966111
A 1480774395132 -7.828561 -1.2629415 6.971676
A 1480774395334 -7.368874 -1.1552025 5.911044
A 1480774395534 -7.239587 -0.8750808 6.3156643
A 1480774395733 -8.252335 -0.9756373 7.0363193
A 1480774395933 -5.992208 -0.17836812 6.5790267
A 1480774396133 -7.158184 -1.0402808 6.7897162
A 1480774396332 -6.6745553 -0.6332665 6.772957
A 1480774396532 -6.822996 -0.09217688 6.2438383
A 1480774396734 -6.87088 -0.62368965 8.111316
A 1480774396932 -6.8062367 -0.8678982 8.214267
A 1480774397132 -5.515762 -0.1400609 6.009207
A 1480774397333 -7.098329 -0.21428117 6.1121573
A 1480774397532 -5.4152055 0.1376665 9.1480055
A 1480774397728 -8.15896 -0.9660605 9.655576
A 1480774397932 -6.289089 -1.2366053 6.7466207
A 1480774398133 -6.456683 -0.307655 8.331582
A 1480774398333 -5.223669 0.39384606 7.749791
A 1480774398528 -5.7767296 0.19512734 8.18793
A 1480774398732 -5.269159 0.6117184 6.322847
A 1480774398934 -7.012138 -0.02753343 6.0786386
A 1480774399133 -10.658507 -0.06823486 8.621281
A 1480774399333 -4.117548 -0.45370132 7.428968
A 1480774399528 -6.672161 0.013168 7.651629
A 1480774399735 -7.694485 -0.44173032 6.5024123
A 1480774399931 -7.6849084 -0.83916783 6.325241
A 1480774400132 -7.2252216 -0.19752175 7.61811
A 1480774400333 -6.538086 -0.3028666 7.5271306
A 1480774400533 -6.7799006 -0.22625217 7.0650496
A 1480774400734 -8.182902 -1.4041995 6.511989
A 1480774400927 -7.739975 -1.2054807 6.7418323
A 1480774401134 -6.097553 -1.6460139 6.557479
A 1480774401334 -7.833349 -1.6292543 6.64367
A 1480774401532 -7.718427 -1.909376 6.4281917
A 1480774401734 -6.79666 -1.2102691 6.995618
A 1480774401932 -7.988972 -1.6412253 6.6340933
A 1480774402132 -6.708074 -1.3084314 6.2462325
A 1480774402332 -6.7894773 -0.9947909 6.7226787
A 1480774402532 -7.668149 -1.8279731 6.2318673
A 1480774402734 -7.03608 -1.375469 6.2007427
A 1480774402932 -7.818984 -1.126472 6.521566
A 1480774403131 -7.227616 -1.1168952 6.6819773
A 1480774403334 -7.3736625 -1.1528083 6.1528587
A 1480774403532 -7.9339056 -1.3682864 6.2342615
A 1480774403734 -6.8517265 -1.1552025 6.334818
A 1480774403932 -7.380845 -1.2198459 6.3443947
A 1480774404136 -7.8022246 -1.3706806 6.3539715
A 1480774404343 -7.498161 -1.1360488 6.1480703
A 1480774404542 -7.2994423 -0.2621652 6.325241
A 1480774404744 -8.079951 0.4417301 5.99963
A 1480774404942 -8.214027 -0.2908956 6.31327
A 1480774405144 -7.2802887 -0.034716032 6.310876
A 1480774405343 -8.333737 0.16879112 6.059485
A 1480774405542 -7.5771694 0.2932896 6.2701745
A 1480774405744 -7.6849084 0.4345475 6.9908295
A 1480774405944 -7.191703 0.34356785 6.3755193
A 1480774406140 -7.4670362 -0.22385797 7.438545
A 1480774406340 -6.8613033 -0.06823486 6.8423886
A 1480774406540 -6.6913147 0.058657832 6.4377685
A 1480774406741 -7.8357434 0.19752154 6.1049747
A 1480774406941 -6.732016 0.31004903 6.9429455
A 1480774407141 -9.121429 0.017956402 6.31327
A 1480774407337 -7.4598536 -0.37229848 5.6524706
A 1480774407541 -8.704839 -0.31483763 5.1305346
A 1480774407742 -8.214027 -0.38187528 4.7761927
A 1480774407941 -8.194874 -0.9181765 5.2861576
A 1480774408143 -8.896375 -1.2964604 5.1377172
A 1480774408342 -8.455841 -1.3922284 4.754645
A 1480774408542 -7.878839 -0.9253591 5.609375
A 1480774408741 -8.372045 -1.6412253 5.33883
A 1480774408941 -8.271488 -1.519121 4.915056
A 1480774409142 -7.986578 -1.0594344 4.486494
A 1480774409341 -7.818984 -0.70509255 4.910268
A 1480774409541 -8.570764 -1.1575967 5.436992
A 1480774409741 -7.89081 -0.92775327 5.460934
A 1480774409940 -9.253111 -1.339556 5.705143
A 1480774410142 -9.102276 -1.0522518 5.0419493
A 1480774410341 -7.416758 -1.1528083 5.4681168
A 1480774410540 -8.668925 -0.8966287 5.159265
A 1480774410742 -8.091923 -1.1575967 5.252639
A 1480774410938 -8.391198 -0.9062055 5.5207896
A 1480774411137 -7.962636 -0.9876083 5.923015
A 1480774411338 -8.644983 -1.3060372 4.527196
A 1480774411541 -8.132624 -1.10253 5.1257463
A 1480774411739 -7.6394186 -1.10253 5.4274154
A 1480774411940 -8.276277 -1.4281415 5.5183954
A 1480774412141 -8.39838 -1.2006923 4.7163377
A 1480774412341 -9.023268 -1.3084314 4.790558
A 1480774412540 -7.4311233 -1.0761938 5.8464007
A 1480774412741 -8.297824 -1.1216836 5.1616592
A 1480774412941 -8.305007 -1.4113821 5.063497
A 1480774413141 -8.11347 -0.9995793 5.3316474
A 1480774413341 -7.668149 -1.114501 5.0323725
A 1480774413541 -8.65456 -0.9852141 5.6381054
A 1480774413737 -8.429505 -1.1887213 5.74345
A 1480774413942 -7.902781 -1.1408372 4.88872
A 1480774414141 -8.441476 -1.066617 6.1959543
A 1480774414341 -8.1015 -1.4041995 5.633317
A 1480774414643 -7.7543406 -0.9445127 5.5447316
A 1480774414844 -8.106288 -1.4353241 5.3819256
A 1480774415044 -8.944259 -0.9421185 5.4729056
A 1480774415243 -7.718427 -1.3012488 5.5686736
A 1480774415444 -8.520485 -1.3180082 5.341224
A 1480774415643 -8.003337 -1.1839329 5.8416123
A 1480774415843 -7.4598536 -1.6220717 5.9158325
A 1480774416043 -8.467813 -1.1240778 5.3460126
A 1480774416245 -7.768706 -1.4065937 5.5447316
A 1480774416443 -8.199662 -1.3084314 5.9804764
A 1480774416643 -8.197268 -1.2318169 5.1425056
A 1480774416843 -7.7088504 -1.339556 5.563885
A 1480774417043 -7.938694 -1.8207905 5.741056
A 1480774417243 -7.948271 -1.3132198 5.3220706
A 1480774417444 -6.5428743 -0.8918403 4.9773054
A 1480774417650 -7.5197086 -1.1216836 5.8104877
A 1480774417849 -7.438306 -1.2533647 5.329253
A 1480774418049 -7.0528393 -0.82240844 5.1879954
A 1480774418247 -7.730398 -1.2198459 5.492059
A 1480774418450 -7.795042 -1.2389995 4.9054794
A 1480774418649 -7.538862 -1.1575967 6.0163894
A 1480774418848 -8.259517 -1.4305357 5.389108
A 1480774419047 -8.728781 -1.0642228 4.9844885
A 1480774419248 -8.549215 -1.7633296 5.108987
A 1480774419451 -7.9698186 -1.2844894 5.5183954
A 1480774419648 -9.018479 -1.6148891 5.1065927
A 1480774419848 -9.032845 -1.2533647 5.1903896
A 1480774420048 -7.8141956 -1.8016369 5.678807
A 1480774420249 -8.36965 -1.6148891 5.2957344
A 1480774420445 -8.721598 -2.4552538 4.721126
A 1480774420644 -8.920317 -2.5677814 6.859148
A 1480774420847 -7.783071 -2.6180596 4.8815374
A 1480774421048 -7.7663116 -2.2278047 5.2239084
A 1480774421248 -8.479783 -2.610877 4.9078736
A 1480774421449 -8.8820095 -2.7090392 5.899073
A 1480774421648 -7.8477144 -2.5941176 5.717114
A 1480774421849 -8.474995 -2.8311436 5.537549
A 1480774422044 -7.6489954 -2.2780828 4.7498565
A 1480774422249 -8.6354065 -2.610877 4.3596015
A 1480774422449 -7.36648 -2.1440077 6.0810328
A 1480774422648 -7.737581 -2.3403323 5.3460126
A 1480774422849 -7.9578476 -2.5941176 5.4729056
A 1480774423044 -8.146989 -2.4265234 4.541561
A 1480774423250 -8.472601 -2.1655555 5.317282
A 1480774423449 -8.312189 -2.0506337 5.4657226
A 1480774423653 -7.646601 -1.8734629 5.446569
A 1480774423856 -8.103893 -1.8543093 4.4410043
A 1480774424059 -7.9434824 -1.5263038 5.573462
A 1480774424258 -8.38641 -1.7345992 5.2478504
A 1480774424459 -7.7998304 -1.4065937 5.1018043
A 1480774424659 -8.676108 -1.5981297 4.8959026
A 1480774424857 -7.986578 -1.5454574 5.2263026
A 1480774425059 -8.089528 -1.4616603 5.408262
A 1480774425259 -8.276277 -1.564611 5.2382736
A 1480774425458 -8.197268 -1.7034746 5.192784
A 1480774425660 -8.192479 -1.5861588 5.3460126
A 1480774425858 -8.55161 -1.3347676 5.245456
A 1480774426060 -8.199662 -1.363498 5.216726
A 1480774426255 -8.264305 -1.3012488 5.1544766
A 1480774426459 -8.429505 -1.4018053 5.180813
A 1480774426661 -8.2930355 -1.3491328 5.195178
A 1480774426858 -8.168537 -1.2150575 5.2263026
A 1480774427054 -8.594706 -1.2940662 5.156871
A 1480774427256 -8.089528 -1.3299792 5.1664476
A 1480774427459 -8.302612 -1.303643 5.1640534
A 1480774427662 -8.374438 -1.2389995 5.1496882
A 1480774427868 -8.187691 -1.2629415 5.168842
A 1480774428068 -8.149384 -1.1671735 5.0802565
A 1480774428266 -8.690474 -1.1216836 5.1401114
A 1480774428468 -8.252335 -0.7984664 5.0898333
A 1480774428670 -8.8820095 -1.1456256 5.207149
A 1480774428869 -7.9315114 -0.9469069 5.2239084
A 1480774429069 -8.573157 -1.0211271 5.09941
A 1480774429270 -8.199662 -1.0833764 4.8145
A 1480774429468 -8.328949 -0.9852141 5.3316474
A 1480774429670 -8.034462 -1.2533647 5.0898333
A 1480774429869 -8.123047 -1.2653357 4.9868827
A 1480774430069 -7.608294 -1.1839329 5.123352
A 1480774430264 -7.536468 -0.9469069 5.5207896
A 1480774430464 -7.948271 -1.0570402 5.1137753
A 1480774430668 -8.38641 -1.5167269 5.0946217
A 1480774430868 -8.000943 -1.3251908 5.317282
A 1480774431067 -8.17572 -1.3587096 5.0084305
A 1480774431269 -8.463024 -1.5167269 5.1401114
A 1480774431470 -7.737581 -1.2389995 5.350801
A 1480774431668 -8.441476 -1.8854339 4.9677286
A 1480774431869 -8.180509 -1.8255789 5.2957344
A 1480774432070 -7.8620796 -1.8710687 5.729085
A 1480774432266 -8.3169775 -1.3898342 5.3340416
A 1480774432468 -8.13023 -1.2150575 4.9940653
A 1480774432668 -8.740751 -1.5430632 4.6397233
A 1480774432868 -8.309795 -1.1073184 5.3196764
A 1480774433068 -8.015308 -1.3084314 5.353195
A 1480774433269 -9.71998 -1.4520835 4.1465178
A 1480774433466 -7.668149 -1.3658922 5.5447316
A 1480774433669 -8.846096 -1.1121068 5.336436
A 1480774433868 -8.300219 -1.6771384 5.2478504
A 1480774434065 -8.312189 -1.2677299 5.3196764
A 1480774434269 -8.254728 -1.4808139 4.24468
A 1480774434472 -8.451053 -1.1767503 5.4393864
A 1480774434680 -8.146989 -1.2198459 4.804923
A 1480774434879 -7.878839 -1.279701 5.513607
A 1480774435078 -8.429505 -1.1336546 5.0898333
A 1480774435275 -7.974607 -0.8798693 5.341224
A 1480774435479 -9.042421 -1.1312604 4.6516943
A 1480774435677 -8.451053 -1.1049242 5.50403
A 1480774435878 -8.570764 -0.9469069 5.180813
A 1480774436079 -8.185297 -1.0833764 5.0347667
A 1480774436278 -8.992143 -1.3227966 4.970123
A 1480774436479 -7.704062 -0.9373301 5.78894
A 1480774436678 -8.733569 -0.73621714 5.0898333
A 1480774436878 -8.264305 -0.757765 4.927027
A 1480774437077 -8.917922 -0.4034231 5.1616592
A 1480774437278 -7.0456567 -0.1400609 6.1121573
A 1480774437479 -8.005732 -0.33638543 5.571068
A 1480774437680 -8.118258 -0.4297593 5.683595
A 1480774437878 -7.586746 -0.5518636 6.253415
A 1480774438078 -7.608294 -0.39145207 6.2965107
A 1480774438279 -7.1653666 -0.48003754 6.9453397
A 1480774438480 -7.356903 -0.48243174 6.971676
A 1480774438680 -7.0288973 -0.47524914 7.4002376
A 1480774438878 -7.392816 -0.36511585 7.201519
A 1480774439075 -6.6673727 -0.307655 7.40742
A 1480774439279 -6.2052917 -0.37229848 7.9461155
A 1480774439479 -6.8014483 -0.10654209 7.7641563
A 1480774439679 -6.281906 -0.508768 7.996394
A 1480774439876 -5.649837 -0.23343477 7.9389334
A 1480774440076 -6.9235525 0.26934758 7.445728
A 1480774440279 -6.8253903 -0.14963773 7.3379884
A 1480774440479 -6.6745553 0.17597371 7.886261
A 1480774440679 -5.9634776 -0.48961434 6.631699
A 1480774440879 -6.198109 -1.0115503 7.0243483
A 1480774441078 -7.617871 -0.9995793 6.4664993
A 1480774441278 -7.2252216 -0.781707 6.4353743
A 1480774441480 -7.620265 -0.69551575 6.545508
A 1480774441680 -7.3377495 -0.9756373 6.3683367
A 1480774441879 -7.6873026 -1.0163387 6.0570908
A 1480774442080 -7.0049553 -1.0857706 5.6141634
A 1480774442278 -8.652166 -1.2461821 5.803305
A 1480774442478 -8.115865 -0.73861134 5.573462
A 1480774442679 -7.7208214 -0.61411285 5.8775253
A 1480774442878 -8.568369 -0.9493011 6.0283604
A 1480774443074 -8.716809 -1.1719619 5.609375
A 1480774443278 -8.474995 -1.0833764 5.956534
A 1480774443479 -7.7112446 -0.8990229 5.8176703
A 1480774443680 -8.326554 -0.84635043 5.3316474
A 1480774443879 -7.658572 -1.0474634 5.5447316
A 1480774444079 -8.170932 -1.3084314 6.083427
A 1480774444277 -7.3353553 -1.2270285 5.7578154
A 1480774444479 -8.237969 -0.9876083 5.4944534
A 1480774444680 -8.063192 -0.8846577 6.229473
A 1480774444881 -7.5077376 -1.2222401 6.5886035
A 1480774445077 -8.565975 -1.1815387 5.731479
A 1480774445279 -7.8477144 -1.1001358 6.025966
A 1480774445478 -7.598717 -0.6476317 6.3420005
A 1480774445679 -7.380845 -0.70988095 5.975688
A 1480774445879 -7.852503 -0.69551575 5.7242966
A 1480774446078 -7.9554534 -1.1528083 5.956534
A 1480774446274 -6.772718 -1.2725183 6.442557
A 1480774446479 -7.8381376 -1.5382748 5.8679485
A 1480774446679 -7.6274476 -1.1240778 6.56945
A 1480774446879 -7.1653666 -1.7537528 6.274963
A 1480774447078 -7.36648 -1.4425067 6.1408877
A 1480774447278 -8.017702 -1.7465702 5.920621
A 1480774447477 -6.940312 -1.1982981 6.727467
A 1480774447680 -7.584352 -1.3371618 6.229473
A 1480774447880 -7.3162017 -1.3084314 5.66923
A 1480774448079 -6.7775064 -1.2342111 6.476076
A 1480774448279 -7.5651984 -1.4879965 6.169618
A 1480774448478 -6.7918715 -0.9828199 6.025966
A 1480774448678 -7.500555 -1.4856023 6.677189
A 1480774448880 -7.356903 -1.1719619 6.325241
A 1480774449074 -7.244375 -1.1599909 6.2558093
A 1480774449280 -7.3712683 -0.9732431 6.5550847
A 1480774449474 -7.3114133 -1.2270285 6.760986
A 1480774449679 -7.4814014 -1.2533647 6.8399944
A 1480774449880 -7.3257785 -1.3587096 5.99963
A 1480774450079 -6.6745553 -0.6667853 5.9301977
A 1480774450279 -6.9498887 -1.0761938 6.559873
A 1480774450477 -8.120653 -1.066617 6.5909977
A 1480774450676 -7.7615232 -1.1216836 6.3779135
A 1480774450879 -6.7032857 -0.16879132 5.573462
A 1480774451077 -7.0408683 -0.005985614 5.839218
A 1480774451278 -7.6753316 -0.283713 6.0786386
A 1480774451478 -7.629842 -0.1352725 6.0523024
A 1480774451677 -8.149384 0.25737658 6.1959543
A 1480774451878 -7.5292854 0.286107 6.3060875
A 1480774452078 -7.3856335 0.041898422 6.025966
A 1480774452279 -7.81659 -0.080205865 6.665218
A 1480774452479 -7.6968794 -0.45370132 6.0906096
A 1480774452675 -6.9618597 -0.04429284 6.76338
A 1480774452878 -7.8596854 -0.2861072 5.8799195
A 1480774453076 -7.170155 -0.33399123 6.986041
A 1480774453279 -8.202056 -0.44651872 6.23905
A 1480774453479 -7.6609664 -0.20709854 5.90865
A 1480774453679 -7.5891404 -0.59974766 5.647682
A 1480774453882 -7.807013 -1.2988546 6.0403314
A 1480774454085 -7.9937606 -1.2749126 5.492059
A 1480774454284 -8.556398 -1.0618286 5.29334
A 1480774455075 -8.357679 -1.3491328 4.780981
A 1480774455274 -8.2930355 -1.1911155 4.5200133
A 1480774455474 -8.93947 -1.5670052 4.1201816
A 1480774455678 -8.477389 -1.1456256 5.013219
A 1480774455878 -7.534074 -1.327585 4.220738
A 1480774456082 -10.31853 -0.22146377 3.8999147
A 1480774456281 -8.089528 -0.92775327 4.055538
A 1480774456475 -9.727162 -0.6667853 3.4881122
A 1480774456680 -8.886798 -0.8798693 5.389108
A 1480774456878 -8.592311 -1.339556 3.5671208
A 1480774457079 -9.087911 -0.7769186 5.0778623
A 1480774457281 -7.917146 -0.544681 5.075468
A 1480774457481 -8.738358 -0.73861134 4.2614393
A 1480774457680 -8.800607 -0.7649476 4.685213
A 1480774457880 -9.035238 -0.5422868 4.898297
A 1480774458080 -7.9817896 -0.6596027 4.7139435
A 1480774458280 -8.491755 -0.6572085 4.838442
A 1480774458480 -7.9913664 -0.71945775 4.6181755
A 1480774458681 -8.628224 -0.9804257 4.3117175
A 1480774458882 -7.282683 -0.37229848 6.1408877
A 1480774459079 -9.073545 -0.70030415 4.3500247
A 1480774459281 -7.5316796 -1.4209589 6.0163894
A 1480774459480 -7.938694 -0.81762004 5.0539203
A 1480774459675 -8.2667 -0.92775327 5.7123256
A 1480774459877 -7.821378 -0.793678 5.1544766
A 1480774460084 -8.132624 -0.71706355 5.460934
A 1480774460276 -7.344932 -0.58538246 4.974911
A 1480774460481 -7.7663116 -1.3323734 5.702749
A 1480774460680 -7.2874713 -1.3587096 4.3021407
A 1480774460881 -8.508514 -0.8822635 5.9373803
A 1480774461079 -7.9913664 -1.744176 4.8312593
A 1480774461281 -7.768706 -0.6619969 4.766616
A 1480774461480 -8.1422 -1.1575967 5.1305346
A 1480774461683 -7.6250534 -1.0330982 5.240668
A 1480774461891 -7.581958 -1.0833764 5.7961226
A 1480774462091 -8.170932 -1.1695677 4.8192883
A 1480774462289 -8.917922 -1.126472 5.111381
A 1480774462488 -8.474995 -0.92775327 4.9964595
A 1480774462689 -8.680897 -1.0953474 5.120958
A 1480774462885 -8.446264 -1.0642228 4.879143
A 1480774463087 -8.637801 -0.9373301 5.8655543
A 1480774463290 -7.833349 -1.2557589 4.6660595
A 1480774463488 -8.5396385 -0.9373301 5.085045
A 1480774463690 -7.9434824 -1.1360488 4.5248017
A 1480774463888 -8.537245 -1.2653357 4.69479
A 1480774464092 -7.948271 -0.9995793 4.7642217
A 1480774464291 -8.951441 -1.2581531 5.444175
A 1480774464489 -7.071993 -1.150414 5.436992
A 1480774464690 -8.314584 -1.1815387 5.8344297
A 1480774464888 -8.407957 -1.7130514 5.791334
A 1480774465085 -8.661743 -1.1528083 5.5926156
A 1480774465289 -7.218039 -0.8559272 5.329253
A 1480774465490 -8.604282 -1.4832081 5.812882
A 1480774465686 -7.728004 -1.0522518 5.6045866
A 1480774465890 -8.166143 -1.1121068 5.8296413
A 1480774466086 -7.6753316 -1.1695677 5.645288
A 1480774466290 -8.202056 -1.0091561 6.3755193
A 1480774466489 -7.9793954 -0.9708489 5.314888
A 1480774466686 -7.1964912 -1.0833764 6.0690618
A 1480774466890 -7.5292854 -1.2485763 5.8200645
A 1480774467090 -7.7351866 -0.93254167 6.3324237
A 1480774467289 -7.984184 -1.1575967 5.7817574
A 1480774467490 -6.4016166 -1.3850458 6.11934
A 1480774467689 -7.6059 -0.72903454 5.563885
A 1480774467893 -7.6059 -1.030704 5.800911
A 1480774468091 -8.123047 -1.4401125 6.033149
A 1480774468288 -7.550833 -1.1192894 6.4377685
A 1480774468488 -8.379227 -1.1216836 6.2965107
A 1480774468691 -7.2587404 -1.3251908 5.899073
A 1480774468891 -7.716033 -1.1695677 5.6404996
A 1480774469092 -6.784689 -1.2222401 5.436992
A 1480774469285 -7.7447634 -1.3180082 5.717114
A 1480774469489 -7.900387 -1.3706806 6.2462325
A 1480774469691 -7.273106 -1.3227966 6.1600413
A 1480774469890 -6.150225 -1.114501 5.5064244
A 1480774470091 -8.714416 -1.6340427 6.2007427
A 1480774470290 -8.202056 -1.1887213 6.665218
A 1480774470489 -8.060798 -1.2868836 5.6261344
A 1480774470689 -7.6035056 -1.4520835 6.181589
A 1480774470892 -7.622659 -1.3084314 5.741056
A 1480774471091 -6.7008915 -1.1432314 5.6859894
A 1480774471293 -7.5053434 -1.5741878 5.776969
A 1480774471499 -7.842926 -1.4353241 6.8160524
A 1480774471699 -7.3521147 -1.1001358 5.975688
A 1480774471903 -7.294654 -1.4401125 5.7482386
A 1480774472111 -7.68012 -1.6651675 5.9421687
A 1480774472309 -7.833349 -1.67235 6.131311
A 1480774472506 -7.2012796 -1.4736313 6.3060875
A 1480774472708 -7.450277 -1.2078749 5.887102
A 1480774472909 -7.6011114 -1.138443 6.8759074
A 1480774473110 -7.332961 -1.1695677 5.621346
A 1480774473311 -7.0695987 -0.9971851 6.421009
A 1480774473509 -7.5891404 -1.1911155 5.8344297
A 1480774473710 -7.9219346 -1.3251908 6.4018555
A 1480774473911 -7.7663116 -1.3491328 6.2941165
A 1480774474111 -7.7758884 -2.0410569 6.64367
A 1480774474310 -8.029674 -0.8128316 6.933368
A 1480774474509 -7.632236 -1.1552025 5.8679485
A 1480774474708 -7.0648103 -1.2964604 6.1408877
A 1480774474909 -8.889192 -0.9493011 6.6867657
A 1480774475111 -7.488584 -1.7896659 6.298905
A 1480774475311 -6.9953785 -1.2030865 6.1360993
A 1480774475509 -8.166143 -1.576582 6.2677803
A 1480774475705 -8.13023 -1.4544777 6.2725687
A 1480774475913 -8.290642 -1.5789762 5.934986
A 1480774476111 -8.328949 -1.3946226 6.2725687
A 1480774476311 -8.24994 -1.3467386 5.9708996
A 1480774476509 -7.7711 -1.2533647 6.0906096
A 1480774476711 -8.484571 -1.6915036 5.8056993
A 1480774476911 -7.902781 -1.2198459 5.966111
A 1480774477110 -8.106288 -1.2820952 5.6979604
A 1480774477309 -7.5915346 -1.1168952 5.657259
A 1480774477509 -7.4215465 -1.0187329 5.8942847
A 1480774477708 -8.020097 -0.92775327 6.4042497
A 1480774477908 -7.598717 -0.8559272 6.0403314
A 1480774478111 -7.960242 -0.9014171 6.298905
A 1480774478309 -7.704062 -0.72424614 6.3563657
A 1480774478507 -7.581958 -1.078588 5.934986
A 1480774478713 -7.68012 -0.73861134 6.071456
A 1480774478915 -7.1988854 -0.71227515 5.944563
A 1480774479119 -8.331343 -0.9900025 6.191166
A 1480774479323 -8.350496 -1.090559 6.0283604
A 1480774479530 -7.5412564 -0.9588779 5.4681168
A 1480774479731 -8.417534 -1.1408372 6.3156643
A 1480774479931 -8.3169775 -1.0977416 5.583039
A 1480774480131 -7.9937606 -1.0953474 5.4417806
A 1480774480330 -8.0224905 -1.1480198 5.3699546
A 1480774480528 -8.582734 -1.0354924 5.621346
A 1480774480731 -8.38641 -1.0761938 5.4633284
A 1480774480930 -8.448659 -0.9780315 5.2837634
A 1480774481130 -7.7327924 -1.1959039 5.362772
A 1480774481329 -8.151777 -1.0977416 6.033149
A 1480774481531 -7.804619 -1.1599909 5.6979604
A 1480774481728 -7.929117 -0.84156203 5.6381054
A 1480774481930 -7.670543 -1.1432314 6.677189
A 1480774482125 -7.617871 -0.33638543 6.629305
A 1480774482329 -6.684132 -0.74818814 5.963717
A 1480774482529 -8.494149 -0.7769186 6.2725687
A 1480774482728 -7.4311233 -0.93014747 6.3563657
A 1480774482932 -7.9793954 -0.8702924 6.2462325
A 1480774483131 -7.739975 -1.0929532 6.500018
A 1480774483330 -6.7344103 -0.6524201 6.0187836
A 1480774483529 -7.950665 -0.69790995 6.3659425
A 1480774483731 -7.3473263 -0.9612721 6.559873
A 1480774483930 -7.9434824 -0.92775327 6.6340933
A 1480774484130 -7.000167 -0.8678982 5.9708996
A 1480774484328 -7.7615232 -1.0139445 6.442557
A 1480774484530 -7.6729374 -1.2054807 5.956534
A 1480774484731 -8.096711 -1.0833764 6.071456
A 1480774484931 -7.96503 -0.9229649 6.071456
A 1480774485129 -7.804619 -1.0187329 5.8464007
A 1480774485331 -7.5651984 -1.0378866 5.444175
A 1480774485526 -8.053616 -1.0091561 6.0283604
A 1480774485731 -8.558792 -1.0929532 6.167224
A 1480774485933 -7.4335175 -0.7649476 5.111381
A 1480774486141 -7.6274476 -1.0139445 5.3220706
A 1480774486341 -8.1015 -0.9780315 5.7482386
A 1480774486539 -8.118258 -1.0642228 5.7745748
A 1480774486740 -7.804619 -1.114501 5.4513574
A 1480774486939 -8.350496 -1.0833764 6.1600413
A 1480774487139 -8.501331 -1.138443 5.233485
A 1480774487339 -7.656178 -1.3898342 5.5423374
A 1480774487538 -7.998549 -0.9923967 5.8320355
A 1480774487742 -8.331343 -1.0019735 5.6883836
A 1480774487941 -8.362468 -1.1168952 6.203137
A 1480774488141 -7.119877 -1.0690112 6.5167775
A 1480774488340 -7.2874713 -0.9373301 6.4952297
A 1480774488540 -7.9554534 -1.1432314 6.3156643
A 1480774488737 -7.462248 -0.9564837 6.6101513
A 1480774488941 -7.4957666 -0.7625534 6.796899
A 1480774489140 -6.4638658 -1.1719619 6.3539715
A 1480774489340 -7.143819 -0.8798693 7.1249046
A 1480774489539 -7.251558 -1.339556 6.461711
A 1480774489741 -6.681738 -1.3563154 6.5191717
A 1480774489940 -7.2228274 -0.9708489 6.823235
A 1480774490139 -7.0456567 -1.279701 6.9884353
A 1480774490340 -7.2587404 -1.5358806 6.885484
A 1480774490539 -7.593929 -1.0737996 6.1241283
A 1480774490735 -7.821378 -0.9062055 5.0922275
A 1480774490942 -9.042421 -0.7841012 5.875131
A 1480774491141 -7.977001 -1.1552025 5.1377172
A 1480774491342 -7.5556216 -0.6715737 5.575856
A 1480774491539 -7.6489954 -0.75058234 4.7857695
A 1480774491741 -9.346484 -0.31723183 6.121734
A 1480774491941 -4.9028463 -0.57819986 3.67486
A 1480774492141 -8.898768 -0.9157823 5.6165576
A 1480774492339 -8.242758 -1.10253 6.1025805
A 1480774492539 -7.1988854 -0.70988095 5.705143
A 1480774492740 -6.34655 -1.1432314 6.35876
A 1480774492941 -9.289023 -1.3108256 7.239826
A 1480774493140 -7.7902536 -1.3467386 6.217502
A 1480774493339 -5.3816867 -0.59735346 5.911044
A 1480774493538 -7.4837956 -0.9109939 6.2821455
A 1480774493739 -6.9714365 -0.793678 5.9948416
A 1480774493935 -4.7089157 -0.4249709 5.717114
A 1480774494140 -7.780677 -1.6579849 6.251021
A 1480774494340 -7.402393 -0.8894461 6.421009
A 1480774494538 -7.694485 -1.0833764 7.01956
A 1480774494744 -6.5237207 -0.8678982 6.6364875
A 1480774494950 -7.7615232 -1.2964604 5.6261344
A 1480774495150 -8.237969 -1.6077065 6.8160524
A 1480774495350 -6.79666 -1.0977416 5.987659
A 1480774495549 -6.109524 -1.7058688 6.947734
A 1480774495751 -8.127835 -1.0857706 5.8056993
A 1480774495953 -7.924329 -1.351527 6.859148
A 1480774496161 -7.797436 -1.8160021 5.156871
A 1480774496360 -7.2635293 -1.6508023 6.8376
A 1480774496559 -7.3760567 -0.82001424 6.629305
A 1480774496760 -6.9379177 -1.4760255 5.039555
A 1480774496962 -8.285853 -0.69312155 6.277357
A 1480774497155 -8.451053 -1.5358806 5.9685054
A 1480774497360 -7.1294537 0.02753321 6.557479
A 1480774497559 -6.684132 -0.69790995 4.8001347
A 1480774497761 -8.422322 -2.280477 6.0403314
A 1480774497962 -8.606676 -1.2629415 7.120116
A 1480774498161 -7.354509 -1.066617 5.527972
A 1480774498359 -8.2930355 -0.9708489 5.432204
A 1480774498559 -8.884403 -1.3922284 5.4034734
A 1480774498758 -9.104671 -1.0977416 6.0283604
A 1480774498961 -7.6633606 -0.9038113 5.5088186
A 1480774499161 -8.647378 -0.46806654 5.243062
A 1480774499360 -8.012914 -1.10253 6.701131
A 1480774499558 -7.9937606 -0.85113883 5.049132
A 1480774499760 -8.74554 -1.6101007 5.159265
A 1480774499961 -7.0217147 -0.9493011 5.3340416
A 1480774500161 -9.346484 -1.5741878 6.227079
A 1480774500355 -7.9674244 -1.3778632 4.8001347
A 1480774500559 -8.431899 -0.9780315 4.7737985
A 1480774500761 -7.244375 0.47764313 5.3579836
A 1480774500961 -5.649837 -0.82480264 3.3013644
A 1480774501158 -9.380003 -2.0290859 5.278975
A 1480774501359 -8.604282 -1.5670052 5.2837634
A 1480774501558 -7.974607 -1.1216836 4.7881637
A 1480774501761 -8.575552 -1.7226282 3.2750282
A 1480774501962 -10.7925825 -1.4233531 4.3236885
A 1480774502161 -8.494149 -1.9740194 5.278975
A 1480774502359 -8.518091 -1.0618286 6.452134
A 1480774502558 -9.229169 -1.8447325 5.377137
A 1480774502760 -9.447041 -1.7705123 5.159265
A 1480774502962 -9.04721 -1.4185647 5.5567026
A 1480774503161 -6.597941 -0.84874463 5.9038615
A 1480774503365 -8.38641 -1.708263 5.5327606
A 1480774503564 -8.197268 -1.6460139 7.103357
A 1480774503767 -7.807013 -1.5957355 7.021954
A 1480774503970 -8.041644 -1.2054807 6.7418323
A 1480774504170 -7.4933724 -1.4089879 4.2901697
A 1480774504370 -8.182902 -1.9141644 4.4888887
A 1480774504569 -8.805395 -1.0714054 6.835206
A 1480774504770 -6.743987 -2.325967 6.0068126
A 1480774504970 -9.425493 -0.6715737 5.422627
A 1480774505170 -7.730398 -0.9900025 5.6404996
A 1480774505370 -7.1390305 -1.1887213 6.0786386
A 1480774505569 -8.091923 -1.1623851 5.8775253
A 1480774505769 -7.426335 -0.9085997 4.503254
A 1480774505969 -8.9059515 -2.8766334 6.013995
A 1480774506168 -6.87088 -1.5717936 6.382702
A 1480774506369 -6.609912 1.2102689 5.372349
A 1480774506569 -9.226774 -0.9421185 5.0419493
A 1480774506842 -7.9913664 -0.9876083 5.7865458
A 1480774507040 -7.9793954 -0.9157823 5.365166
A 1480774507240 -7.368874 -0.8583214 5.1185637
A 1480774507439 -7.629842 -0.9038113 6.04512
A 1480774507640 -8.755116 -1.3467386 5.5543084
A 1480774507836 -8.601888 -1.67235 5.448963
A 1480774508041 -7.572381 -1.1815387 5.741056
A 1480774508239 -7.730398 -1.4257473 5.197572
A 1480774508442 -8.273882 -1.2366053 4.6780305
A 1480774508642 -8.9538355 -1.4784197 5.8894963
A 1480774508843 -8.2451515 -1.339556 5.800911
A 1480774509051 -8.352891 -1.5167269 5.3436184
A 1480774509251 -8.628224 -0.75297654 5.341224
A 1480774509450 -7.7232156 -1.1935097 4.8240767
A 1480774509651 -8.168537 -1.3371618 5.477694
A 1480774509851 -8.063192 -0.6667853 6.037937
A 1480774510051 -6.8134193 -0.8846577 5.26461
A 1480774510250 -8.01052 -1.1001358 4.8456244
A 1480774510450 -7.569987 -0.9636663 5.779363
A 1480774510650 -6.8780627 -1.4616603 5.5183954
A 1480774510851 -7.953059 -0.73382294 5.8176703
A 1480774511045 -9.016085 -1.38744 6.0187836
A 1480774511253 -7.3856335 -0.9612721 5.0443435
A 1480774511449 -8.482178 -1.1480198 5.776969
A 1480774511651 -7.7327924 -1.0235213 5.50403
A 1480774511849 -8.120653 -1.0498576 5.7697864
A 1480774512049 -8.032067 -1.2605473 5.800911
A 1480774512249 -7.3999987 -1.0115503 5.456146
A 1480774512450 -8.1422 -1.3419502 5.4298096
A 1480774512649 -8.661743 -1.0737996 5.8224587
A 1480774512849 -7.866868 -1.2461821 5.717114
A 1480774513049 -7.878839 -0.9971851 5.7961226
A 1480774513249 -8.261911 -0.9373301 5.7099314
A 1480774513449 -8.225998 -1.0450692 5.611769
A 1480774513649 -8.565975 -1.1959039 6.5862093
A 1480774513849 -7.7447634 -1.1743561 6.2558093
A 1480774514049 -7.3640857 -1.1911155 6.1049747
A 1480774514245 -8.752723 -1.315614 6.3036933
A 1480774514449 -7.584352 -1.1168952 6.0762444
A 1480774514649 -6.918764 -1.0570402 5.606981
A 1480774514849 -8.000943 -1.3084314 6.2797513
A 1480774515049 -6.9020047 -1.2006923 5.961323
A 1480774515295 -7.617871 -1.0570402 6.406644
A 1480774515499 -6.856515 -0.9708489 5.7458444
A 1480774515700 -7.215645 -1.114501 6.2198963
A 1480774515900 -6.9929843 -1.696292 5.851189
A 1480774516098 -7.3736625 -1.2701241 4.9988537
A 1480774516299 -8.546822 -1.3227966 7.081809
A 1480774516500 -6.384857 -0.9732431 5.1449
A 1480774516696 -6.198109 0.15442589 5.207149
A 1480774516900 -7.828561 -1.4999675 5.920621
A 1480774517098 -8.417534 -1.1791445 6.703525
A 1480774517300 -6.147831 -0.6356607 5.6141634
A 1480774517499 -5.695327 -0.781707 5.1257463
A 1480774517698 -8.838914 -1.8064253 5.2358794
A 1480774517900 -8.360073 -1.1192894 6.0068126
A 1480774518100 -5.7934895 -0.9229649 4.9677286
A 1480774518300 -9.676885 -1.2749126 6.406644
A 1480774518494 -8.209239 -1.3371618 5.386714
A 1480774518699 -8.206844 -0.6548143 4.7977405
A 1480774518900 -8.992143 -0.5542578 4.4314275
A 1480774519100 -9.157343 -0.9804257 5.8296413
A 1480774519300 -8.381621 -1.2150575 5.693172
A 1480774519499 -7.9339056 -1.0522518 4.6516943
A 1480774519699 -7.569987 -1.1647793 4.828865
A 1480774519899 -9.312965 -1.495179 5.764998
A 1480774520100 -7.6274476 -0.9876083 5.7482386
A 1480774520299 -7.476613 -1.2174517 5.111381
A 1480774520500 -8.08474 -1.1767503 5.2598214
A 1480774520698 -7.1270595 -1.2701241 5.9301977
A 1480774520899 -8.36965 -1.55264 6.2079253
A 1480774521098 -7.0552335 -0.5255274 5.633317
A 1480774521299 -8.831731 -1.2174517 5.657259
A 1480774521498 -9.004114 -1.5550342 5.6381054
A 1480774521699 -7.974607 -0.865504 6.2845397
A 1480774521899 -7.8955984 -1.0833764 5.0778623
A 1480774522098 -7.632236 -1.0761938 4.3212943
A 1480774522298 -7.6513896 -0.8942345 5.4417806
A 1480774522499 -8.22121 -0.8583214 5.456146
A 1480774522698 -7.9099636 -1.5263038 4.098634
A 1480774522898 -9.609847 -1.042675 4.970123
A 1480774523098 -9.384791 -0.6763621 4.8671722
A 1480774523300 -8.374438 -0.9756373 4.074692
A 1480774523500 -7.9817896 -1.2437879 3.3420658
A 1480774523750 -9.408733 -0.9397243 4.792952
A 1480774523950 -8.257123 -0.9588779 4.3356595
A 1480774524149 -8.877221 -1.1192894 4.3476305
A 1480774524349 -8.855673 -1.1408372 4.6516943
A 1480774524549 -8.879615 -1.0809822 4.187219
A 1480774524750 -8.961018 -1.2270285 3.806541
A 1480774524948 -9.4949255 -1.2437879 4.0220194
A 1480774525148 -8.8820095 -1.078588 3.8592134
A 1480774525350 -9.444647 -1.1480198 4.4769173
A 1480774525549 -8.474995 -1.3778632 4.103422
A 1480774525750 -7.9698186 -1.2270285 4.2183437
A 1480774525949 -8.915528 -0.7793128 4.7833753
A 1480774526149 -9.056787 -1.291672 4.2638335
A 1480774526350 -8.3648615 -1.1839329 3.8975205
A 1480774526548 -9.260293 -0.9612721 4.3811493
A 1480774526750 -8.300219 -1.150414 4.400303
A 1480774526949 -8.721598 -1.1432314 4.9653344
A 1480774527149 -9.071152 -1.2605473 4.3452363
A 1480774527348 -8.740751 -1.2342111 4.4649463
A 1480774527548 -8.8580675 -1.315614 4.0962396
A 1480774527748 -8.64259 -1.2437879 4.527196
A 1480774527950 -8.5875225 -1.2270285 4.864778
A 1480774528148 -8.767088 -1.351527 4.136941
A 1480774528350 -9.157343 -1.4760255 4.4457927
A 1480774528549 -8.585129 -1.5454574 3.9908943
A 1480774528745 -9.174102 -1.0498576 4.5678973
A 1480774528947 -9.925881 -1.1839329 3.9932885
A 1480774529148 -8.714416 -1.3658922 3.22475
A 1480774529350 -9.679278 -1.3443444 4.148912
A 1480774529548 -7.914752 -1.2892778 3.3947384
A 1480774529750 -9.561963 -1.4425067 4.5966277
A 1480774529950 -10.952994 -0.46327814 3.4450166
A 1480774530149 -8.089528 -1.4281415 3.0787036
A 1480774530350 -9.068757 -1.1911155 3.5982454
A 1480774530550 -8.680897 -0.8583214 3.5719092
A 1480774530750 -8.685685 -0.6859389 2.7530923
A 1480774530950 -9.561963 -1.1815387 3.3157296
A 1480774531150 -7.51492 -1.624466 3.9885
A 1480774531347 -10.81413 -1.3898342 4.187219
A 1480774531550 -8.537245 -1.0019735 3.461776
A 1480774531750 -8.17572 -0.9804257 4.1704597
A 1480774531950 -8.542033 -0.8104374 4.007654
A 1480774532240 -10.241916 -1.2413937 3.8975205
A 1480774532439 -8.271488 -0.75297654 3.5527556
A 1480774532637 -8.707232 -0.82480264 3.9669523
A 1480774532840 -8.146989 -1.0450692 4.282987
A 1480774533040 -11.295364 -1.3227966 5.896679
A 1480774533241 -5.980237 -1.495179 4.055538
A 1480774533440 -9.401551 -1.4281415 5.3819256
A 1480774533636 -7.8740506 -1.279701 5.5327606
A 1480774533841 -8.290642 -1.0115503 5.1305346
A 1480774534042 -8.599494 -1.1647793 5.061103
A 1480774534240 -7.0791755 -1.090559 5.085045
A 1480774534442 -7.629842 -0.74339974 5.535155
A 1480774534637 -7.270712 -1.5382748 4.1537004
A 1480774534841 -8.755116 -1.2246343 5.3579836
A 1480774535040 -7.4359117 -0.9253591 4.733097
A 1480774535240 -8.647378 -1.3778632 5.6045866
A 1480774535441 -8.656955 -1.4377183 5.233485
A 1480774535635 -7.9099636 -1.1719619 5.329253
A 1480774535839 -8.491755 -1.3180082 4.4194565
A 1480774536041 -9.923487 -1.3347676 3.7323208
A 1480774536240 -8.427111 -1.4784197 4.2135553
A 1480774536440 -7.9434824 -1.3587096 4.8456244
A 1480774536639 -8.486966 -1.5263038 5.410656
A 1480774536841 -8.135018 -1.6340427 4.388332
A 1480774537039 -8.441476 -1.1647793 4.850413
A 1480774537239 -8.230786 -1.5430632 4.6205697
A 1480774537440 -8.690474 -1.528698 5.1903896
A 1480774537640 -8.374438 -1.3132198 4.912662
A 1480774537841 -6.9331293 -1.1240778 4.5367727
A 1480774538041 -7.4790072 -1.2318169 4.515225
A 1480774538240 -8.168537 -1.2725183 4.2518625
A 1480774538441 -9.5428095 -1.7298108 4.6540885
A 1480774538638 -7.641813 -0.93254167 4.1082106
A 1480774538835 -9.03045 -1.7920601 4.5439553
A 1480774539039 -9.576328 -1.4353241 5.26461
A 1480774539240 -7.9099636 -1.3419502 4.6564827
A 1480774539440 -7.998549 -1.5454574 3.890338
A 1480774539640 -8.996931 -1.8064253 3.806541
A 1480774539843 -9.066363 -1.2342111 3.4809296
A 1480774540041 -9.2722645 -1.5598226 3.8640018
A 1480774540240 -8.573157 -1.2677299 4.4673405
A 1480774540440 -9.221986 -1.6675617 3.3947384
A 1480774540641 -8.628224 -1.5239096 3.5503614
A 1480774540840 -8.168537 -1.3084314 3.8759727
A 1480774541042 -8.360073 -1.6699558 4.3955145
A 1480774541239 -9.226774 -1.4209589 3.9358277
A 1480774541442 -7.682514 -1.6699558 4.414668
A 1480774541638 -7.251558 -1.0809822 4.1896133
A 1480774541841 -7.7112446 -1.3850458 4.1800365
A 1480774542035 -9.236351 -1.897405 4.6995783
A 1480774542239 -8.573157 -1.3299792 5.7242966
A 1480774542439 -7.4215465 -1.0019735 4.898297
A 1480774542639 -8.443871 -1.7896659 5.0802565
A 1480774542841 -8.795818 -1.7010804 4.9198446
A 1480774543040 -8.192479 -2.146402 5.0467377
A 1480774543239 -8.633013 -2.541445 5.7003546
A 1480774543440 -8.135018 -2.2661119 5.618952
A 1480774543639 -6.5332975 -1.9883846 4.757039
A 1480774543840 -9.454224 -2.4408886 6.059485
A 1480774544042 -7.878839 -0.8008606 5.4058676
A 1480774544238 -7.206068 -2.397793 2.3436837
A 1480774544441 -8.489361 -1.3706806 5.4034734
A 1480774544639 -9.042421 -1.9309238 7.1225104
A 1480774544839 -6.9618597 -2.1416135 5.8799195
A 1480774545040 -7.8501086 -1.6029181 5.192784
A 1480774545240 -7.074387 -1.7274166 5.2981286
A 1480774545439 -7.677726 -1.6053123 6.581421
A 1480774545639 -8.843702 -1.4999675 6.3683367
A 1480774545841 -7.218039 -2.0697873 5.501636
A 1480774546040 -8.9298935 -1.4185647 6.1983485
A 1480774546239 -7.938694 -2.0290859 4.0124426
A 1480774546441 -9.16692 -2.0602105 5.4753
A 1480774546636 -7.912358 -1.3467386 6.3443947
A 1480774546841 -7.438306 -1.4736313 4.378755
A 1480774547040 -7.900387 -1.5263038 6.205531
A 1480774547239 -9.2722645 -2.48159 4.802529
A 1480774547435 -9.384791 -1.5263038 4.4793115
A 1480774547640 -8.554004 -2.2158337 3.6820426
A 1480774547840 -8.680897 -1.600524 4.5726857
A 1480774548040 -9.013691 -1.5957355 4.6397233
A 1480774548239 -8.644983 -1.5478516 3.9406161
A 1480774548443 -8.644983 -1.6029181 3.758657
A 1480774548651 -8.508514 -1.3922284 4.7714043
A 1480774548850 -8.216421 -1.1647793 5.180813
A 1480774549051 -8.307401 -1.3587096 4.7259145
A 1480774549251 -8.374438 -1.6148891 4.840836
A 1480774549451 -8.08474 -1.50715 5.051526
A 1480774549651 -8.961018 -1.2868836 4.9054794
A 1480774549850 -7.8477144 -1.2749126 5.156871
A 1480774550050 -8.0703745 -1.1552025 4.9318156
A 1480774550251 -7.8955984 -1.1791445 5.1018043
A 1480774550449 -8.786242 -1.4257473 5.0204015
A 1480774550645 -9.174102 -1.3443444 4.8815374
A 1480774550851 -8.656955 -1.8136079 5.4681168
A 1480774551050 -8.50612 -1.3706806 5.7961226
A 1480774551249 -7.706456 -1.5670052 5.097016
A 1480774551450 -7.3999987 -0.61650705 5.654865
A 1480774551649 -8.707232 -1.7010804 4.7163377
A 1480774551850 -7.6489954 -0.83677363 4.2039785
A 1480774552050 -9.727162 -1.5837646 5.281369
A 1480774552251 -7.7543406 -1.3563154 6.6029687
A 1480774552449 -6.5835757 -1.1623851 5.9493513
A 1480774552649 -9.056787 -1.6460139 5.961323
A 1480774552853 -7.354509 -1.1408372 5.9828706
A 1480774553049 -7.5053434 -1.1743561 5.911044
A 1480774553248 -7.170155 -1.2366053 5.78894
A 1480774553450 -8.233181 -1.3467386 6.2941165
A 1480774553650 -8.29543 -1.696292 6.3994613
A 1480774553845 -7.3138075 -1.0833764 7.031531
A 1480774554051 -6.8014483 -0.93014747 6.217502
A 1480774554249 -7.51492 -1.2533647 6.739438
A 1480774554449 -7.9817896 -1.4257473 7.081809
A 1480774554649 -7.0312915 -0.9564837 5.9828706
A 1480774554851 -7.4359117 -0.9732431 5.5303664
A 1480774555050 -7.330567 -1.4089879 5.9254093
A 1480774555249 -7.6394186 -1.3443444 6.071456
A 1480774555446 -7.488584 -1.0354924 5.9182267
A 1480774555650 -8.027279 -1.4520835 5.597404
A 1480774555853 -8.106288 -1.2437879 6.286934
A 1480774556061 -8.120653 -1.0929532 6.133705
A 1480774556259 -6.4518948 -0.82001424 5.7865458
A 1480774556459 -7.9363 -1.6292543 6.2797513
A 1480774556659 -8.405563 -1.303643 6.7777452
A 1480774556859 -7.5771694 -1.4161705 6.796899
A 1480774557055 -6.336973 -0.9876083 6.1025805
A 1480774557260 -8.355285 -1.5095443 7.4313626
A 1480774557459 -6.8756685 -0.05626385 5.314888
A 1480774557659 -7.689697 -1.6986862 6.061879
A 1480774557861 -6.0448804 -0.36990425 5.204755
A 1480774558061 -11.568304 -2.0338743 9.073785
A 1480774558259 -9.111853 -1.0953474 9.169553
A 1480774558460 -4.354574 -0.049081244 5.027584
A 1480774558660 -9.34409 -1.6220717 6.7561975
A 1480774558860 -7.3138075 -1.8710687 6.511989
A 1480774559063 -7.4215465 -0.8559272 5.8224587
A 1480774559258 -7.5053434 -1.4736313 7.009983
A 1480774559460 -7.620265 -1.4281415 6.9357624
A 1480774559660 -6.408799 -1.0211271 7.0051947
A 1480774559860 -7.368874 -1.1552025 6.444951
A 1480774560060 -6.427953 -1.4065937 7.40742
A 1480774560256 -5.542098 -0.9253591 7.723455
A 1480774560460 -7.143819 -1.921347 6.7705626
A 1480774560659 -8.053616 -1.648408 6.5742383
A 1480774560861 -6.7607465 -1.303643 7.457699
A 1480774561062 -7.7998304 -1.10253 6.6125455
A 1480774561260 -5.836585 -1.612495 5.559097
A 1480774561460 -7.215645 -1.054646 7.91978
A 1480774561659 -5.151843 -1.5813704 5.5782504
A 1480774561861 -6.4471064 -1.1456256 6.6724005
A 1480774562060 -6.9451003 -1.4425067 6.892667
A 1480774562257 -5.4870315 -1.2006923 6.7226787
A 1480774562460 -5.6689906 -0.92775327 6.1001863
A 1480774562659 -6.952283 -1.1552025 6.962099
A 1480774562859 -6.5476627 -1.4544777 7.7330317
A 1480774563060 -5.7384224 -1.1911155 7.0746264
A 1480774563260 -7.0672045 -1.1312604 6.5526905
A 1480774563455 -7.048051 -1.7058688 6.64367
A 1480774563661 -7.646601 -1.2892778 8.197507
A 1480774563859 -5.2763414 -1.2988546 7.910203
A 1480774564061 -6.5787873 -0.9181765 7.579803
A 1480774564261 -7.2371926 -1.2868836 7.9293566
A 1480774564463 -6.564422 -0.84635043 8.080191
A 1480774564670 -5.4894257 -0.83437943 7.144058
A 1480774564869 -6.6147003 -1.114501 8.274121
A 1480774565070 -6.741593 -1.2294227 7.967664
A 1480774565269 -4.8597507 -0.93493587 7.2685566
A 1480774565470 -5.23564 -0.82240844 7.615716
A 1480774565669 -6.3872514 -0.72185194 7.4553046
A 1480774565869 -5.886863 -0.9995793 8.247786
A 1480774566070 -5.977843 -0.8774751 7.7186666
A 1480774566270 -6.2723293 -1.1647793 7.5965624
A 1480774566471 -5.604347 -0.8104374 8.257362
A 1480774566665 -5.515762 -0.8990229 7.1488466
A 1480774566871 -5.539704 -1.030704 7.838377
A 1480774567069 -6.013756 -1.2174517 8.154411
A 1480774567269 -6.0209384 -0.82719684 8.3244
A 1480774567473 -5.293101 -0.9181765 8.108921
A 1480774567669 -5.61153 -0.74339974 7.5486784
A 1480774567869 -5.623501 -1.1575967 7.347565
A 1480774568069 -5.2907066 -1.7896659 8.736202
A 1480774568271 -7.464642 -0.58538246 9.29884
A 1480774568471 -6.243599 -1.2389995 6.983647
A 1480774568669 -6.078399 -0.5494694 8.520724
A 1480774568870 -4.7304635 -0.69790995 7.211096
A 1480774569069 -5.647443 -0.62608385 7.227855
A 1480774569272 -7.3880277 -1.4137763 8.434533
A 1480774569472 -5.886863 -1.2389995 9.222225
A 1480774569669 -6.3896456 -1.4808139 8.717049
A 1480774569867 -4.603571 -0.8966287 6.749015
A 1480774570070 -4.972278 -0.8583214 7.5486784
A 1480774570270 -5.6211066 -1.1719619 8.810423
A 1480774570471 -4.7400403 -0.53271 6.631699
A 1480774570669 -5.94193 -0.6715737 8.453687
A 1480774570870 -7.318596 -1.2126633 8.465657
A 1480774571070 -6.8780627 -1.2006923 8.152017
A 1480774571270 -4.2204986 -0.83916783 7.627687
A 1480774571471 -7.668149 -1.114501 8.709867
A 1480774571668 -6.858909 -1.6364369 7.7162724
A 1480774571868 -6.6170945 -0.769736 7.3140464
A 1480774572069 -4.1965566 -1.1192894 6.002024
A 1480774572269 -8.0224905 -0.7912838 9.902179
A 1480774572469 -5.601953 -1.4975733 5.9182267
A 1480774572669 -7.0528393 -0.33159703 7.4888234
A 1480774572870 -7.1270595 -1.7393876 6.56945
A 1480774573064 -6.2028975 -0.7793128 5.6261344
A 1480774573270 -8.980172 -1.4233531 5.934986
A 1480774573471 -8.623436 -1.9883846 7.1703944
A 1480774573669 -7.8357434 -1.660379 7.1847596
A 1480774573871 -7.179732 -1.7896659 4.8456244
A 1480774574070 -8.814972 -0.9229649 6.4928355
A 1480774574271 -6.444712 -2.136825 5.6764126
A 1480774574471 -7.4957666 -1.138443 7.2063074
A 1480774574669 -9.090305 -1.8207905 6.5072007
A 1480774574869 -6.918764 -1.3611038 5.374743
A 1480774575072 -6.7008915 -1.126472 5.973294
A 1480774575270 -6.478231 -1.4018053 5.156871
A 1480774575469 -8.896375 -1.5909472 6.4018555
A 1480774575669 -8.846096 -2.0530279 6.7657743
A 1480774575869 -5.724057 -0.4297593 5.875131
A 1480774576070 -8.034462 -1.1982981 5.776969
A 1480774576267 -8.240363 -1.1121068 6.0930037
A 1480774576471 -7.1510015 -1.3323734 5.848795
A 1480774576667 -7.988972 -1.2940662 6.8280234
A 1480774576870 -8.441476 -1.4209589 5.9517455
A 1480774577072 -6.9474945 -1.375469 4.9437866
A 1480774577270 -8.352891 -1.1623851 6.962099
A 1480774577470 -7.854897 -1.4784197 6.461711
A 1480774577670 -7.830955 -1.2820952 5.642894
A 1480774577871 -7.1174827 -0.6739679 5.978082
A 1480774578069 -7.428729 -1.0378866 6.2701745
A 1480774578270 -6.9379177 -1.2342111 5.755421
A 1480774578470 -6.9834075 -0.757765 6.8399944
A 1480774578667 -8.338526 -1.6412253 5.90865
A 1480774578869 -8.70005 -1.2270285 6.274963
A 1480774579070 -7.0552335 -1.2509705 6.1768007
A 1480774579270 -7.996155 -0.7721302 6.1145515
A 1480774579465 -7.550833 -1.4832081 5.3316474
A 1480774579668 -9.157343 -1.55264 7.6109276
A 1480774579869 -7.098329 -1.0809822 6.157647
A 1480774580070 -8.623436 -1.38744 5.5662794
A 1480774580270 -9.310572 -1.2701241 5.2741866
A 1480774580473 -6.3178196 -1.2294227 5.1065927
A 1480774580679 -8.137412 -1.0642228 7.191942
A 1480774580881 -8.137412 -0.6643911 6.4377685
A 1480774581081 -8.743146 -1.2294227 5.78894
A 1480774581280 -9.420705 -0.70988095 8.104133
A 1480774581481 -6.34655 -0.5422868 5.398685
A 1480774581677 -8.53485 -1.0235213 4.7618275
A 1480774581878 -7.737581 -1.1599909 6.0690618
A 1480774582080 -8.118258 -0.61890125 6.92858
A 1480774582280 -6.8062367 -0.61650705 4.974911
A 1480774582480 -8.891586 -0.9469069 6.2582035
A 1480774582677 -7.716033 -0.5542578 6.5143833
A 1480774582879 -6.9451003 -0.82240844 4.76901
A 1480774583080 -9.40634 -1.0977416 5.973294
A 1480774583280 -7.4670362 -0.6404491 6.545508
A 1480774583481 -6.7775064 -0.61650705 5.8535833
A 1480774583680 -7.524497 -0.8128316 5.659653
A 1480774583879 -8.391198 -0.8822635 6.6101513
A 1480774584080 -7.574775 -0.9588779 6.7083135
A 1480774584280 -7.610688 -0.8583214 5.353195
A 1480774584480 -8.65456 -1.1623851 4.898297
A 1480774584681 -8.585129 -0.9684547 5.729085
A 1480774584881 -7.000167 -0.8104374 5.583039
A 1480774585079 -8.949047 -1.030704 6.0666676
A 1480774585283 -7.8381376 -0.7984664 5.049132
A 1480774585490 -8.39838 -1.0354924 6.121734
A 1480774585688 -8.115865 -0.81762004 5.8416123
A 1480774585886 -7.5197086 -0.5351042 5.8224587
A 1480774586090 -7.4790072 -0.5422868 6.1145515
A 1480774586291 -8.3888035 -0.8942345 5.9134383
A 1480774586490 -7.7447634 -0.60932446 5.6524706
A 1480774586687 -7.2778945 -0.70748675 5.374743
A 1480774586890 -7.8022246 -0.8104374 5.7099314
A 1480774587090 -6.269935 -0.72903454 5.621346
A 1480774587291 -7.81659 -0.4034231 5.896679
A 1480774587490 -9.284235 -0.71706355 4.8575954
A 1480774587690 -8.817366 -0.72903454 5.791334
A 1480774587892 -7.0791755 -0.38426948 5.702749
A 1480774588090 -7.795042 -0.75058234 6.085821
A 1480774588289 -8.508514 -0.6907273 6.76338
A 1480774588490 -8.170932 -0.21188697 5.987659
A 1480774588691 -7.9913664 -1.0354924 5.561491
A 1480774588889 -7.086358 -0.33399123 5.717114
A 1480774589085 -6.2364163 -0.6739679 5.377137
A 1480774589291 -8.2451515 -0.8990229 6.0762444
A 1480774589490 -8.52288 -0.10175368 8.362707
A 1480774589690 -7.6250534 -0.57341146 5.4968476
A 1480774589889 -5.635472 -0.21906957 3.8616076
A 1480774590091 -8.297824 -0.36511585 6.277357
A 1480774590291 -7.012138 -0.1424551 6.739438
A 1480774590490 -6.109524 -0.4010289 4.9294214
A 1480774590690 -9.34409 -0.2861072 5.78894
A 1480774590889 -9.736739 -0.6883331 6.2941165
A 1480774591093 -6.4590774 -0.39384627 5.6524706
A 1480774591300 -6.444712 -0.8128316 5.2119374
A 1480774591498 -8.697656 -1.1288662 7.517554
A 1480774591697 -7.869262 -0.19752175 5.3316474
A 1480774591900 -7.1749434 -0.6404491 5.4968476
A 1480774592101 -7.8141956 -0.8008606 6.0786386
A 1480774592296 -7.356903 -1.1336546 6.1289167
A 1480774592500 -7.3497205 -0.8702924 5.448963
A 1480774592699 -6.30106 -0.39863467 4.0699034
A 1480774592900 -8.996931 -0.82719684 6.895061
A 1480774593101 -10.495702 -1.9165586 10.129628
A 1480774593301 -8.853279 -1.1887213 5.049132
A 1480774593500 -9.502108 -0.46088392 6.1360993
A 1480774593699 -6.052063 0.089782454 5.8176703
A 1480774593901 -7.9817896 -0.5398926 6.868725
A 1480774594101 -8.309795 -0.7793128 6.4114323
A 1480774594301 -7.4430943 -0.23582897 4.661271
A 1480774594499 -6.7511697 -0.7553708 5.4657226
A 1480774594698 -8.223604 -0.49679694 6.4569225
A 1480774594899 -8.769482 -0.59017086 6.0642734
A 1480774595100 -7.953059 -0.27653039 5.839218
A 1480774595300 -8.178114 -0.116118886 5.547126
A 1480774595495 -8.8820095 -0.50637376 5.5064244
A 1480774595700 -11.592246 -1.2198459 8.944498
A 1480774595899 -8.2451515 -0.061052255 7.115328
A 1480774596100 -6.478231 -0.59017086 5.09941
A 1480774596300 -7.656178 -0.4177883 5.4657226
A 1480774596500 -7.658572 -0.46806654 6.277357
A 1480774596697 -8.376833 -0.520739 6.0642734
A 1480774596899 -7.68012 -0.27653039 5.460934
A 1480774597101 -8.326554 -0.1304841 5.966111
A 1480774597301 -8.9777775 -0.60693026 5.755421
A 1480774597501 -4.8310204 -0.61411285 4.6157813
A 1480774597698 -10.232339 0.09457086 8.865489
A 1480774597900 -6.5237207 -0.5303158 4.127364
A 1480774598098 -9.492531 -0.1280899 6.133705
A 1480774598303 -6.648219 0.15442589 5.9493513
A 1480774598510 -6.5452685 -0.2573768 5.7745748
A 1480774598705 -8.8580675 -0.33159703 6.253415
A 1480774598909 -7.026503 -0.5231332 6.6149397
A 1480774599110 -6.7368045 -0.21188697 6.241444
A 1480774599310 -8.034462 -0.06823486 5.911044
A 1480774599510 -7.524497 -0.59017086 5.645288
A 1480774599708 -8.2451515 -0.6787563 6.6221223
A 1480774599909 -8.197268 -0.47285494 6.871119
A 1480774600106 -6.2124743 -0.27653039 5.3555894
A 1480774600309 -8.0224905 -0.4201825 6.4114323
A 1480774600509 -5.886863 -0.49919114 6.5981803
A 1480774600707 -8.937076 -0.8128316 6.7346497
A 1480774600906 -7.1294537 -0.6452375 5.815276
A 1480774601107 -7.3018365 -0.61890125 6.6125455
A 1480774601307 -6.9355235 -0.47046074 5.3675604
A 1480774601509 -8.273882 -1.0761938 5.800911
A 1480774601707 -7.9195404 -0.44651872 7.1488466
A 1480774601905 -6.8900337 -0.4225767 6.0163894
A 1480774602109 -8.149384 -0.6476317 5.753027
A 1480774602309 -8.1015 -0.096965276 7.2565856
A 1480774602509 -5.683356 -0.08499427 4.9318156
A 1480774602709 -6.8014483 -0.36511585 6.1049747
A 1480774602908 -7.7854652 1.0187327 6.5526905
A 1480774603110 -7.0648103 -0.16400293 6.047514
A 1480774603309 -8.199662 -0.35793325 6.8160524
A 1480774603509 -7.1845202 0.14484909 6.289328
A 1480774603709 -7.4478827 -0.72664034 7.522342
A 1480774603908 -6.5931525 0.5183445 6.9261856
A 1480774604109 -8.187691 -0.16400293 5.803305
A 1480774604308 -6.8182077 -0.35793325 6.037937
A 1480774604509 -4.5604753 0.9852139 5.1999664
A 1480774604709 -8.012914 0.8487444 5.8344297
A 1480774604907 -8.125442 0.049081024 5.0922275
A 1480774605105 -8.240363 -0.22146377 5.8464007
A 1480774605305 -9.164525 -0.508768 4.8336535
A 1480774605509 -8.963412 -0.3028666 5.7458444
A 1480774605709 -8.300219 -0.8559272 6.3036933
A 1480774605907 -7.107906 -0.46567234 5.4058676
A 1480774606107 -7.818984 -0.48722014 4.402697
A 1480774606309 -8.714416 -0.6524201 5.8224587
A 1480774606508 -8.597099 -0.4129999 5.281369
A 1480774606707 -8.5396385 0.21428093 4.9533634
A 1480774606907 -9.008903 -0.16879132 5.9828706
A 1480774607109 -6.308243 -0.1424551 5.5662794
A 1480774607308 -8.934682 -0.2669536 5.887102
A 1480774607508 -8.668925 -0.283713 5.561491
A 1480774607707 -6.6290655 -0.15442613 5.38432
A 1480774607907 -7.941088 -0.09457108 6.5383253
A 1480774608108 -7.294654 0.05626363 6.3420005
A 1480774608304 -8.166143 0.029927412 5.7697864
A 1480774608508 -9.226774 -0.1233015 6.559873
A 1480774608707 -8.604282 -0.1424551 7.0387135
A 1480774608906 -6.7272277 0.09457086 6.1241283
A 1480774609106 -7.5795636 -1.4688429 6.095398
A 1480774609304 -8.077558 -0.49919114 5.245456
A 1480774609507 -7.0408683 -0.53271 6.772957
A 1480774609706 -6.394434 -0.4034231 6.1959543
A 1480774609909 -6.313031 -0.2501942 5.8583717
A 1480774610108 -7.9219346 0.09217665 6.3994613
A 1480774610309 -7.962636 0.25258818 5.5447316
A 1480774610504 -7.701668 0.06584044 6.2103195
A 1480774610708 -7.2898655 -0.10893629 5.492059
A 1480774610903 -7.462248 0.2932896 6.04512
A 1480774611109 -8.0943165 0.14724329 6.4784703
A 1480774611309 -7.677726 0.034715816 6.2821455
A 1480774611508 -7.414364 0.108936064 6.037937
A 1480774611708 -7.9674244 -0.295684 6.5191717
A 1480774611909 -7.9578476 -0.23343477 5.750633
A 1480774612109 -6.6793437 -0.116118886 5.6524706
A 1480774612308 -8.034462 -0.47524914 5.8200645
A 1480774612508 -9.34409 -0.45370132 6.677189
A 1480774612710 -8.13023 -0.295684 6.1025805
A 1480774612908 -7.5316796 -0.21428117 6.0403314
A 1480774613111 -7.2874713 -0.59974766 5.3316474
A 1480774613305 -7.3760567 0.8487444 6.1528587
A 1480774613509 -8.285853 -0.85113883 6.229473
A 1480774613709 -8.214027 -0.11133049 6.0690618
A 1480774613909 -9.238746 -0.15442613 6.9237914
A 1480774614104 -9.140583 0.15442589 7.0123773
A 1480774614309 -8.807789 -0.034716032 6.8519654
A 1480774614508 -8.661743 -0.1280899 6.885484
A 1480774614709 -8.194874 0.14484909 6.334818
A 1480774614909 -7.821378 -0.31723183 5.6500764
A 1480774615108 -8.204451 -0.1185131 6.6867657
A 1480774615308 -7.682514 -0.4225767 5.8535833
A 1480774615508 -8.065586 -0.5183448 6.4377685
A 1480774615709 -7.8477144 -0.34835646 6.2941165
A 1480774615910 -7.998549 -0.73621714 6.775351
A 1480774616109 -7.378451 -0.39145207 6.3874903
A 1480774616308 -8.570764 -0.74100554 5.750633
A 1480774616507 -7.8261666 -0.008379815 6.509595
A 1480774616710 -6.5548453 -0.23582897 6.3060875
A 1480774616911 -9.037633 -0.9612721 6.500018
A 1480774617107 -8.060798 -0.2573768 6.215108
A 1480774617304 -6.8134193 0.19033894 5.5447316
A 1480774617507 -7.476613 -0.20709854 6.1241283
A 1480774617709 -8.874826 -0.35075065 6.131311
A 1480774617907 -7.670543 0.07781144 5.3100996
A 1480774618106 -8.2930355 -0.6452375 6.0283604
A 1480774618307 -6.6984973 0.22146356 5.489665
A 1480774618507 -7.1486073 -0.37469268 6.059485
A 1480774618709 -7.428729 -0.09457108 6.3515773
A 1480774618908 -9.159737 -0.82480264 6.930974
A 1480774619106 -6.7607465 0.049081024 5.74345
A 1480774619310 -7.656178 -0.59735346 6.5909977
A 1480774619507 -6.6554017 -0.259771 6.169618
A 1480774619708 -6.7368045 -0.9062055 6.2582035
A 1480774619908 -7.0097437 -0.17118552 5.5543084
A 1480774620110 -8.067981 -0.9540895 6.727467
A 1480774620309 -5.683356 0.14963749 5.887102
A 1480774620504 -7.0169263 -0.18076235 6.6005745
A 1480774620707 -6.741593 -0.48961434 7.0842032
A 1480774620908 -7.881233 -0.74100554 7.0387135
A 1480774621109 -3.224511 0.08020565 6.3994613
A 1480774621309 -6.150225 -0.7864954 7.7928867
A 1480774621509 -7.086358 0.274136 8.841547
A 1480774621710 -6.4375296 -0.7553708 7.235038
A 1480774621908 -6.281906 -0.47524914 8.149623
A 1480774622108 -6.370492 -0.8008606 7.8503475
A 1480774622309 -6.6889205 -0.39624047 7.4098144
A 1480774622509 -6.040092 -0.271742 7.0171657
A 1480774622707 -7.3856335 -0.020350825 7.496006
A 1480774622907 -7.3114133 0.104147665 8.056249
A 1480774623109 -5.458301 -0.74579394 5.0898333
A 1480774623309 -6.5716047 -0.09935948 8.614098
A 1480774623509 -6.415982 0.22864616 6.2725687
A 1480774623713 -8.9538355 -0.9947909 8.659588
A 1480774623907 -6.988196 0.19512734 8.132863
A 1480774624106 -6.8517265 -0.61890125 4.3955145
A 1480774624308 -9.640971 -1.4472951 7.4768524
A 1480774624508 -7.9937606 -0.4106057 8.800846
A 1480774624707 -5.712086 -0.24301156 6.2342615
A 1480774624907 -8.017702 -0.022745024 6.775351
A 1480774625107 -7.9458766 -0.9852141 6.547902
A 1480774625307 -8.173326 -0.31723183 7.405026
A 1480774625508 -6.404011 -0.8702924 5.492059
A 1480774625708 -8.448659 -0.35075065 7.2326436
A 1480774625906 -6.720045 -0.8942345 6.4042497
A 1480774626108 -6.9570713 -0.46806654 6.7681684
A 1480774626308 -7.0312915 -0.22146377 6.4832587
A 1480774626506 -7.146213 -1.0881648 6.3683367
A 1480774626706 -5.932353 -0.17118552 5.987659
A 1480774626908 -7.9698186 -0.9660605 5.946957
A 1480774627298 -11.647312 -1.3539212 7.855136
A 1480774627501 -6.684132 -0.48003754 7.3379884
A 1480774627698 -5.601953 -0.15921453 4.6900015
A 1480774627898 -8.137412 -0.92775327 5.183207
A 1480774628099 -8.451053 0.101753466 6.4401627
A 1480774628298 -6.5955467 -0.5422868 6.4353743
A 1480774628499 -6.597941 -0.08738847 5.5567026
A 1480774628699 -9.253111 -0.38426948 6.444951
A 1480774628897 -7.546045 -0.9971851 5.408262
A 1480774629094 -7.143819 -0.18315655 5.525578
A 1480774629299 -8.439082 -0.8631098 7.045896
A 1480774629499 -5.800672 0.36032724 5.38432
A 1480774629699 -7.5532274 -0.8008606 6.6628237
A 1480774629899 -7.3832393 -0.1328783 5.7242966
A 1480774630099 -8.367256 -0.1328783 6.085821
A 1480774630302 -7.3856335 -0.16879132 4.946181
A 1480774630509 -8.391198 -0.8607156 7.4912176
A 1480774630708 -6.126283 -0.4249709 6.1049747
A 1480774630906 -7.81659 -0.32202023 6.7107077
A 1480774631109 -7.7782826 -0.61890125 5.8176703
A 1480774631310 -8.606676 -0.39624047 7.0770206
A 1480774631508 -6.0927644 -0.020350825 4.5966277
A 1480774631708 -7.241981 -0.7745244 6.6628237
A 1480774631908 -8.448659 -0.5590462 6.2079253
A 1480774632107 -7.1510015 -0.71706355 6.1121573
A 1480774632313 -6.952283 -0.36032745 6.013995
A 1480774632518 -7.158184 -0.37948108 5.9828706
A 1480774632720 -7.4407 -0.05626385 6.5048065
A 1480774632917 -7.632236 -0.44651872 6.6819773
A 1480774633118 -8.50612 -0.5351042 7.045896
A 1480774633318 -6.741593 -0.2501942 6.995618
A 1480774633518 -7.4478827 -0.259771 7.0530787
A 1480774633717 -6.597941 -0.5422868 6.583815
A 1480774633918 -7.620265 -0.2645594 7.115328
A 1480774634120 -7.0097437 -0.35553905 6.6628237
A 1480774634318 -7.5891404 0.034715816 6.667612
A 1480774634518 -6.3273964 -0.19273335 6.047514
A 1480774634718 -7.953059 -0.11133049 6.277357
A 1480774634918 -7.9698186 -0.6500259 7.7521853
A 1480774635120 -7.232404 -0.17836812 7.5247364
A 1480774635318 -8.01052 -0.508768 6.409038
A 1480774635513 -7.4790072 -0.33638543 6.5909977
A 1480774635758 -7.3880277 -0.6883331 6.2438383
A 1480774635960 -7.6394186 -0.43933612 6.6747947
A 1480774636157 -7.1126943 -0.9421185 6.3922787
A 1480774636360 -7.4670362 -0.48722014 7.237432
A 1480774636555 -7.7854652 -0.096965276 6.557479
A 1480774636758 -6.5452685 -0.46567234 5.9278035
A 1480774636957 -8.407957 -0.07062906 7.4098144
A 1480774637158 -5.944324 -0.295684 5.9708996
A 1480774637358 -8.357679 -0.17836812 6.799293
A 1480774637560 -5.5732226 -1.3563154 5.362772
A 1480774637758 -8.261911 0.46806633 8.312428
A 1480774637960 -7.048051 -0.3004724 6.0762444
A 1480774638156 -8.510908 0.2813186 6.895061
A 1480774638358 -6.404011 -0.4153941 5.6500764
A 1480774638557 -6.9714365 -0.58059406 6.583815
A 1480774638756 -7.024109 -0.4058173 7.7761273
A 1480774638957 -8.0464325 -0.1209073 6.157647
A 1480774639156 -8.029674 -0.544681 5.803305
A 1480774639357 -7.4718246 -0.3028666 7.759368
A 1480774639556 -6.4231644 -0.5231332 6.6628237
A 1480774639755 -9.2722645 -0.74339974 7.917385
A 1480774639957 -8.513303 -0.7793128 6.775351
A 1480774640156 -6.669767 -0.57101727 6.959705
A 1480774640357 -7.1246653 -0.5422868 6.7059193
A 1480774640556 -6.231628 -0.49440274 6.1480703
A 1480774640746 -7.0097437 -0.58059406 7.1464524
A 1480774640945 -7.083964 -0.44173032 6.9022436
A 1480774641146 -6.6554017 -0.27653039 6.921397
A 1480774641345 -9.420705 -0.8966287 8.501571
A 1480774641546 -6.052063 -0.49200854 7.0961742
A 1480774641746 -7.562804 -0.60693026 7.2063074
A 1480774641946 -7.6609664 -0.74339974 6.9644933
A 1480774642146 -7.012138 -0.2478 6.3276353
A 1480774642346 -6.7224393 -0.57580566 6.983647
A 1480774642546 -8.50612 -0.61890125 7.3643246
A 1480774642745 -6.621883 -0.74339974 6.310876
A 1480774642945 -7.610688 -0.74818814 6.3779135
A 1480774643145 -8.489361 -1.1168952 6.7681684
A 1480774643347 -6.8134193 -0.6596027 5.4824824
A 1480774643546 -8.592311 -1.10253 7.845559
A 1480774643747 -9.198044 -1.0187329 9.181524
A 1480774643948 -6.4255586 -0.2789246 6.04512
A 1480774644226 -7.7232156 -0.61171865 6.547902
A 1480774644428 -8.242758 -0.9708489 7.582197
A 1480774644628 -6.8756685 -1.0283097 6.4832587
A 1480774644829 -7.4454885 -0.85113883 5.8655543
A 1480774645027 -6.787083 -1.2054807 5.8080935
A 1480774645228 -7.0049553 -0.36990425 6.1001863
A 1480774645427 -7.737581 -1.2294227 5.6764126
A 1480774645624 -7.6729374 -0.065840654 6.6269107
A 1480774646128 -7.294654 -0.83677363 3.4641702
A 1480774646330 -8.747934 -0.9828199 6.919003
A 1480774646531 -8.723992 -0.034716032 7.6636
A 1480774646732 -8.3888035 -1.3539212 6.2701745
A 1480774646934 -7.656178 -1.4305357 6.0762444
A 1480774647135 -7.414364 -0.9995793 5.860766
A 1480774647333 -7.6011114 -1.1097126 5.233485
A 1480774647529 -7.1486073 -1.0714054 5.702749
A 1480774647732 -6.648219 -0.10893629 6.109763
A 1480774647935 -7.9817896 -0.113724686 6.3659425
A 1480774648134 -6.8517265 -0.47046074 5.884708
A 1480774648333 -7.63463 -0.72185194 6.2007427
A 1480774648533 -7.241981 -0.08499427 6.617334
A 1480774648733 -6.743987 -0.9900025 5.027584
A 1480774648934 -7.3760567 -0.8128316 6.8878784
A 1480774649135 -7.536468 -0.19512755 6.5670557
A 1480774649333 -8.39838 -0.9014171 6.737044
A 1480774649533 -8.913134 -0.5279216 5.8535833
A 1480774649733 -5.932353 -1.1887213 5.2957344
A 1480774649933 -8.314584 -0.032321833 6.559873
A 1480774650134 -7.5771694 -0.73621714 6.497624
A 1480774650333 -7.428729 -0.49200854 6.409038
A 1480774650533 -8.302612 -1.0857706 5.800911
A 1480774650732 -7.1773376 -0.6859389 7.996394
A 1480774650940 -7.512526 -1.3994111 6.7466207
A 1480774651143 -8.81976 -1.0115503 6.4257975
A 1480774651343 -6.9977727 -1.114501 5.575856
A 1480774651543 -7.024109 -1.1049242 6.2917223
A 1480774651743 -7.251558 -1.1288662 6.2582035
A 1480774651946 -5.5947704 -0.7673418 5.527972
A 1480774652144 -7.96503 -0.62129545 6.76338
A 1480774652341 -6.310637 -1.2054807 6.3324237
A 1480774652545 -7.5556216 -0.36990425 7.9078083
A 1480774652742 -8.261911 -0.49679694 6.873513
A 1480774652945 -7.3018365 -0.9038113 6.4688935
A 1480774653144 -9.15016 -1.0378866 7.007589
A 1480774653343 -7.0432625 -0.70748675 6.68916
A 1480774653544 -6.4351354 -0.36272165 5.8535833
A 1480774653742 -8.187691 -1.3012488 6.4569225
A 1480774653941 -6.480625 -0.4201825 6.868725
A 1480774654144 -7.0576277 -0.45370132 6.44974
A 1480774654344 -7.581958 -0.19033915 6.619728
A 1480774654544 -7.170155 -0.70748675 7.416997
A 1480774654744 -8.283459 -0.45370132 7.6683884
A 1480774654944 -5.929959 -0.9588779 5.8200645
A 1480774655146 -7.608294 -0.757765 7.25898
A 1480774655344 -7.32099 -0.45609552 5.9924474
A 1480774655543 -7.15579 -0.5303158 5.71472
A 1480774655744 -7.309019 -0.6739679 6.1289167
A 1480774655944 -9.032845 -0.5638346 6.4784703
A 1480774656143 -7.512526 -1.1863271 5.975688
A 1480774656343 -6.588364 -1.5143327 6.3204527
A 1480774656544 -7.414364 -0.23582897 7.555861
A 1480774656744 -7.4430943 -1.0618286 6.277357
A 1480774656944 -7.1390305 -0.7553708 6.1241283
A 1480774657139 -7.206068 -1.0283097 6.825629
A 1480774657339 -6.9810133 -1.114501 7.2685566
A 1480774657542 -8.051221 -0.8080432 7.493612
A 1480774657743 -7.1653666 -0.9588779 7.0770206
A 1480774657944 -6.284301 -1.090559 6.1959543
A 1480774658144 -7.608294 -0.58777666 7.546284
A 1480774658343 -8.826942 -0.8128316 8.032307
A 1480774658544 -5.8030663 -0.5135564 5.958928
A 1480774658744 -7.548439 -1.0259155 6.7657743
A 1480774658944 -8.728781 -0.4273651 8.290881
A 1480774659144 -5.9874196 -0.5398926 5.9517455
A 1480774659345 -6.4878078 -0.24061736 5.800911
A 1480774659544 -7.632236 -0.20949277 5.860766
A 1480774659744 -6.8301787 -0.10893629 7.153635
A 1480774659944 -7.876445 -0.48482594 6.76338
A 1480774660144 -8.22121 -0.2621652 7.8359823
A 1480774660340 -7.51492 -0.21428117 6.8304176
A 1480774660544 -5.989814 -0.6667853 5.085045
A 1480774660744 -5.9036226 -1.3347676 5.8799195
A 1480774660944 -7.4239407 -0.58777666 6.6125455
A 1480774661145 -7.36648 -0.5303158 6.2462325
A 1480774661343 -7.024109 -0.39384627 6.3539715
A 1480774661545 -7.414364 -0.48243174 7.009983
A 1480774661745 -6.030515 -0.57580566 5.8296413
A 1480774661944 -7.9099636 -0.39624047 5.027584
A 1480774662144 -8.582734 -0.35553905 6.1480703
A 1480774662338 -7.0576277 -0.44412452 6.787322
A 1480774662542 -6.3417616 -1.1073184 5.729085
A 1480774662744 -7.783071 -0.39863467 4.9413924
A 1480774662944 -9.219592 -0.7745244 5.123352
A 1480774663144 -7.488584 -0.5542578 5.6620474
A 1480774663343 -8.510908 -0.60693026 6.5167775
A 1480774663541 -6.432741 -0.37708688 5.436992
A 1480774663744 -7.950665 -0.7601592 6.950128
A 1480774663944 -8.032067 -0.24301156 5.7578154
A 1480774664145 -10.579498 -1.4592661 8.35313
A 1480774664344 -8.419929 -0.8702924 5.5183954
A 1480774664543 -6.2483873 -0.33399123 5.408262
A 1480774664744 -7.4790072 0.03950422 5.9924474
A 1480774664944 -7.9698186 -0.5303158 7.151241
A 1480774665144 -9.293812 -0.061052255 5.5806446
A 1480774665344 -6.0688224 -0.36751005 5.633317
A 1480774665544 -7.51492 -0.84874463 8.5350895
A 1480774665745 -6.8014483 -0.74100554 5.824853
A 1480774665943 -7.297048 -0.283713 6.1049747
A 1480774666144 -8.427111 -0.2478 5.6404996
A 1480774666343 -7.6992736 -0.5351042 6.844783
A 1480774666544 -6.456683 -0.4153941 4.88872
A 1480774666741 -7.1605783 -0.9588779 6.9644933
A 1480774666945 -9.083122 -1.3730748 7.251797
A 1480774667144 -6.3513384 0.34117365 5.9421687
A 1480774667343 -7.4311233 -0.22146377 5.5926156
A 1480774667544 -8.053616 -0.14963773 5.410656
A 1480774667743 -6.6075177 0.15203169 6.7178903
A 1480774667944 -7.7663116 -0.6524201 5.6859894
A 1480774668144 -9.547598 0.47764313 6.370731
A 1480774668341 -5.5708284 -0.6667853 4.5487437
A 1480774668545 -7.143819 -0.38666368 7.831194
A 1480774668744 -9.078334 -0.39624047 5.973294
A 1480774668944 -8.752723 -0.8798693 5.753027
A 1480774669143 -6.8493323 -0.544681 6.021178
A 1480774669343 -9.083122 -0.5662288 6.0642734
A 1480774669543 -7.644207 -0.43215352 5.9062557
A 1480774669744 -8.228393 -0.70988095 6.6987367
A 1480774669941 -7.8141956 -0.74579394 6.725073
A 1480774670143 -7.6274476 -0.7745244 6.5311427
A 1480774670343 -5.9993906 -0.36751005 5.1065927
A 1480774670543 -8.64259 -1.030704 6.04512
A 1480774670744 -8.118258 -0.34596226 5.9373803
A 1480774670944 -7.024109 -0.45609552 6.1408877
A 1480774671140 -7.6633606 -0.9445127 5.815276
A 1480774671344 -8.027279 -0.865504 6.8376
A 1480774671544 -8.300219 -0.46088392 7.428968
A 1480774671744 -5.824614 0.5255271 3.926251
A 1480774671944 -6.298666 -0.022745024 4.6780305
A 1480774672142 -8.810184 -0.58059406 7.94851
A 1480774672342 -6.0831876 0.104147665 5.6285286
A 1480774672543 -6.562028 -0.23104057 5.7817574
A 1480774672744 -8.218816 -0.4153941 7.0123773
A 1480774672944 -7.9434824 -0.60693026 7.0051947
A 1480774673139 -8.362468 0.14724329 7.2063074
A 1480774673339 -7.1533957 -0.36751005 6.4401627
A 1480774673542 -6.313031 -0.43215352 6.095398
A 1480774673744 -8.27867 -0.8631098 6.7801394
A 1480774673944 -6.54048 -0.9157823 6.44974
A 1480774674142 -8.798212 -0.259771 6.861542
A 1480774674344 -7.550833 -0.8870519 5.525578
A 1480774674544 -8.11347 -0.08978267 6.0882154
A 1480774674744 -7.146213 -0.20231014 6.274963
A 1480774674944 -9.324937 -0.8822635 8.54706
A 1480774675145 -6.06164 -1.6747442 7.223067
A 1480774675341 -7.5771694 -1.9189528 6.6628237
A 1480774675544 -7.972213 -0.37948108 5.630923
A 1480774675744 -6.8517265 -0.21428117 6.5742383
A 1480774675944 -8.656955 -0.2885014 5.9158325
A 1480774676145 -8.841308 -0.57341146 6.1528587
A 1480774676342 -6.8014483 -0.43454772 6.167224
A 1480774676543 -7.220433 -0.017956622 6.8399944
A 1480774676744 -8.946652 -1.5382748 6.7322555
A 1480774676944 -4.627513 -0.1472435 4.4649463
A 1480774677144 -7.5053434 -0.03950444 6.274963
A 1480774677342 -5.977843 -0.5183448 5.09941
A 1480774677545 -7.167761 -1.0211271 6.3803077
A 1480774677744 -6.693709 -0.53271 7.0171657
A 1480774677945 -7.526891 -1.054646 5.9517455
A 1480774678144 -8.67132 -1.0737996 7.5989566
A 1480774678338 -7.2132506 -1.1528083 6.3324237
A 1480774678542 -8.008125 -0.1472435 5.9685054
A 1480774678743 -6.765535 -0.23343477 5.6141634
A 1480774678944 -7.309019 -0.18315655 6.995618
A 1480774679144 -7.170155 0.4441243 6.2558093
A 1480774679343 -8.000943 -0.84874463 6.0930037
A 1480774679539 -7.4790072 0.25019395 5.779363
A 1480774679744 -5.798278 -0.72664034 5.156871
A 1480774679945 -8.510908 -1.078588 6.3420005
A 1480774680144 -6.9020047 -0.18076235 6.4712877
A 1480774680343 -7.7639174 -0.4273651 6.1265225
A 1480774680543 -8.204451 -0.5398926 5.8799195
A 1480774680746 -8.805395 -0.83198524 6.5862093
A 1480774680944 -6.832573 -0.6835447 6.23905
A 1480774681144 -5.894046 -0.73621714 5.8320355
A 1480774681342 -9.760681 -0.70509255 4.924633
A 1480774681543 -7.809407 -0.46088392 5.741056
A 1480774681741 -7.390422 -0.70269835 7.3020754
A 1480774681944 -7.9075694 -0.271742 6.849571
A 1480774682144 -8.393592 -0.36751005 5.8320355
A 1480774682343 -7.548439 -0.556652 6.6508527
A 1480774682543 -7.682514 -0.2789246 6.131311
A 1480774682743 -7.476613 -0.6452375 5.633317
A 1480774682945 -6.6194887 -0.19512755 6.394673
A 1480774683144 -5.4966083 -0.07302326 4.991671
A 1480774683343 -10.30656 -0.2669536 5.7219024
A 1480774683541 -5.4367533 -0.33399123 4.742674
A 1480774683741 -7.6968794 -0.82959104 5.7123256
A 1480774683944 -8.577946 -0.47524914 6.2558093
A 1480774684144 -7.617871 -0.46088392 5.0467377
A 1480774684344 -8.240363 -0.60693026 5.3938966
A 1480774684543 -7.6250534 -0.37948108 6.6843715
A 1480774684744 -7.9554534 -0.60693026 5.7219024
A 1480774684941 -10.18685 -1.1911155 5.4824824
A 1480774685144 -8.144595 -0.5422868 6.873513
A 1480774685344 -6.1574078 -1.519121 5.7626038
A 1480774685543 -8.163749 -0.61411285 6.7538033
A 1480774685744 -7.7639174 -0.5111622 5.1281404
A 1480774685944 -7.548439 -0.84395623 5.702749
A 1480774686144 -7.167761 -0.58777666 6.873513
A 1480774686344 -7.6849084 -1.0115503 6.1839833
A 1480774686543 -8.240363 -0.43454772 5.1185637
A 1480774686744 -7.6130824 -0.60693026 5.5207896
A 1480774686944 -8.463024 -0.45609552 6.8878784
A 1480774687145 -7.524497 -0.6380549 5.654865
A 1480774687344 -7.1007233 -0.8918403 5.3819256
A 1480774687542 -8.120653 -0.7960722 6.772957
A 1480774687744 -7.107906 -0.4201825 6.1408877
A 1480774687944 -6.5428743 -1.2820952 6.1887717
A 1480774688139 -11.50366 -2.074576 8.063432
A 1480774688344 -6.7224393 -1.9955672 5.8080935
A 1480774688541 -9.842084 -0.93493587 6.215108
A 1480774688743 -8.5875225 -0.71466935 7.359536
A 1480774688944 -6.334579 -0.6763621 5.563885
A 1480774689144 -8.391198 -1.1671735 5.563885
A 1480774689343 -7.818984 -0.805649 6.7825336
A 1480774689542 -8.690474 -0.3052608 7.117722
A 1480774689744 -6.636248 -0.6883331 5.621346
A 1480774689944 -6.8158135 -1.0115503 5.609375
A 1480774690144 -7.498161 -0.82001424 6.2917223
A 1480774690345 -7.2252216 -0.9732431 6.107369
A 1480774690544 -7.356903 -1.4640545 5.499242
A 1480774690745 -7.8740506 -1.0043677 6.227079
A 1480774690945 -7.2683177 -0.7625534 5.7937284
A 1480774691145 -7.783071 -1.042675 6.1289167
A 1480774691342 -8.594706 -1.1839329 5.932592
A 1480774691545 -6.612306 -1.0115503 6.095398
A 1480774691744 -7.402393 -0.70988095 5.8104877
A 1480774691945 -7.4311233 -0.8128316 6.5431137
A 1480774692145 -7.522103 -0.9493011 5.8894963
A 1480774692344 -7.1605783 -0.9708489 6.3084817
A 1480774692543 -7.665755 -0.82001424 6.5024123
A 1480774692744 -8.314584 -0.73142874 6.9644933
A 1480774692945 -7.795042 -1.054646 6.0930037
A 1480774693145 -7.5771694 -0.6859389 6.7418323
A 1480774693344 -8.156567 -0.8798693 5.8440065
A 1480774693543 -7.581958 -0.44651872 6.3635483
A 1480774693744 -7.912358 -0.33399123 6.2438383
A 1480774693945 -7.9339056 -0.3028666 6.0666676
A 1480774694145 -7.452671 -0.2908956 6.023572
A 1480774694339 -7.8501086 -0.50158536 5.90865
A 1480774694542 -8.082346 -0.31962603 5.681201
A 1480774694744 -8.582734 -0.43694192 5.487271
A 1480774694945 -7.7232156 -0.37469268 5.7865458
A 1480774695145 -8.788635 -0.5494694 5.611769
A 1480774695344 -7.9075694 -0.18555075 5.487271
A 1480774695543 -8.395987 0.05386943 5.0658913
A 1480774695744 -8.599494 0.003591193 5.6141634
A 1480774695945 -8.139807 -0.116118886 5.0084305
A 1480774696145 -7.830955 -0.60214186 5.4417806
A 1480774696344 -8.965806 -0.5183448 6.1648297
A 1480774696543 -8.575552 -0.4273651 5.8344297
A 1480774696745 -7.706456 -0.4201825 5.432204
A 1480774696944 -8.11347 -0.58538246 5.9493513
A 1480774697145 -7.658572 -0.7888896 6.0163894
A 1480774697344 -7.728004 -0.6380549 5.944563
A 1480774697544 -8.223604 -0.69551575 6.1959543
A 1480774697741 -7.3138075 -0.70988095 6.6460643
A 1480774697943 -7.3401437 -0.34835646 6.9405513
A 1480774698145 -7.51492 -0.6548143 6.1744065
A 1480774698344 -6.880457 -0.2813188 6.641276
A 1480774698545 -7.4191523 -0.36990425 6.859148
A 1480774698744 -6.5787873 -0.16400293 7.1368756
A 1480774698945 -7.7854652 -0.3004724 7.177577
A 1480774699145 -6.5572395 -0.2932898 7.481641
A 1480774699344 -6.5117497 -0.14963773 7.5391016
A 1480774699545 -7.1174827 -0.2525884 7.7186666
A 1480774699744 -5.8653154 -0.08738847 7.7521853
A 1480774699945 -6.320214 -0.4153941 7.057867
A 1480774700144 -7.3138075 -0.4153941 7.203913
A 1480774700345 -6.6051235 -0.113724686 7.9532986
A 1480774700545 -6.2124743 -0.10893629 7.8407707
A 1480774700744 -6.6865263 -0.2549826 7.1943364
A 1480774700941 -7.03608 -0.2741362 6.9884353
A 1480774701145 -7.9698186 0.25258818 7.067444
A 1480774701344 -5.563646 0.23104036 6.145676
A 1480774701545 -6.906793 -0.568623 6.930974
A 1480774701744 -6.372886 -0.73621714 6.298905
A 1480774701944 -7.038474 -0.75297654 5.8080935
A 1480774702146 -7.3640857 -0.259771 6.5550847
A 1480774702344 -7.8836274 -0.37948108 6.4688935
A 1480774702543 -7.926723 -0.10893629 5.269398
A 1480774702744 -8.841308 -0.8008606 5.606981
A 1480774702943 -9.17889 0.25977078 5.2861576
A 1480774703145 -8.836519 -0.6739679 6.1959543
A 1480774703344 -8.170932 -0.2693478 5.087439
A 1480774703544 -6.1526194 -1.4712371 4.163277
A 1480774703744 -9.210015 -0.09457108 3.9166741
A 1480774703943 -7.960242 -0.508768 5.26461
A 1480774704140 -11.060733 -1.5693994 5.5782504
A 1480774704343 -7.718427 -0.259771 5.228697
A 1480774704545 -9.214804 -0.36511585 5.3938966
A 1480774704745 -8.621041 -1.3347676 4.2015843
A 1480774704943 -7.7471576 -1.054646 6.6700063
A 1480774705144 -8.077558 -0.20949277 5.990053
A 1480774705343 -6.8780627 -0.50397956 5.647682
A 1480774705545 -8.407957 -0.93493587 4.8671722
A 1480774705744 -9.523656 -0.6787563 5.7578154
A 1480774705943 -8.5396385 -0.4201825 5.305311
A 1480774706144 -8.204451 -0.7649476 5.420233
A 1480774706342 -9.640971 -0.8583214 6.1169457
A 1480774706543 -7.3592973 -0.3052608 4.804923
A 1480774706744 -7.1725492 -0.8990229 4.4553695
A 1480774706944 -8.008125 -0.18794495 6.5886035
A 1480774707144 -7.32099 -0.07062906 5.180813
A 1480774707338 -6.6266713 -0.36511585 4.646906
A 1480774707543 -8.211633 -0.62608385 6.52396
A 1480774707743 -7.1246653 -0.35314485 5.1640534
A 1480774707942 -8.125442 -0.24301156 5.192784
A 1480774708144 -8.096711 -0.38426948 6.2797513
A 1480774708341 -7.5556216 -0.17836812 5.8703427
A 1480774708543 -7.5173144 -0.50397956 6.0044184
A 1480774708744 -7.6489954 -0.283713 7.091386
A 1480774708943 -6.8134193 -0.50158536 6.349183
A 1480774709144 -7.948271 -0.36511585 6.6604295
A 1480774709344 -6.7822948 -0.57101727 6.3874903
A 1480774709543 -7.4837956 -0.3052608 6.8040814
A 1480774709743 -7.96503 -0.62847805 6.5766325
A 1480774709943 -7.0648103 -0.2645594 7.366719
A 1480774710144 -6.657796 -0.5662288 6.571844
A 1480774710344 -7.462248 -0.59735346 6.713102
A 1480774710540 -7.356903 -0.4082115 6.497624
A 1480774710744 -7.840532 -0.20231014 6.3803077
A 1480774710943 -8.012914 -0.73382294 6.191166
A 1480774711144 -8.2451515 -0.70748675 6.3874903
A 1480774711341 -7.7351866 -0.22625217 6.0427256
A 1480774711542 -9.15016 -0.47046074 5.1257463
A 1480774711743 -9.035238 -0.853533 6.5646615
A 1480774711945 -7.2898655 -0.43215352 5.8535833
A 1480774712145 -7.294654 -0.18076235 6.4377685
A 1480774712344 -7.23001 -0.4058173 5.4633284
A 1480774712543 -7.63463 -0.44412452 6.655641
A 1480774712739 -7.9363 -0.36511585 6.6388817
A 1480774712944 -7.629842 -0.21906957 5.9134383
A 1480774713145 -8.2667 -0.4082115 6.1983485
A 1480774713344 -7.550833 -0.20231014 6.2366557
A 1480774713543 -7.646601 -0.5470752 6.3659425
A 1480774713743 -7.996155 -0.04429284 6.6819773
A 1480774713946 -7.297048 -0.33399123 5.848795
A 1480774714146 -6.243599 -0.1280899 5.386714
A 1480774714344 -8.237969 -0.6691795 6.9405513
A 1480774714544 -7.0288973 -0.6308723 6.9261856
A 1480774714744 -7.3521147 -0.18076235 6.1600413
A 1480774714945 -7.1414247 -0.47524914 6.5191717
A 1480774715144 -6.6266713 -0.18794495 6.301299
A 1480774715344 -7.086358 -0.19512755 6.6484585
A 1480774715545 -6.892428 -0.44412452 6.025966
A 1480774715744 -8.609071 -0.4106057 6.547902
A 1480774715939 -7.644207 -0.38187528 6.5191717
A 1480774716145 -7.8357434 -0.31723183 6.947734
A 1480774716342 -7.622659 -0.35314485 6.581421
A 1480774716545 -7.170155 -0.31244344 6.2342615
A 1480774716744 -7.378451 -0.49440274 5.9828706
A 1480774716944 -7.6729374 -0.58298826 6.701131
A 1480774717144 -7.4335175 -0.44173032 5.7985168
A 1480774717344 -7.1869144 -0.32202023 5.690778
A 1480774717542 -7.751946 -0.5638346 6.3874903
A 1480774717744 -7.5436506 -0.44173032 6.31327
A 1480774717944 -7.1150885 -0.33159703 6.061879
A 1480774718146 -8.824549 -0.5494694 6.322847
A 1480774718344 -8.709627 -0.5398926 6.301299
A 1480774718544 -8.448659 -1.1001358 6.3396063
A 1480774718744 -7.1126943 -1.2868836 7.1967306
A 1480774718945 -7.476613 -1.5334864 6.1504645
A 1480774719142 -8.690474 0.20230994 6.1983485
A 1480774719344 -9.58351 -1.2342111 7.627687
A 1480774719544 -6.767929 -0.37229848 6.6700063
A 1480774719744 -8.089528 -0.9085997 6.6005745
A 1480774719945 -7.668149 -0.48482594 5.9062557
A 1480774720144 -6.8421497 -0.43933612 5.9373803
A 1480774720344 -7.5292854 -0.4034231 6.5191717
A 1480774720544 -7.998549 -0.83198524 6.52396
A 1480774720744 -7.2108564 -0.7649476 5.7937284
A 1480774720945 -7.3952103 -0.5111622 6.3635483
A 1480774721145 -7.167761 -0.4297593 6.085821
A 1480774721343 -7.3952103 -0.6811505 6.6939483
A 1480774721546 -7.8716564 -0.37708688 6.9932237
A 1480774721744 -7.522103 -0.757765 5.8464007
A 1480774721945 -8.336131 -1.0881648 5.563885
A 1480774722145 -8.549215 -0.60453606 6.1983485
A 1480774722341 -8.271488 -0.48722014 6.799293
A 1480774722543 -7.060022 -0.1448493 5.420233
A 1480774722744 -8.9298935 -0.9756373 6.3539715
A 1480774722945 -8.484571 -0.010774016 7.115328
A 1480774723144 -6.6075177 -0.6667853 5.425021
A 1480774723343 -6.940312 0.24301136 5.987659
A 1480774723544 -6.7272277 -1.0115503 5.62374
A 1480774723744 -8.372045 -0.5255274 6.6364875
A 1480774723945 -6.834967 -0.4129999 6.346789
A 1480774724146 -7.191703 -0.2525884 6.6867657
A 1480774724345 -7.0935407 -0.50158536 5.973294
A 1480774724544 -7.3018365 -0.4010289 6.44974
A 1480774724743 -7.0193205 -0.07062906 6.6867657
A 1480774724944 -6.636248 -0.271742 5.6764126
A 1480774725143 -7.0049553 -0.32441443 5.9924474
A 1480774725342 -9.887574 -0.72903454 8.044278
A 1480774725539 -6.320214 -0.5518636 7.0722322
A 1480774725742 -7.086358 -0.6572085 6.998012
A 1480774725943 -8.190085 -0.7793128 6.0546966
A 1480774726143 -7.0695987 -0.4010289 5.690778
A 1480774726341 -7.232404 -0.14963773 6.121734
A 1480774726542 -7.3712683 -0.9109939 5.6165576
A 1480774726742 -8.6832905 -0.295684 6.6029687
A 1480774726945 -7.071993 -0.72424614 5.365166
A 1480774727142 -7.593929 -0.72424614 5.9948416
A 1480774727344 -7.622659 -0.38187528 6.0307546
A 1480774727544 -7.4407 -0.50158536 5.489665
A 1480774727744 -7.986578 -0.11133049 5.1784186
A 1480774727944 -7.658572 -0.60453606 6.23905
A 1480774728143 -7.9674244 -0.37948108 6.009207
A 1480774728344 -7.972213 -0.4106057 6.3659425
A 1480774728543 -8.374438 -0.6572085 5.8344297
A 1480774728740 -7.828561 -0.7673418 5.7578154
A 1480774728945 -8.518091 -0.2573768 5.597404
A 1480774729146 -6.6554017 -0.70269835 5.635711
A 1480774729344 -8.2930355 -0.7793128 6.835206
A 1480774729543 -8.470206 -0.16400293 5.511213
A 1480774729744 -6.7224393 -1.0690112 4.8360476
A 1480774729946 -8.554004 -0.8798693 7.5750146
A 1480774730145 -7.7902536 -0.49440274 6.7585917
A 1480774730344 -7.596323 -0.44173032 6.145676
A 1480774730543 -7.7663116 -0.37229848 6.772957
A 1480774730744 -6.5572395 -0.70269835 4.6660595
A 1480774730944 -8.597099 -0.60214186 6.406644
A 1480774731144 -7.833349 -0.6356607 5.961323
A 1480774731343 -7.5292854 -0.6572085 5.741056
A 1480774731543 -9.415916 -0.805649 6.7178903
A 1480774731741 -7.1653666 -0.4129999 6.035543
A 1480774731940 -8.285853 -0.5470752 6.3755193
A 1480774732141 -6.5237207 -0.47764334 5.317282
A 1480774732341 -8.235575 -1.1575967 6.5670557
A 1480774732541 -8.39838 -0.69312155 6.8543596
A 1480774732740 -7.96503 -0.48961434 6.0523024
A 1480774732941 -9.133401 -0.44412452 6.409038
A 1480774733141 -6.439924 -0.73621714 5.587827
A 1480774733341 -8.075163 -0.70748675 6.0403314
A 1480774733539 -9.2243805 -0.9516953 6.253415
A 1480774733739 -6.8014483 -0.113724686 5.456146
A 1480774733942 -8.431899 -0.4177883 6.581421
A 1480774734140 -8.156567 -0.15442613 5.5327606
A 1480774734340 -7.2467694 -0.2501942 5.8464007
A 1480774734540 -7.0288973 -0.47764334 7.2924986
A 1480774734742 -7.512526 -0.4106057 6.5909977
A 1480774734942 -7.3521147 -0.32920283 6.2677803
A 1480774735139 -7.2611346 -0.37708688 6.892667
A 1480774735342 -6.8972163 -0.283713 5.934986
A 1480774735543 -6.9738307 -0.2861072 6.002024
A 1480774735745 -7.5077376 -0.44651872 6.9142146
A 1480774735945 -6.3513384 -0.010774016 6.7059193
A 1480774736139 -7.4430943 -0.46806654 6.631699
A 1480774736343 -7.4119697 -0.5374984 5.707537
A 1480774736543 -7.1749434 -0.46327814 6.0810328
A 1480774736744 -7.866868 -0.70509255 6.9764643
A 1480774736944 -7.888416 -0.39624047 7.1464524
A 1480774737144 -6.4231644 0.42736492 6.497624
A 1480774737343 -7.7639174 -0.3028666 6.133705
A 1480774737543 -7.2683177 0.33877945 6.921397
A 1480774737744 -8.628224 -0.32202023 6.895061
A 1480774737945 -5.410417 -0.5279216 5.645288
A 1480774738143 -8.862856 -0.24061736 6.19356
A 1480774738342 -7.5532274 -0.6572085 5.59501
A 1480774738542 -9.05918 -0.43454772 7.251797
A 1480774738743 -6.775112 0.22625196 6.607757
A 1480774738945 -6.6625843 -0.38666368 5.944563
A 1480774739144 -9.090305 -0.47046074 7.5869856
A 1480774739343 -7.8357434 -0.20470434 5.99963
A 1480774739542 -7.536468 -0.49919114 7.079415
A 1480774739744 -9.123824 -0.6548143 7.771339
A 1480774739945 -7.3018365 -0.5279216 5.932592
A 1480774740145 -7.9554534 -0.3052608 5.4274154
A 1480774740343 -5.64026 -0.34835646 6.07385
A 1480774740542 -5.7503934 0.0059853946 4.658877
A 1480774740743 -5.8054605 -0.9780315 5.448963
A 1480774740944 -8.961018 -0.48003754 6.92858
A 1480774741144 -7.4694304 -0.46088392 6.167224
A 1480774741343 -6.514144 -0.6643911 5.6979604
A 1480774741541 -8.781453 -0.71227515 7.153635
A 1480774741744 -6.9834075 -0.19273335 6.799293
A 1480774741944 -6.1574078 -0.72903454 5.281369
A 1480774742145 -8.814972 -0.59974766 6.251021
A 1480774742344 -7.596323 -0.5374984 7.4146028
A 1480774742542 -7.8261666 0.104147665 6.9261856
A 1480774742739 -6.856515 -0.47524914 5.2622156
A 1480774742943 -7.6513896 -0.805649 6.7777452
A 1480774743144 -7.984184 -0.9971851 7.225461
A 1480774743345 -6.906793 -0.5111622 5.7817574
A 1480774743543 -6.597941 -0.5518636 5.7099314
A 1480774743743 -7.7711 -0.47764334 6.442557
A 1480774743943 -6.9858017 -0.58538246 5.9421687
A 1480774744145 -8.180509 -0.08499427 6.9429455
A 1480774744344 -5.980237 0.5183445 6.04512
A 1480774744543 -6.7248335 -0.37708688 5.499242
A 1480774744739 -7.3521147 -0.1376667 5.547126
A 1480774744945 -7.3976045 -0.35314485 6.0068126
A 1480774745144 -8.333737 -0.45370132 6.373125
A 1480774745351 -8.127835 -0.15442613 5.963717
A 1480774745552 -7.6011114 -0.50397956 5.7362676
A 1480774745754 -8.661743 -0.6787563 7.0123773
A 1480774745953 -8.146989 -0.32202023 6.361154
A 1480774746154 -6.0353036 -0.4010289 4.646906
A 1480774746354 -6.7104683 -0.8798693 6.9525223
A 1480774746555 -8.106288 -0.4010289 6.5311427
A 1480774746754 -7.2252216 -0.008379815 5.997236
A 1480774746954 -7.5197086 -0.53271 6.6987367
A 1480774747154 -8.733569 -0.27653039 7.5247364
A 1480774747354 -7.464642 -0.50158536 6.2007427
A 1480774747554 -7.3138075 -0.47285494 5.944563
A 1480774747752 -8.491755 -0.6524201 6.813658
A 1480774747949 -9.121429 0.09457086 5.609375
A 1480774748154 -7.4478827 -0.508768 5.33883
A 1480774748354 -8.470206 -0.74818814 6.241444
A 1480774748644 -8.740751 -0.20470434 6.5048065
A 1480774748844 -7.498161 -0.6907273 6.1504645
A 1480774749043 -7.4191523 -0.47524914 5.8056993
A 1480774749244 -6.573999 -0.32202023 6.013995
A 1480774749445 -7.3114133 -0.57580566 7.405026
A 1480774749646 -7.330567 -0.49679694 7.0387135
A 1480774749846 -6.9020047 -0.34356806 6.3874903
A 1480774750040 -7.8477144 -0.73142874 6.6843715
A 1480774750246 -7.6130824 -0.57580566 6.6843715
A 1480774750443 -7.522103 -0.50397956 6.385096
A 1480774750643 -6.8636975 -0.39863467 6.109763
A 1480774750846 -7.818984 -0.9229649 5.7721806
A 1480774751044 -8.870038 -0.9109939 5.2478504
A 1480774751245 -7.3521147 -0.5183448 5.398685
A 1480774751444 -6.964254 -0.84635043 5.499242
A 1480774751643 -7.905175 -1.042675 5.8320355
A 1480774751845 -8.178114 -0.9493011 6.289328
A 1480774752045 -7.562804 -1.0498576 5.9948416
A 1480774752244 -7.206068 -0.6883331 5.7937284
A 1480774752446 -8.891586 -1.1815387 6.3563657
A 1480774752644 -6.669767 -0.34117386 4.792952
A 1480774752843 -7.89081 -0.6548143 5.8464007
A 1480774753045 -7.9937606 -0.9564837 6.0403314
A 1480774753242 -8.079951 -0.6643911 6.52396
A 1480774753441 -7.996155 -0.6428433 6.085821
A 1480774753642 -7.596323 -0.6739679 6.009207
A 1480774753844 -7.9937606 -0.70988095 5.8440065
A 1480774754046 -7.2467694 -0.8008606 5.7242966
A 1480774754244 -8.637801 -0.9612721 5.896679
A 1480774754438 -7.737581 -0.6619969 5.956534
A 1480774754639 -7.893204 -0.9445127 5.523184
A 1480774754841 -7.598717 -0.62129545 6.1983485
A 1480774755044 -7.0049553 -0.2932898 5.4178386
A 1480774755244 -6.858909 -0.5303158 5.1640534
A 1480774755442 -9.300995 -1.1240778 8.137651
A 1480774755643 -6.0209384 -1.1647793 5.9038615
A 1480774755844 -3.6363134 -0.5135564 3.6916194
A 1480774756045 -8.695262 -1.1049242 5.9301977
A 1480774756240 -7.2635293 -0.39384627 6.825629
A 1480774756457 -6.597941 -0.9085997 4.802529
A 1480774756657 -8.850884 -0.45848972 6.2486267
A 1480774756857 -8.419929 -0.83916783 6.4952297
A 1480774757058 -7.682514 -0.6308723 5.302917
A 1480774757262 -7.3712683 -0.041898638 5.7961226
A 1480774757462 -8.041644 -0.5135564 6.2246847
A 1480774757664 -7.309019 -0.556652 5.975688
A 1480774757862 -8.874826 -0.57580566 5.216726
A 1480774758062 -8.202056 -0.32680863 5.5064244
A 1480774758263 -6.755958 -0.72424614 5.767392
A 1480774758462 -8.513303 -0.8104374 5.6644416
A 1480774758663 -8.079951 -0.9732431 5.978082
A 1480774758857 -7.182126 -0.9038113 6.2103195
A 1480774759060 -8.503726 -1.1791445 5.9685054
A 1480774759263 -7.3952103 -1.2557589 4.910268
A 1480774759463 -7.1007233 -0.58777666 6.349183
A 1480774759659 -7.8141956 -1.2820952 5.9254093
A 1480774759861 -9.138189 -0.9900025 5.8894963
A 1480774760062 -7.428729 -0.73621714 5.317282