A 1480688581084 2.4880545 -1.7753007 -8.681615
A 1480688581282 2.8376079 -1.7417818 -9.016804
A 1480688581483 2.5598805 -2.1272483 -8.940188
A 1480688581684 3.0578744 -1.660379 -9.031169
A 1480688581883 3.2589874 -1.67235 -8.849209
A 1480688582084 2.933376 -1.8399441 -8.86118
A 1480688582308 3.0794222 -1.921347 -8.956948
A 1480688582514 3.0315382 -1.7034746 -8.961737
A 1480688582714 3.2374396 -1.8088195 -8.966525
A 1480688582915 2.9046454 -1.8734629 -9.002439
A 1480688583115 2.8974628 -1.8016369 -9.012015
A 1480688583313 3.0363266 -1.8231847 -8.99765
A 1480688583515 3.6276944 -1.4688429 -9.050323
A 1480688583714 1.8751388 -1.150414 -8.763018
A 1480688583915 3.3164482 -1.8710687 -9.239464
A 1480688584115 2.8830976 -1.7872717 -9.119754
A 1480688584313 3.0961816 -1.732205 -8.887516
A 1480688584516 3.1560366 -1.8112137 -8.9473715
A 1480688584714 3.0004137 -1.8638861 -8.930612
A 1480688584914 3.182373 -1.7681181 -8.918641
A 1480688585114 3.0746338 -1.9045876 -8.810902
A 1480688585313 3.1081526 -1.8495209 -8.930612
A 1480688585510 2.969289 -1.7633296 -9.000044
A 1480688585713 3.170402 -2.1918917 -8.909064
A 1480688585912 2.9022512 -1.708263 -9.012015
A 1480688586114 3.1799788 -1.981202 -8.877939
A 1480688586313 3.0818164 -1.945289 -8.990467
A 1480688586514 3.0578744 -1.8303673 -8.995255
A 1480688586713 2.9908369 -1.8160021 -9.050323
A 1480688586915 3.0028079 -1.9237412 -8.925823
A 1480688587114 3.0123847 -1.9476832 -8.928218
A 1480688587312 2.875915 -1.8136079 -8.961737
A 1480688587514 2.708321 -1.6938978 -9.057505
A 1480688587714 2.969289 -1.7633296 -8.99765
A 1480688587914 2.9357703 -1.9596542 -8.971313
A 1480688588114 3.1177294 -1.6627733 -8.99765
A 1480688588311 2.98126 -1.8902224 -8.901881
A 1480688588516 3.0243556 -1.8375499 -8.933006
A 1480688588711 3.0937874 -1.8040311 -8.976102
A 1480688588914 3.0004137 -1.8207905 -8.995255
A 1480688589115 2.945347 -1.7633296 -9.000044
A 1480688589313 2.9381645 -1.7178398 -9.004832
A 1480688589514 3.0004137 -1.8686745 -8.983284
A 1480688589713 2.9094338 -1.8447325 -8.95216
A 1480688589916 2.9381645 -1.7992427 -8.971313
A 1480688590113 2.9525297 -1.8160021 -9.000044
A 1480688590313 2.8352137 -1.6795326 -9.035957
A 1480688590513 2.9860485 -1.8471267 -9.083841
A 1480688590723 3.0075963 -1.8686745 -9.038351
A 1480688590924 3.1273062 -1.8854339 -8.966525
A 1480688591124 3.3212366 -1.9021934 -8.698375
A 1480688591323 3.2565932 -1.4425067 -8.842027
A 1480688591525 3.0219615 -1.6555907 -8.99765
A 1480688591723 3.3284192 -1.7345992 -8.880334
A 1480688591921 3.0028079 -1.6316485 -8.873151
A 1480688592125 3.2350454 -1.7369934 -8.877939
A 1480688592324 2.8543673 -1.8590977 -8.650491
A 1480688592525 3.3403902 -1.7250224 -8.84442
A 1480688592723 2.9668949 -1.6819268 -8.9473715
A 1480688592923 3.337996 -1.8734629 -8.949765
A 1480688593125 2.9046454 -1.696292 -8.95216
A 1480688593321 3.2111034 -1.7393876 -9.002439
A 1480688593525 3.0267498 -1.6771384 -8.96413
A 1480688593723 3.077028 -1.7944543 -8.928218
A 1480688593923 3.1751904 -1.732205 -8.940188
A 1480688594125 3.182373 -1.7465702 -8.897093
A 1480688594323 3.1273062 -1.7274166 -9.023986
A 1480688594523 3.1799788 -1.7417818 -8.992861
A 1480688594722 3.1680079 -1.6891094 -8.877939
A 1480688594923 3.0937874 -1.7154456 -9.07187
A 1480688595120 3.1273062 -1.7178398 -8.968919
A 1480688595323 3.1105468 -1.7513586 -8.995255
A 1480688595522 3.136883 -1.756147 -8.9473715
A 1480688595723 3.0937874 -1.696292 -8.976102
A 1480688595925 3.124912 -1.6819268 -8.983284
A 1480688596123 3.1201236 -1.696292 -8.877939
A 1480688596323 3.10097 -1.7274166 -8.976102
A 1480688596524 3.112941 -1.6699558 -8.928218
A 1480688596722 3.0746338 -1.7465702 -8.933006
A 1480688596922 3.1320946 -1.8423383 -9.009621
A 1480688597125 3.0698454 -1.7034746 -8.995255
A 1480688597323 3.1680079 -1.6531965 -8.933006
A 1480688597524 3.1392772 -1.7250224 -8.95216
A 1480688597723 3.0842106 -1.7130514 -8.966525
A 1480688597924 3.1392772 -1.720234 -9.050323
A 1480688598125 3.0363266 -1.6938978 -8.940188
A 1480688598321 3.0961816 -1.720234 -8.985679
A 1480688598525 3.0746338 -1.6915036 -8.995255
A 1480688598723 3.1320946 -1.7226282 -8.966525
A 1480688598923 3.088999 -1.6795326 -8.971313
A 1480688599125 3.0961816 -1.7130514 -8.961737
A 1480688599323 3.10097 -1.7106572 -8.9473715
A 1480688599526 3.0746338 -1.7465702 -9.004832
A 1480688599723 3.1440656 -1.6771384 -8.978496
A 1480688599923 3.1201236 -1.7250224 -9.012015
A 1480688600125 3.1105468 -1.7729065 -8.949765
A 1480688600323 3.124912 -1.7010804 -8.985679
A 1480688600523 3.112941 -1.7633296 -9.012015
A 1480688600723 3.0961816 -1.7345992 -8.971313
A 1480688600925 3.0913932 -1.720234 -8.885122
A 1480688601125 3.0099905 -1.6986862 -8.9473715
A 1480688601323 3.1153352 -1.6699558 -9.000044
A 1480688601519 3.0482976 -1.7585412 -9.004832
A 1480688601727 3.1153352 -1.7489644 -8.911458
A 1480688601935 3.0698454 -1.6771384 -8.942583
A 1480688602133 3.1105468 -1.696292 -8.90667
A 1480688602332 3.053086 -1.6460139 -9.064688
A 1480688602534 3.1153352 -1.6747442 -8.9234295
A 1480688602732 3.1560366 -1.67235 -8.95216
A 1480688602934 3.1560366 -1.696292 -9.014409
A 1480688603133 3.0842106 -1.6555907 -8.985679
A 1480688603333 3.0818164 -1.684321 -8.973707
A 1480688603533 3.182373 -1.6795326 -9.014409
A 1480688603733 3.2087092 -1.6675617 -8.973707
A 1480688603933 3.0698454 -1.696292 -9.021592
A 1480688604133 3.10097 -1.6867152 -8.949765
A 1480688604333 3.077028 -1.6747442 -8.9354
A 1480688604532 3.0961816 -1.6915036 -9.07187
A 1480688604729 3.1273062 -1.7010804 -9.038351
A 1480688604933 3.1464598 -1.7106572 -8.973707
A 1480688605133 3.1416714 -1.6938978 -8.925823
A 1480688605334 3.088999 -1.708263 -8.9473715
A 1480688605535 3.10097 -1.6795326 -8.933006
A 1480688605735 3.088999 -1.7369934 -9.002439
A 1480688605935 3.0842106 -1.6292543 -9.059899
A 1480688606133 3.136883 -1.6460139 -8.937795
A 1480688606333 3.124912 -1.6747442 -8.959342
A 1480688606535 3.0985758 -1.7058688 -9.002439
A 1480688606734 3.0985758 -1.6891094 -8.96413
A 1480688606933 3.0842106 -1.648408 -9.000044
A 1480688607133 3.1440656 -1.6747442 -8.966525
A 1480688607331 3.0674512 -1.6460139 -8.9354
A 1480688607533 3.053086 -1.6508023 -9.007227
A 1480688607731 3.158431 -1.684321 -8.930612
A 1480688607932 3.10097 -1.600524 -8.956948
A 1480688608132 3.077028 -1.648408 -8.992861
A 1480688608334 3.1464598 -1.720234 -9.004832
A 1480688608534 3.1033642 -1.6340427 -8.921035
A 1480688608731 3.077028 -1.6627733 -8.940188
A 1480688608934 3.0818164 -1.660379 -9.016804
A 1480688609131 3.1057584 -1.6148891 -8.966525
A 1480688609332 3.1225178 -1.6699558 -8.98089
A 1480688609532 3.1153352 -1.6292543 -9.000044
A 1480688609734 3.1273062 -1.696292 -8.925823
A 1480688609933 3.0674512 -1.6867152 -8.971313
A 1480688610132 3.088999 -1.6579849 -9.002439
A 1480688610333 3.0722396 -1.67235 -8.971313
A 1480688610534 3.1081526 -1.6771384 -9.019197
A 1480688610735 3.1344888 -1.612495 -8.976102
A 1480688610935 3.1392772 -1.6555907 -9.012015
A 1480688611129 3.0913932 -1.6771384 -8.944977
A 1480688611333 3.0387208 -1.6412253 -8.892304
A 1480688611535 3.1320946 -1.6340427 -8.968919
A 1480688611735 3.0937874 -1.6891094 -8.976102
A 1480688611933 3.0602686 -1.6412253 -9.028774
A 1480688612133 3.0435092 -1.6340427 -8.966525
A 1480688612330 3.1033642 -1.6460139 -8.961737
A 1480688612528 3.1656137 -1.6412253 -8.978496
A 1480688612732 3.1297004 -1.6053123 -8.995255
A 1480688612931 3.0937874 -1.6412253 -9.000044
A 1480688613131 3.1153352 -1.7633296 -8.961737
A 1480688613334 3.10097 -1.6412253 -9.009621
A 1480688613531 3.1680079 -1.6555907 -9.023986
A 1480688613732 3.0937874 -1.6747442 -8.95216
A 1480688613931 3.077028 -1.6699558 -8.985679
A 1480688614131 3.1273062 -1.6891094 -8.9234295
A 1480688614329 3.041115 -1.7058688 -8.983284
A 1480688614532 3.158431 -1.696292 -8.990467
A 1480688614832 3.029144 -1.7705123 -8.9473715
A 1480688615032 3.1440656 -1.564611 -8.961737
A 1480688615230 3.0985758 -1.7250224 -8.839632
A 1480688615429 3.0746338 -1.5741878 -9.016804
A 1480688615632 2.8711267 -1.8207905 -9.08863
A 1480688615833 3.0363266 -1.5693994 -8.933006
A 1480688616029 3.0674512 -1.5239096 -8.95216
A 1480688616232 3.2709584 -1.3563154 -8.921035
A 1480688616432 3.1991324 -1.4520835 -9.002439
A 1480688616630 3.3451786 -1.3371618 -9.014409
A 1480688616833 3.3044772 -1.2366053 -8.983284
A 1480688617033 3.0866048 -1.0618286 -8.940188
A 1480688617233 3.0722396 -1.1671735 -9.043139
A 1480688617431 3.3116598 -1.3682864 -9.033563
A 1480688617631 3.1177294 -1.1911155 -9.021592
A 1480688617832 3.2111034 -1.4664487 -9.014409
A 1480688618030 3.218286 -1.3299792 -8.992861
A 1480688618233 3.3092656 -1.315614 -8.985679
A 1480688618435 3.2757468 -1.363498 -8.889911
A 1480688618635 3.290112 -1.3467386 -8.954554
A 1480688618836 3.1775846 -1.4856023 -9.08863
A 1480688619035 3.4601004 -1.327585 -8.842027
A 1480688619235 3.5223496 -1.3898342 -9.074265
A 1480688619434 2.9764717 -1.3539212 -9.016804
A 1480688619631 2.9645007 -1.4544777 -8.928218
A 1480688619831 3.0075963 -1.4808139 -9.002439
A 1480688620033 3.1440656 -2.0626047 -8.942583
A 1480688620231 2.7825413 -1.6292543 -8.944977
A 1480688620432 3.3308134 -1.8327615 -8.921035
A 1480688620633 3.337996 -1.7250224 -8.877939
A 1480688620833 3.2446222 -1.7513586 -8.846815
A 1480688621032 3.158431 -1.7681181 -8.978496
A 1480688621233 3.1536424 -1.7609354 -9.023986
A 1480688621436 3.302083 -1.7609354 -8.837238
A 1480688621635 3.2446222 -1.6412253 -8.968919
A 1480688621835 3.2111034 -1.720234 -8.916246
A 1480688622034 3.0482976 -1.6531965 -8.909064
A 1480688622235 3.1033642 -1.6555907 -8.956948
A 1480688622434 3.1225178 -1.6220717 -8.95216
A 1480688622634 3.218286 -1.6579849 -8.96413
A 1480688622829 3.0866048 -1.6651675 -8.940188
A 1480688623035 3.0435092 -1.6077065 -8.983284
A 1480688623236 3.10097 -1.6651675 -8.9234295
A 1480688623434 2.9980195 -1.7633296 -9.002439
A 1480688623632 3.1297004 -1.6579849 -8.968919
A 1480688623833 3.1991324 -1.7034746 -8.904276
A 1480688624033 3.2733526 -1.8471267 -8.95216
A 1480688624233 3.1560366 -1.6316485 -9.069476
A 1480688624432 3.0746338 -1.6819268 -8.9473715
A 1480688624632 3.1799788 -1.7154456 -8.95216
A 1480688624833 3.1033642 -1.6747442 -8.971313
A 1480688625033 3.0961816 -1.6747442 -8.968919
A 1480688625232 3.0961816 -1.6867152 -8.988072
A 1480688625430 3.0626628 -1.648408 -8.949765
A 1480688625635 3.1536424 -1.7034746 -8.921035
A 1480688625835 3.1225178 -1.7226282 -8.930612
A 1480688626029 3.1081526 -1.7226282 -8.949765
A 1480688626235 3.1536424 -1.744176 -8.885122
A 1480688626436 3.0698454 -1.7513586 -8.930612
A 1480688626635 3.1225178 -1.7729065 -8.959342
A 1480688626830 3.0961816 -1.7130514 -8.940188
A 1480688627035 3.1273062 -1.6891094 -8.944977
A 1480688627234 3.230257 -1.7489644 -8.966525
A 1480688627434 2.9764717 -1.7681181 -9.026381
A 1480688627635 3.2470164 -1.5957355 -9.014409
A 1480688627834 3.017173 -1.6196775 -8.956948
A 1480688628035 3.1775846 -1.7417818 -8.909064
A 1480688628236 3.0099905 -1.6627733 -9.045534
A 1480688628433 2.957318 -1.8902224 -8.834844
A 1480688628634 2.5957935 -1.7609354 -9.023986
A 1480688628834 2.7705703 -2.1775265 -8.679221
A 1480688629035 2.591005 -1.765724 -8.990467
A 1480688629229 2.7226863 -1.945289 -9.526769
A 1480688629436 3.3547554 -1.3994111 -8.909064
A 1480688629635 3.0195673 -1.8734629 -9.0982065
A 1480688629834 3.2111034 -1.8351557 -8.956948
A 1480688630036 3.2733526 -1.55264 -8.8516035
A 1480688630235 3.017173 -1.9500774 -9.213128
A 1480688630435 3.1536424 -1.8136079 -8.995255
A 1480688630632 3.1632195 -1.8136079 -8.98089
A 1480688630832 3.1775846 -1.6101007 -8.978496
A 1480688631032 3.2206802 -1.7226282 -8.9473715
A 1480688631232 3.1727962 -1.624466 -8.925823
A 1480688631432 3.2829294 -1.7345992 -8.8755455
A 1480688631633 3.2685642 -1.7369934 -8.8755455
A 1480688631830 3.2829294 -1.7178398 -8.949765
A 1480688632031 3.3236308 -1.6077065 -9.064688
A 1480688632233 3.3403902 -1.7106572 -8.813296
A 1480688632429 3.3116598 -1.7058688 -8.830055
A 1480688632633 3.4026396 -1.7489644 -8.853997
A 1480688632832 3.3164482 -1.7226282 -8.882728
A 1480688633033 3.3188424 -1.684321 -8.8755455
A 1480688633233 3.2518048 -1.6986862 -8.806113
A 1480688633433 3.2613816 -1.6771384 -8.973707
A 1480688633632 3.2589874 -1.660379 -8.887516
A 1480688633832 3.1799788 -1.648408 -8.949765
A 1480688634032 3.194344 -1.6699558 -8.966525
A 1480688634232 3.3164482 -1.6508023 -8.956948
A 1480688634433 3.1751904 -1.7465702 -8.956948
A 1480688634633 3.2350454 -1.6340427 -8.928218
A 1480688634832 3.158431 -1.6508023 -9.014409
A 1480688635035 3.1560366 -1.624466 -8.988072
A 1480688635235 3.1847672 -1.6292543 -8.925823
A 1480688635432 3.1751904 -1.7298108 -8.973707
A 1480688635631 3.2518048 -1.7226282 -8.892304
A 1480688635832 3.1967382 -1.7178398 -8.933006
A 1480688636035 3.1560366 -1.7034746 -8.921035
A 1480688636235 3.3044772 -1.6364369 -8.901881
A 1480688636435 3.2230744 -1.67235 -8.968919
A 1480688636629 3.2278628 -1.7465702 -8.84442
A 1480688636834 3.1512482 -1.6531965 -8.954554
A 1480688637035 3.2637758 -1.7010804 -9.067081
A 1480688637233 4.005978 -1.4832081 -9.038351
A 1480688637436 2.552698 -1.708263 -8.820478
A 1480688637635 2.9836543 -1.6220717 -8.796536
A 1480688637834 3.991613 -1.9428948 -8.973707
A 1480688638035 3.182373 -1.5813704 -8.9354
A 1480688638235 3.1464598 -1.7896659 -8.937795
A 1480688638434 3.1536424 -1.5909472 -8.971313
A 1480688638632 3.2015266 -1.720234 -8.901881
A 1480688638829 3.2565932 -1.67235 -8.992861
A 1480688639029 3.1105468 -1.67235 -8.949765
A 1480688639233 3.278141 -1.8614919 -8.973707
A 1480688639432 3.065057 -1.6220717 -8.961737
A 1480688639631 3.1895556 -1.624466 -9.019197
A 1480688639828 3.2685642 -1.5813704 -9.019197
A 1480688640031 3.0028079 -1.5981297 -9.031169
A 1480688640232 3.0004137 -1.6101007 -9.002439
A 1480688640432 3.3212366 -1.6531965 -8.889911
A 1480688640633 3.2374396 -1.756147 -8.928218
A 1480688640832 3.2446222 -1.777695 -8.901881
A 1480688641033 3.2996888 -1.6986862 -8.940188
A 1480688641231 3.148854 -1.7010804 -8.937795
A 1480688641432 3.1105468 -1.7417818 -9.050323
A 1480688641633 3.088999 -1.5717936 -8.921035
A 1480688641831 3.170402 -1.6915036 -8.98089
A 1480688642033 3.053086 -1.660379 -8.971313
A 1480688642232 3.1297004 -1.7058688 -8.976102
A 1480688642429 3.1057584 -1.7034746 -8.978496
A 1480688642631 3.0123847 -1.6747442 -8.978496
A 1480688642832 3.0722396 -1.6579849 -8.942583
A 1480688643029 3.170402 -1.684321 -8.98089
A 1480688643232 3.0339324 -1.6508023 -8.959342
A 1480688643431 3.1153352 -1.6675617 -8.949765
A 1480688643631 3.0674512 -1.6508023 -9.047928
A 1480688643832 3.0578744 -1.67235 -9.014409
A 1480688644034 3.1105468 -1.6579849 -8.966525
A 1480688644232 3.1105468 -1.6412253 -9.014409
A 1480688644432 3.0674512 -1.6531965 -8.985679
A 1480688644632 3.0985758 -1.6819268 -8.978496
A 1480688644832 3.0554802 -1.6651675 -8.9354
A 1480688645033 3.0818164 -1.6508023 -8.933006
A 1480688645233 3.0746338 -1.6627733 -8.96413
A 1480688645431 3.0459034 -1.6388311 -8.966525
A 1480688645633 3.1081526 -1.6555907 -8.983284
A 1480688645833 3.0554802 -1.6795326 -9.014409
A 1480688646029 3.10097 -1.6675617 -9.045534
A 1480688646229 3.1273062 -1.720234 -8.942583
A 1480688646436 3.0578744 -1.6316485 -8.942583
A 1480688646635 3.0315382 -1.6292543 -8.928218
A 1480688646836 3.0315382 -1.6867152 -8.95216
A 1480688647035 3.1105468 -1.6795326 -8.985679
A 1480688647234 3.088999 -1.6819268 -9.028774
A 1480688647432 3.0578744 -1.660379 -9.004832
A 1480688647633 3.0818164 -1.684321 -8.99765
A 1480688647841 3.1153352 -1.6699558 -8.99765
A 1480688648041 3.0363266 -1.6651675 -8.942583
A 1480688648242 3.1081526 -1.6555907 -9.002439
A 1480688648442 3.0315382 -1.6867152 -8.973707
A 1480688648639 3.148854 -1.6364369 -9.026381
A 1480688648843 3.041115 -1.6388311 -8.942583
A 1480688649045 3.0578744 -1.6627733 -8.971313
A 1480688649243 3.0746338 -1.660379 -8.956948
A 1480688649442 3.0818164 -1.6220717 -8.96413
A 1480688649644 3.077028 -1.6627733 -8.956948
A 1480688649845 3.0674512 -1.6436197 -9.000044
A 1480688650042 3.0626628 -1.6747442 -8.992861
A 1480688650239 3.0674512 -1.684321 -8.985679
A 1480688650439 3.0626628 -1.6555907 -8.98089
A 1480688650641 3.0674512 -1.6699558 -8.98089
A 1480688650842 3.1033642 -1.6508023 -9.057505
A 1480688651042 3.0195673 -1.6196775 -8.990467
A 1480688651242 3.0435092 -1.6795326 -8.937795
A 1480688651442 3.0219615 -1.624466 -8.990467
A 1480688651643 3.0674512 -1.6555907 -8.911458
A 1480688651842 3.0961816 -1.6675617 -8.971313
A 1480688652042 3.0722396 -1.6771384 -8.988072
A 1480688652242 3.0913932 -1.6555907 -8.961737
A 1480688652443 3.0387208 -1.7106572 -8.921035
A 1480688652642 3.0626628 -1.6388311 -8.988072
A 1480688652842 3.0602686 -1.6196775 -9.023986
A 1480688653042 3.0506918 -1.6436197 -8.973707
A 1480688653242 3.0602686 -1.648408 -8.966525
A 1480688653443 3.0435092 -1.6340427 -9.009621
A 1480688653639 3.0722396 -1.6508023 -9.055111
A 1480688653841 3.0147789 -1.5957355 -9.004832
A 1480688654040 3.0315382 -1.696292 -9.026381
A 1480688654239 3.0626628 -1.6747442 -8.988072
A 1480688654443 3.041115 -1.6196775 -8.983284
A 1480688654645 3.053086 -1.6412253 -9.021592
A 1480688654842 3.1057584 -1.6364369 -8.988072
A 1480688655044 3.0746338 -1.6555907 -9.000044
A 1480688655241 3.0339324 -1.6579849 -9.002439
A 1480688655444 3.1033642 -1.7274166 -8.937795
A 1480688655645 3.1225178 -1.6699558 -8.966525
A 1480688655845 3.0818164 -1.624466 -8.985679
A 1480688656045 3.0674512 -1.67235 -8.973707
A 1480688656243 3.065057 -1.660379 -9.038351
A 1480688656445 3.0554802 -1.6771384 -8.983284
A 1480688656646 3.0602686 -1.7010804 -9.021592
A 1480688656839 3.0435092 -1.6675617 -8.983284
A 1480688657045 3.0315382 -1.612495 -8.990467
A 1480688657243 3.077028 -1.6819268 -8.995255
A 1480688657445 3.0195673 -1.6196775 -9.019197
A 1480688657645 3.0602686 -1.6460139 -9.016804
A 1480688657844 3.029144 -1.6292543 -8.954554
A 1480688658041 3.0626628 -1.648408 -9.038351
A 1480688658243 3.0674512 -1.6412253 -8.944977
A 1480688658445 3.0626628 -1.6388311 -8.985679
A 1480688658644 3.0339324 -1.6077065 -8.942583
A 1480688658844 3.0459034 -1.6627733 -8.99765
A 1480688659046 3.053086 -1.6340427 -9.023986
A 1480688659243 3.0387208 -1.6412253 -8.988072
A 1480688659444 3.0459034 -1.6531965 -9.019197
A 1480688659641 3.0267498 -1.6915036 -9.035957
A 1480688659841 3.1225178 -1.6436197 -8.968919
A 1480688660039 3.0602686 -1.6412253 -8.954554
A 1480688660242 3.0626628 -1.6699558 -9.031169
A 1480688660443 3.0554802 -1.624466 -9.035957
A 1480688660639 3.0674512 -1.6627733 -9.023986
A 1480688660842 3.077028 -1.6148891 -8.976102
A 1480688661042 3.077028 -1.6148891 -8.988072
A 1480688661241 3.0554802 -1.6508023 -9.043139
A 1480688661438 3.0818164 -1.6627733 -9.009621
A 1480688661639 3.0459034 -1.6340427 -8.976102
A 1480688661839 3.0339324 -1.7106572 -9.023986
A 1480688662038 3.0435092 -1.6340427 -9.007227
A 1480688662238 3.0866048 -1.7058688 -8.971313
A 1480688662438 3.0842106 -1.6531965 -8.985679
A 1480688662638 3.0818164 -1.6531965 -8.985679
A 1480688662838 3.0219615 -1.684321 -8.976102
A 1480688663041 3.0626628 -1.6412253 -8.99765
A 1480688663241 3.0961816 -1.6938978 -8.942583
A 1480688663439 3.10097 -1.6172833 -8.988072
A 1480688663640 3.0315382 -1.6364369 -8.944977
A 1480688663842 3.0315382 -1.6316485 -9.031169
A 1480688664042 3.1225178 -1.612495 -8.985679
A 1480688664239 3.029144 -1.5981297 -9.064688
A 1480688664438 2.9525297 -1.7010804 -9.045534
A 1480688664638 3.1560366 -1.5622168 -8.894699
A 1480688664838 2.9884427 -1.5717936 -8.995255
A 1480688665038 2.9956253 -1.6292543 -9.045534
A 1480688665241 3.1560366 -1.5598226 -8.956948
A 1480688665443 3.0028079 -1.6148891 -8.983284
A 1480688665643 3.0147789 -1.624466 -8.966525
A 1480688665844 3.0722396 -1.6771384 -9.014409
A 1480688666042 3.0866048 -1.6316485 -8.909064
A 1480688666241 3.0746338 -1.6340427 -8.897093
A 1480688666440 3.0722396 -1.7106572 -8.956948
A 1480688666642 3.0004137 -1.6795326 -8.995255
A 1480688666840 3.088999 -1.6915036 -8.973707
A 1480688667042 3.0626628 -1.6412253 -8.96413
A 1480688667242 3.0746338 -1.6316485 -8.889911
A 1480688667440 3.088999 -1.6364369 -9.023986
A 1480688667641 3.077028 -1.6436197 -9.028774
A 1480688667842 3.077028 -1.6867152 -9.016804
A 1480688668043 3.10097 -1.648408 -8.976102
A 1480688668242 3.0698454 -1.6627733 -8.930612
A 1480688668439 3.1105468 -1.6388311 -8.944977
A 1480688668643 3.053086 -1.6531965 -8.959342
A 1480688668842 3.0722396 -1.6388311 -8.992861
A 1480688669042 3.1632195 -1.7154456 -8.978496
A 1480688669242 3.0243556 -1.6699558 -9.007227
A 1480688669441 3.1320946 -1.6316485 -9.026381
A 1480688669641 3.065057 -1.6675617 -8.9473715
A 1480688669844 3.0842106 -1.67235 -8.918641
A 1480688670041 3.088999 -1.6555907 -9.059899
A 1480688670247 3.053086 -1.6460139 -8.918641
A 1480688670449 3.0626628 -1.6771384 -8.937795
A 1480688670653 3.065057 -1.67235 -8.976102
A 1480688670852 3.053086 -1.6891094 -8.961737
A 1480688671055 3.0722396 -1.6651675 -9.062293
A 1480688671249 3.1057584 -1.6986862 -8.990467
A 1480688671454 3.1081526 -1.6867152 -8.937795
A 1480688671653 3.041115 -1.6508023 -9.035957
A 1480688671854 3.0435092 -1.6436197 -9.007227
A 1480688672056 3.0866048 -1.6436197 -9.014409
A 1480688672255 3.1105468 -1.6579849 -9.026381
A 1480688672449 3.041115 -1.612495 -9.002439
A 1480688672651 3.0746338 -1.6412253 -9.007227
A 1480688672851 3.10097 -1.660379 -9.012015
A 1480688673052 3.10097 -1.660379 -8.98089
A 1480688673253 3.1464598 -1.7369934 -8.973707
A 1480688673452 3.0626628 -1.6938978 -9.045534
A 1480688673652 3.0866048 -1.660379 -8.988072
A 1480688673852 3.0866048 -1.6364369 -9.047928
A 1480688674052 3.0746338 -1.6412253 -9.055111
A 1480688674250 3.017173 -1.6148891 -8.9473715
A 1480688674454 3.053086 -1.6388311 -9.033563
A 1480688674654 3.0674512 -1.6508023 -9.055111
A 1480688674853 3.0961816 -1.6508023 -8.976102
A 1480688675053 3.0554802 -1.6316485 -8.983284
A 1480688675253 3.0961816 -1.6531965 -8.942583
A 1480688675454 3.0818164 -1.660379 -8.990467
A 1480688675654 3.0123847 -1.6101007 -9.000044
A 1480688675850 3.0602686 -1.6148891 -8.973707
A 1480688676055 3.0961816 -1.6196775 -8.98089
A 1480688676252 3.0626628 -1.6699558 -9.019197
A 1480688676454 3.053086 -1.6651675 -9.007227
A 1480688676655 3.0459034 -1.6508023 -9.004832
A 1480688676856 3.0913932 -1.5717936 -8.971313
A 1480688677056 3.0722396 -1.6555907 -8.973707
A 1480688677248 3.0602686 -1.6460139 -8.956948
A 1480688677451 3.0722396 -1.6077065 -9.040746
A 1480688677653 3.0195673 -1.6053123 -9.031169
A 1480688677853 3.0195673 -1.6268601 -9.004832
A 1480688678049 3.017173 -1.5813704 -9.081447
A 1480688678251 3.0315382 -1.6220717 -9.055111
A 1480688678452 3.0195673 -1.6196775 -9.091023
A 1480688678653 3.0219615 -1.612495 -8.976102
A 1480688678852 3.0099905 -1.576582 -9.047928
A 1480688679049 3.041115 -1.5693994 -9.043139
A 1480688679252 2.9645007 -1.6292543 -8.976102
A 1480688679452 3.0459034 -1.5981297 -8.96413
A 1480688679652 3.0626628 -1.6053123 -9.086235
A 1480688679852 3.0315382 -1.6029181 -9.000044
A 1480688680052 3.0243556 -1.5789762 -9.091023
A 1480688680252 3.0866048 -1.576582 -9.014409
A 1480688680452 3.0578744 -1.6077065 -9.043139
A 1480688680652 3.041115 -1.540669 -9.026381
A 1480688680852 2.9836543 -1.5789762 -8.961737
A 1480688681052 2.9357703 -1.6699558 -9.016804
A 1480688681252 3.0626628 -1.6220717 -9.038351
A 1480688681452 3.0435092 -1.5789762 -8.985679
A 1480688681654 3.0459034 -1.6508023 -8.99765
A 1480688681852 3.0123847 -1.5981297 -8.990467
A 1480688682053 3.0626628 -1.7130514 -9.081447
A 1480688682249 3.0459034 -1.6555907 -9.019197
A 1480688682451 3.0435092 -1.648408 -8.992861
A 1480688682655 3.053086 -1.660379 -9.002439
A 1480688682854 3.0195673 -1.648408 -8.988072
A 1480688683054 3.0674512 -1.6675617 -8.968919
A 1480688683251 3.0075963 -1.6268601 -9.031169
A 1480688683452 3.0602686 -1.684321 -8.873151
A 1480688683654 3.0099905 -1.6771384 -9.059899
A 1480688683854 3.0842106 -1.660379 -9.047928
A 1480688684055 3.0267498 -1.5957355 -8.995255
A 1480688684254 3.0913932 -1.6101007 -8.96413
A 1480688684453 2.9788659 -1.6077065 -8.954554
A 1480688684655 3.0866048 -1.6029181 -8.971313
A 1480688684853 3.0554802 -1.696292 -9.023986
A 1480688685052 3.029144 -1.6364369 -9.069476
A 1480688685254 3.0387208 -1.624466 -9.081447
A 1480688685453 3.077028 -1.6148891 -8.949765
A 1480688685655 3.077028 -1.6292543 -8.990467
A 1480688685852 3.0459034 -1.6795326 -9.026381
A 1480688686052 3.0099905 -1.6340427 -9.057505
A 1480688686249 3.0602686 -1.6268601 -8.973707
A 1480688686450 3.053086 -1.6460139 -8.930612
A 1480688686652 3.0075963 -1.6651675 -9.052716
A 1480688686852 3.0722396 -1.6699558 -8.988072
A 1480688687051 3.0435092 -1.6364369 -9.014409
A 1480688687252 2.9884427 -1.7010804 -8.995255
A 1480688687452 3.2733526 -1.4784197 -9.002439
A 1480688687653 2.9166167 -1.7393876 -9.012015
A 1480688687852 2.9884427 -1.6077065 -8.954554
A 1480688688051 3.1320946 -1.5598226 -8.98089
A 1480688688252 2.9405587 -1.576582 -9.031169
A 1480688688451 3.2158918 -1.5861588 -8.892304
A 1480688688652 3.0075963 -1.6316485 -9.009621
A 1480688688852 3.0028079 -1.6077065 -8.968919
A 1480688689052 3.017173 -1.6101007 -8.971313
A 1480688689252 3.2470164 -1.744176 -8.976102
A 1480688689452 2.8687325 -1.5598226 -8.96413
A 1480688689650 3.1464598 -1.6148891 -8.959342
A 1480688689855 2.9022512 -1.5215154 -8.98089
A 1480688690051 3.077028 -1.6460139 -9.009621
A 1480688690252 3.065057 -1.564611 -8.942583
A 1480688690452 2.732263 -1.6053123 -9.081447
A 1480688690651 3.1081526 -1.540669 -9.045534
A 1480688690848 2.9884427 -1.4975733 -8.98089
A 1480688691050 2.9477413 -1.612495 -8.992861
A 1480688691254 2.9740775 -1.6436197 -8.992861
A 1480688691454 3.0099905 -1.5741878 -9.012015
A 1480688691653 3.053086 -1.5789762 -9.019197
A 1480688691855 3.0075963 -1.6388311 -9.026381
A 1480688692054 3.0075963 -1.6077065 -9.012015
A 1480688692253 3.041115 -1.6220717 -8.99765
A 1480688692454 3.0339324 -1.6148891 -9.050323
A 1480688692652 3.0363266 -1.612495 -8.956948
A 1480688692850 3.0435092 -1.6077065 -9.016804
A 1480688693055 3.0435092 -1.5909472 -8.985679
A 1480688693253 3.0219615 -1.6172833 -8.918641
A 1480688693456 3.0195673 -1.6220717 -9.047928
A 1480688693653 3.0267498 -1.5981297 -8.976102
A 1480688693857 3.0506918 -1.6627733 -9.009621
A 1480688694065 3.0387208 -1.600524 -8.99765
A 1480688694266 3.005202 -1.6053123 -9.045534
A 1480688694464 3.0099905 -1.5813704 -8.904276
A 1480688694662 2.9716833 -1.6627733 -9.064688
A 1480688694865 3.0506918 -1.612495 -8.928218
A 1480688695065 3.017173 -1.588553 -9.012015
A 1480688695264 3.0746338 -1.6268601 -9.014409
A 1480688695464 3.0387208 -1.6675617 -9.062293
A 1480688695662 2.9884427 -1.6101007 -9.047928
A 1480688695862 2.921405 -1.5837646 -9.074265
A 1480688696061 2.9597123 -1.6053123 -9.045534
A 1480688696262 3.0459034 -1.5981297 -8.988072
A 1480688696464 3.0004137 -1.6029181 -9.021592
A 1480688696665 2.9645007 -1.6364369 -9.009621
A 1480688696865 3.0602686 -1.6029181 -8.959342
A 1480688697065 3.0075963 -1.6412253 -9.035957
A 1480688697264 2.9908369 -1.5837646 -9.033563
A 1480688697465 3.0315382 -1.5574284 -9.019197
A 1480688697665 3.0698454 -1.5598226 -9.007227
A 1480688697863 3.0363266 -1.6388311 -9.007227
A 1480688698065 3.041115 -1.588553 -9.009621
A 1480688698265 3.0339324 -1.540669 -9.021592
A 1480688698464 3.0004137 -1.648408 -8.983284
A 1480688698663 2.9764717 -1.5717936 -8.995255
A 1480688698865 2.8854918 -1.5023617 -9.012015
A 1480688699065 3.0818164 -1.6436197 -8.959342
A 1480688699261 3.0482976 -1.5837646 -9.021592
A 1480688699464 3.0459034 -1.5933414 -9.052716
A 1480688699662 3.005202 -1.5550342 -8.973707
A 1480688699866 3.0219615 -1.6460139 -8.983284
A 1480688700063 3.0339324 -1.6101007 -9.047928
A 1480688700263 3.0387208 -1.5957355 -9.012015
A 1480688700466 3.0243556 -1.6364369 -9.004832
A 1480688700665 3.0267498 -1.624466 -9.031169
A 1480688700862 3.0219615 -1.6388311 -8.983284
A 1480688701064 3.0578744 -1.6220717 -9.019197
A 1480688701264 3.0698454 -1.5454574 -9.012015
A 1480688701463 2.9860485 -1.600524 -8.983284
A 1480688701663 3.1033642 -1.6340427 -8.98089
A 1480688701865 3.041115 -1.5837646 -9.014409
A 1480688702065 3.0267498 -1.5813704 -8.971313
A 1480688702264 3.0267498 -1.6316485 -8.995255
A 1480688702458 2.957318 -1.5598226 -8.995255
A 1480688702662 3.0746338 -1.624466 -8.990467
A 1480688702863 3.0674512 -1.5933414 -9.067081
A 1480688703064 3.0961816 -1.6292543 -9.007227
A 1480688703262 3.0147789 -1.6077065 -9.019197
A 1480688703462 3.0075963 -1.6364369 -9.043139
A 1480688703663 3.065057 -1.6077065 -9.064688
A 1480688703862 3.0363266 -1.6675617 -9.031169
A 1480688704062 3.041115 -1.6148891 -9.026381
A 1480688704265 3.0363266 -1.648408 -9.019197
A 1480688704458 3.0913932 -1.6412253 -9.040746
A 1480688704658 3.0554802 -1.600524 -9.059899
A 1480688704858 3.0363266 -1.6077065 -8.909064
A 1480688705058 3.0243556 -1.6579849 -9.004832
A 1480688705258 3.0004137 -1.6388311 -8.966525
A 1480688705458 3.0698454 -1.6268601 -9.014409
A 1480688705658 3.053086 -1.6077065 -9.047928
A 1480688705859 3.0554802 -1.5837646 -9.016804
A 1480688706058 3.0195673 -1.6292543 -8.990467
A 1480688706258 3.0147789 -1.5741878 -9.040746
A 1480688706463 3.0435092 -1.6053123 -8.961737
A 1480688706659 2.98126 -1.6172833 -9.040746
A 1480688706859 3.0387208 -1.5957355 -9.038351
A 1480688707059 3.0219615 -1.5454574 -9.007227
A 1480688707265 3.0506918 -1.612495 -8.954554
A 1480688707462 3.0363266 -1.5909472 -9.021592
A 1480688707662 3.0482976 -1.5478516 -9.08863
A 1480688707862 3.0099905 -1.5981297 -9.002439
A 1480688708063 3.0435092 -1.600524 -9.028774
A 1480688708264 3.0554802 -1.6388311 -8.976102
A 1480688708462 3.0435092 -1.612495 -9.033563
A 1480688708663 3.0698454 -1.5813704 -9.009621
A 1480688708865 3.053086 -1.6531965 -9.035957
A 1480688709064 3.0482976 -1.6292543 -8.956948
A 1480688709263 3.0267498 -1.6340427 -9.045534
A 1480688709463 3.0722396 -1.5717936 -8.96413
A 1480688709661 3.0123847 -1.5741878 -8.978496
A 1480688709859 3.0219615 -1.6220717 -9.009621
A 1480688710063 3.0387208 -1.624466 -8.98089
A 1480688710263 3.0674512 -1.6460139 -9.009621
A 1480688710463 3.0866048 -1.600524 -8.990467
A 1480688710663 3.0506918 -1.6053123 -9.012015
A 1480688710862 3.0554802 -1.5837646 -9.004832
A 1480688711063 3.0482976 -1.6364369 -8.983284
A 1480688711261 3.0387208 -1.6340427 -9.002439
A 1480688711463 3.065057 -1.5981297 -9.057505
A 1480688711663 3.0004137 -1.600524 -8.966525
A 1480688711863 3.0219615 -1.5741878 -9.059899
A 1480688712059 3.0459034 -1.612495 -9.031169
A 1480688712260 3.0554802 -1.6891094 -8.949765
A 1480688712461 3.0339324 -1.624466 -9.040746
A 1480688712663 3.0674512 -1.5861588 -9.000044
A 1480688712858 3.041115 -1.5837646 -8.99765
A 1480688713062 3.0075963 -1.600524 -8.956948
A 1480688713260 3.0578744 -1.6148891 -8.956948
A 1480688713458 3.0794222 -1.6460139 -9.057505
A 1480688713661 3.0746338 -1.576582 -9.023986
A 1480688713862 3.029144 -1.6220717 -9.067081
A 1480688714062 3.1225178 -1.6412253 -9.009621
A 1480688714262 2.9836543 -1.5909472 -9.1006
A 1480688714462 3.1081526 -1.5622168 -8.995255
A 1480688714663 2.851973 -1.6436197 -9.040746
A 1480688714862 3.0028079 -1.576582 -9.059899
A 1480688715062 3.0028079 -1.5933414 -9.050323
A 1480688715262 2.9549239 -1.5741878 -9.086235
A 1480688715462 2.9429529 -1.564611 -8.966525
A 1480688715663 3.0243556 -1.5813704 -9.026381
A 1480688715863 2.957318 -1.5693994 -9.062293
A 1480688716062 3.0028079 -1.5909472 -9.009621
A 1480688716262 3.0482976 -1.5837646 -9.026381
A 1480688716461 3.0123847 -1.5981297 -8.918641
A 1480688716663 3.0554802 -1.5502458 -9.033563
A 1480688716863 2.7131095 -1.5574284 -9.007227
A 1480688717059 3.0866048 -1.4281415 -9.009621
A 1480688717259 2.9237993 -1.363498 -9.0982065
A 1480688717460 2.9046454 -1.6675617 -9.143696
A 1480688717665 3.088999 -1.5981297 -8.944977
A 1480688717864 2.9190109 -1.7513586 -9.062293
A 1480688718064 2.9836543 -1.7034746 -9.07187
A 1480688718264 3.148854 -1.6148891 -8.990467
A 1480688718465 3.1536424 -1.6029181 -8.870757
A 1480688718664 3.230257 -1.7130514 -8.858786
A 1480688718865 3.38588 -1.7226282 -8.856392
A 1480688719063 3.503196 -1.981202 -8.743864
A 1480688719264 3.361938 -1.6771384 -8.825267
A 1480688719463 3.194344 -1.6699558 -8.971313
A 1480688719664 3.0722396 -1.5813704 -9.016804
A 1480688719865 3.148854 -1.5717936 -8.990467
A 1480688720063 3.1536424 -1.564611 -8.978496
A 1480688720261 3.2709584 -1.5693994 -8.949765
A 1480688720459 2.9956253 -1.6747442 -8.911458
A 1480688720662 3.1847672 -1.5574284 -9.016804
A 1480688720859 3.1919498 -1.55264 -9.000044
A 1480688721061 3.1560366 -1.6053123 -8.971313
A 1480688721273 3.088999 -1.6436197 -9.002439
A 1480688721469 3.1775846 -1.5861588 -8.894699
A 1480688721674 3.077028 -1.5741878 -9.012015
A 1480688721873 3.10097 -1.5789762 -8.96413
A 1480688722073 3.148854 -1.612495 -9.004832
A 1480688722273 3.1464598 -1.588553 -9.040746
A 1480688722475 3.1153352 -1.576582 -8.971313
A 1480688722676 3.1440656 -1.5861588 -8.978496
A 1480688722875 3.10097 -1.5837646 -8.940188
A 1480688723073 3.1297004 -1.624466 -9.012015
A 1480688723274 3.1895556 -1.660379 -8.98089
A 1480688723474 3.170402 -1.50715 -8.976102
A 1480688723669 3.077028 -1.5789762 -8.95216
A 1480688723876 3.0937874 -1.6172833 -8.940188
A 1480688724073 3.1799788 -1.5670052 -9.033563
A 1480688724274 3.218286 -1.5717936 -8.937795
A 1480688724474 3.077028 -1.5741878 -8.961737
A 1480688724675 3.1081526 -1.4856023 -9.033563
A 1480688724874 3.1201236 -1.5095443 -9.023986
A 1480688725076 3.077028 -1.4808139 -9.012015
A 1480688725274 3.1320946 -1.6077065 -9.045534
A 1480688725474 3.1440656 -1.6364369 -9.012015
A 1480688725671 3.1919498 -1.648408 -8.985679
A 1480688725874 3.1680079 -1.5717936 -8.971313
A 1480688726073 3.1273062 -1.588553 -8.992861
A 1480688726273 3.112941 -1.5813704 -9.014409
A 1480688726476 3.1081526 -1.5574284 -8.995255
A 1480688726675 3.1440656 -1.5861588 -8.995255
A 1480688726869 3.1392772 -1.5789762 -8.990467
A 1480688727075 3.1273062 -1.5502458 -8.98089
A 1480688727276 3.1560366 -1.5622168 -8.892304
A 1480688727474 3.053086 -1.4999675 -9.009621
A 1480688727675 3.0099905 -1.4927849 -8.940188
A 1480688727874 3.1632195 -1.50715 -9.016804
A 1480688728074 3.0961816 -1.5334864 -8.971313
A 1480688728274 3.112941 -1.6699558 -9.033563
A 1480688728474 3.0315382 -1.5933414 -9.007227
A 1480688728675 3.1464598 -1.6053123 -9.009621
A 1480688728874 3.0937874 -1.5215154 -8.961737
A 1480688729074 3.1727962 -1.6531965 -8.942583
A 1480688729274 3.158431 -1.5933414 -9.033563
A 1480688729474 3.0842106 -1.5502458 -8.99765
A 1480688729675 3.1033642 -1.564611 -8.9354
A 1480688729874 3.1177294 -1.5981297 -9.000044
A 1480688730070 3.1273062 -1.564611 -9.012015
A 1480688730274 3.1033642 -1.55264 -9.052716
A 1480688730474 3.1440656 -1.588553 -8.95216
A 1480688730674 3.1297004 -1.5622168 -9.002439
A 1480688730875 3.1177294 -1.6292543 -9.012015
A 1480688731075 3.0961816 -1.600524 -9.000044
A 1480688731274 3.1344888 -1.540669 -8.992861
A 1480688731475 3.1536424 -1.5358806 -8.954554
A 1480688731675 3.1464598 -1.5933414 -8.966525
A 1480688731875 3.0842106 -1.6101007 -8.916246
A 1480688732075 3.1560366 -1.5861588 -8.9473715
A 1480688732274 3.1057584 -1.5454574 -8.992861
A 1480688732470 3.1464598 -1.6196775 -8.909064
A 1480688732670 3.1416714 -1.5574284 -9.007227
A 1480688732873 3.1297004 -1.5909472 -8.913853
A 1480688733072 3.1057584 -1.5813704 -8.988072
A 1480688733269 3.1177294 -1.588553 -8.985679
A 1480688733472 3.1057584 -1.6148891 -8.995255
A 1480688733673 3.112941 -1.5861588 -8.978496
A 1480688733872 3.1608253 -1.5622168 -8.968919
A 1480688734073 3.136883 -1.576582 -8.983284
A 1480688734272 3.0985758 -1.5837646 -8.98089
A 1480688734471 3.0722396 -1.6029181 -8.983284
A 1480688734668 3.1320946 -1.5502458 -9.009621
A 1480688734872 3.1320946 -1.5717936 -8.978496
A 1480688735074 3.1320946 -1.6101007 -8.976102
A 1480688735270 3.1057584 -1.5693994 -9.014409
A 1480688735475 3.112941 -1.5837646 -8.954554
A 1480688735674 3.10097 -1.5981297 -8.937795
A 1480688735874 3.148854 -1.5909472 -9.035957
A 1480688736073 3.005202 -1.6077065 -8.95216
A 1480688736274 3.1153352 -1.5933414 -8.961737
A 1480688736469 3.088999 -1.5693994 -8.966525
A 1480688736675 3.0746338 -1.588553 -8.990467
A 1480688736875 3.1536424 -1.5789762 -9.067081
A 1480688737074 3.148854 -1.624466 -9.009621
A 1480688737274 3.1344888 -1.5813704 -8.913853
A 1480688737472 3.0794222 -1.6172833 -9.033563
A 1480688737674 3.2134976 -1.5454574 -8.961737
A 1480688737874 3.1560366 -1.5095443 -9.043139
A 1480688738073 3.1297004 -1.5263038 -8.990467
A 1480688738274 3.1033642 -1.5837646 -8.966525
A 1480688738475 3.194344 -1.5957355 -9.009621
A 1480688738673 3.1608253 -1.5741878 -9.009621
A 1480688738874 3.1320946 -1.55264 -9.028774
A 1480688739075 3.1608253 -1.5550342 -8.9473715
A 1480688739276 3.1201236 -1.5813704 -9.019197
A 1480688739474 3.1392772 -1.588553 -8.956948
A 1480688739669 3.1201236 -1.5789762 -9.026381
A 1480688739878 3.0506918 -1.5622168 -9.050323
A 1480688740085 3.0913932 -1.5789762 -8.976102
A 1480688740285 3.182373 -1.5334864 -8.99765
A 1480688740483 3.0602686 -1.6316485 -8.978496
A 1480688740685 3.1847672 -1.5023617 -8.985679
A 1480688740885 3.1847672 -1.5693994 -9.000044
A 1480688741085 3.0937874 -1.5909472 -8.956948
A 1480688741285 3.1033642 -1.5550342 -8.942583
A 1480688741484 3.1440656 -1.5215154 -9.004832
A 1480688741684 3.1608253 -1.6053123 -8.99765
A 1480688741885 3.0459034 -1.6316485 -8.959342
A 1480688742086 3.124912 -1.6053123 -9.016804
A 1480688742284 3.1991324 -1.5909472 -8.976102
A 1480688742485 3.1201236 -1.5981297 -8.992861
A 1480688742683 3.1081526 -1.6077065 -9.035957
A 1480688742879 3.136883 -1.5861588 -8.944977
A 1480688743084 3.10097 -1.5909472 -9.000044
A 1480688743283 3.10097 -1.576582 -9.002439
A 1480688743483 3.1105468 -1.5598226 -8.959342
A 1480688743684 3.148854 -1.540669 -8.992861
A 1480688743885 3.0985758 -1.5933414 -9.043139
A 1480688744084 3.112941 -1.600524 -9.021592
A 1480688744284 3.1081526 -1.5813704 -8.976102
A 1480688744482 3.0913932 -1.5670052 -8.98089
A 1480688744684 3.1225178 -1.5670052 -8.976102
A 1480688744885 3.1536424 -1.5693994 -8.976102
A 1480688745085 3.136883 -1.5933414 -8.973707
A 1480688745283 3.0219615 -1.5334864 -8.892304
A 1480688745483 3.1416714 -1.540669 -8.925823
A 1480688745684 3.077028 -1.5909472 -9.009621
A 1480688745883 3.0794222 -1.5693994 -9.019197
A 1480688746080 3.1560366 -1.519121 -8.954554
A 1480688746284 3.1057584 -1.6196775 -8.985679
A 1480688746485 3.1392772 -1.5263038 -9.012015
A 1480688746685 3.10097 -1.5143327 -9.038351
A 1480688746886 3.1512482 -1.600524 -8.961737
A 1480688747086 3.1105468 -1.6077065 -8.976102
A 1480688747284 3.10097 -1.5837646 -8.99765
A 1480688747486 3.1320946 -1.4879965 -8.98089
A 1480688747685 3.0866048 -1.5215154 -9.047928
A 1480688747884 3.0818164 -1.6053123 -8.983284
A 1480688748085 3.0674512 -1.5622168 -9.043139
A 1480688748285 3.124912 -1.5670052 -8.930612
A 1480688748484 3.1344888 -1.5239096 -9.07187
A 1480688748684 3.10097 -1.55264 -8.9234295
A 1480688748885 3.0243556 -1.5957355 -9.038351
A 1480688749085 3.1632195 -1.5454574 -9.035957
A 1480688749282 3.170402 -1.55264 -8.966525
A 1480688749484 3.0794222 -1.5622168 -8.966525
A 1480688749684 3.10097 -1.5143327 -9.028774
A 1480688749884 3.2254686 -1.5933414 -9.014409
A 1480688750085 3.2158918 -1.5358806 -9.002439
A 1480688750283 3.1344888 -1.6029181 -9.012015
A 1480688750485 3.1225178 -1.5263038 -8.95216
A 1480688750684 3.0219615 -1.5550342 -9.028774
A 1480688750885 3.0698454 -1.5813704 -8.944977
A 1480688751085 3.1081526 -1.5670052 -9.040746
A 1480688751284 3.1273062 -1.6196775 -8.961737
A 1480688751485 3.1536424 -1.4449009 -8.9354
A 1480688751684 3.053086 -1.5670052 -8.995255
A 1480688751883 3.1033642 -1.5909472 -9.062293
A 1480688752085 3.136883 -1.5358806 -8.995255
A 1480688752284 3.170402 -1.5933414 -8.983284
A 1480688752479 3.206315 -1.4903907 -9.035957
A 1480688752684 3.0099905 -1.5813704 -8.9473715
A 1480688752885 3.1344888 -1.540669 -8.9354
A 1480688753084 3.1392772 -1.4568719 -8.985679
A 1480688753284 3.0554802 -1.588553 -9.067081
A 1480688753484 3.1105468 -1.5502458 -8.968919
A 1480688753684 3.1225178 -1.5358806 -8.971313
A 1480688753885 3.0387208 -1.5909472 -8.988072
A 1480688754085 3.0937874 -1.5789762 -8.96413
A 1480688754284 3.1225178 -1.5550342 -9.004832
A 1480688754485 3.136883 -1.5502458 -8.985679
A 1480688754684 3.1512482 -1.6101007 -8.973707
A 1480688754883 3.1105468 -1.50715 -8.990467
A 1480688755083 3.1320946 -1.6172833 -8.925823
A 1480688755285 3.1057584 -1.5717936 -8.995255
A 1480688755485 3.1297004 -1.576582 -8.949765
A 1480688755679 3.088999 -1.5598226 -8.966525
A 1480688755883 3.1416714 -1.5430632 -9.043139
A 1480688756083 3.065057 -1.5215154 -8.911458
A 1480688756284 3.1273062 -1.5358806 -8.96413
A 1480688756484 3.1464598 -1.564611 -8.973707
A 1480688756684 3.10097 -1.5693994 -9.014409
A 1480688756885 3.1105468 -1.576582 -9.004832
A 1480688757085 3.1105468 -1.5358806 -9.007227
A 1480688757284 3.1680079 -1.5574284 -8.99765
A 1480688757484 3.0698454 -1.5957355 -9.083841
A 1480688757684 3.1057584 -1.5215154 -8.96413
A 1480688757882 3.1057584 -1.5789762 -9.002439
A 1480688758086 3.0698454 -1.5574284 -8.978496
A 1480688758284 3.0866048 -1.5837646 -9.023986
A 1480688758485 3.112941 -1.5789762 -9.007227
A 1480688758684 3.1153352 -1.5837646 -8.976102
A 1480688758884 3.1392772 -1.55264 -8.966525
A 1480688759083 3.1416714 -1.564611 -9.038351
A 1480688759284 3.0387208 -1.4640545 -9.000044
A 1480688759485 3.077028 -1.6268601 -9.000044
A 1480688759683 3.0937874 -1.5215154 -8.992861
A 1480688759886 3.124912 -1.5430632 -9.028774
A 1480688760082 3.1320946 -1.5502458 -9.023986
A 1480688760284 3.10097 -1.6196775 -8.988072
A 1480688760485 3.0913932 -1.576582 -9.079053
A 1480688760683 3.088999 -1.5693994 -9.012015
A 1480688760885 3.1919498 -1.5430632 -8.992861
A 1480688761083 3.088999 -1.5574284 -8.976102
A 1480688761285 3.0722396 -1.5215154 -9.074265
A 1480688761484 3.0506918 -1.5550342 -9.023986
A 1480688761684 3.112941 -1.624466 -9.064688
A 1480688761885 3.1201236 -1.55264 -8.978496
A 1480688762086 3.1273062 -1.600524 -8.992861
A 1480688762284 3.10097 -1.5598226 -8.995255
A 1480688762480 3.0866048 -1.5574284 -9.007227
A 1480688762680 3.1416714 -1.5933414 -9.045534
A 1480688762882 3.017173 -1.5670052 -9.004832
A 1480688763082 3.0961816 -1.5574284 -9.009621
A 1480688763282 3.088999 -1.5023617 -8.942583
A 1480688763484 3.1344888 -1.4784197 -9.035957
A 1480688763683 3.0913932 -1.5263038 -9.047928
A 1480688763882 2.9764717 -1.5670052 -8.99765
A 1480688764083 3.0794222 -1.4736313 -8.971313
A 1480688764279 3.0961816 -1.5981297 -8.973707
A 1480688764478 3.065057 -1.5622168 -9.023986
A 1480688764679 3.0746338 -1.528698 -9.1006
A 1480688764883 3.1153352 -1.5334864 -9.064688
A 1480688765083 3.0363266 -1.4329299 -9.004832
A 1480688765283 3.0387208 -1.4784197 -9.043139
A 1480688765483 3.0387208 -1.6196775 -8.973707
A 1480688765684 3.1344888 -1.6627733 -9.052716
A 1480688765883 3.0578744 -1.5430632 -9.023986
A 1480688766085 3.2230744 -1.5119385 -8.988072
A 1480688766283 3.0866048 -1.6675617 -9.052716
A 1480688766486 3.088999 -1.55264 -9.043139
A 1480688766684 3.1416714 -1.5813704 -9.035957
A 1480688766885 3.1512482 -1.5598226 -8.956948
A 1480688767085 3.1153352 -1.5622168 -8.968919
A 1480688767284 3.1416714 -1.5741878 -9.028774
A 1480688767479 3.0746338 -1.5981297 -8.930612
A 1480688767684 3.112941 -1.5454574 -9.031169
A 1480688767883 3.1201236 -1.5358806 -8.956948
A 1480688768085 3.1201236 -1.5622168 -9.021592
A 1480688768284 3.1057584 -1.588553 -8.995255
A 1480688768485 3.1416714 -1.564611 -8.961737
A 1480688768683 3.1608253 -1.5813704 -8.976102
A 1480688768885 3.0842106 -1.5622168 -8.942583
A 1480688769083 3.1656137 -1.5550342 -9.002439
A 1480688769284 3.124912 -1.5167269 -8.944977
A 1480688769483 3.1201236 -1.5717936 -8.928218
A 1480688769684 3.0985758 -1.5454574 -8.937795
A 1480688769884 3.1225178 -1.5670052 -8.988072
A 1480688770082 3.1105468 -1.6268601 -9.07187
A 1480688770284 3.1201236 -1.5909472 -8.956948
A 1480688770484 3.1105468 -1.5622168 -9.007227
A 1480688770679 3.1081526 -1.5502458 -9.002439
A 1480688770886 3.1297004 -1.5789762 -8.985679
A 1480688771085 3.1201236 -1.5933414 -9.043139
A 1480688771284 3.1177294 -1.5622168 -8.966525
A 1480688771485 3.1057584 -1.5598226 -8.968919
A 1480688771683 3.1033642 -1.5454574 -8.990467
A 1480688771884 3.1177294 -1.5957355 -8.96413
A 1480688772086 3.1177294 -1.55264 -8.942583
A 1480688772284 3.088999 -1.5358806 -9.009621
A 1480688772485 3.0961816 -1.5239096 -8.968919
A 1480688772683 3.1320946 -1.519121 -9.052716
A 1480688772884 3.10097 -1.5167269 -8.918641
A 1480688773084 3.0722396 -1.5741878 -8.966525
A 1480688773284 3.1225178 -1.588553 -8.971313
A 1480688773482 3.1057584 -1.5933414 -8.992861
A 1480688773683 3.1057584 -1.5717936 -9.000044
A 1480688773881 3.1057584 -1.5861588 -9.016804
A 1480688774083 3.0698454 -1.5717936 -9.038351
A 1480688774284 3.1081526 -1.5933414 -8.96413
A 1480688774485 3.1201236 -1.5502458 -9.033563
A 1480688774684 3.1225178 -1.5717936 -8.988072
A 1480688774884 3.112941 -1.5693994 -9.000044
A 1480688775078 3.0578744 -1.5837646 -8.983284
A 1480688775282 3.10097 -1.5813704 -8.96413
A 1480688775482 3.1320946 -1.5909472 -8.973707
A 1480688775686 3.112941 -1.564611 -9.033563
A 1480688775885 3.0961816 -1.5023617 -9.002439
A 1480688776085 3.0842106 -1.5813704 -9.007227
A 1480688776285 3.1320946 -1.5693994 -9.002439
A 1480688776485 3.1153352 -1.5909472 -8.978496
A 1480688776685 3.0961816 -1.5813704 -9.007227
A 1480688776885 3.0961816 -1.5478516 -8.959342
A 1480688777081 3.1033642 -1.5382748 -9.038351
A 1480688777284 3.1105468 -1.5430632 -9.007227
A 1480688777485 3.0985758 -1.6412253 -8.98089
A 1480688777686 3.1320946 -1.5933414 -8.954554
A 1480688777885 3.088999 -1.5933414 -9.067081
A 1480688778085 3.112941 -1.5622168 -8.9354
A 1480688778284 3.1392772 -1.5215154 -8.978496
A 1480688778485 3.029144 -1.564611 -9.069476
A 1480688778682 3.0626628 -1.5813704 -9.014409
A 1480688778884 3.170402 -1.5813704 -9.004832
A 1480688779085 3.1081526 -1.5263038 -8.961737
A 1480688779285 3.10097 -1.528698 -8.928218
A 1480688779483 3.0578744 -1.5693994 -8.949765
A 1480688779684 3.1177294 -1.5263038 -8.9354
A 1480688779885 3.0602686 -1.5717936 -8.976102
A 1480688780085 3.1105468 -1.5310922 -8.978496
A 1480688780280 3.0554802 -1.5334864 -9.040746
A 1480688780483 3.0459034 -1.4760255 -9.019197
A 1480688780682 3.088999 -1.5334864 -9.026381
A 1480688780885 3.0626628 -1.5622168 -9.067081
A 1480688781085 3.1680079 -1.564611 -8.95216
A 1480688781284 3.1320946 -1.6077065 -8.937795
A 1480688781487 2.9740775 -1.5693994 -9.002439
A 1480688781693 3.0578744 -1.5167269 -9.021592
A 1480688781894 3.1201236 -1.5837646 -8.992861
A 1480688782095 3.0578744 -1.5622168 -9.019197
A 1480688782294 3.0913932 -1.5454574 -9.040746
A 1480688782494 3.112941 -1.5239096 -8.95216
A 1480688782694 3.1177294 -1.5382748 -9.021592
A 1480688782895 3.0842106 -1.5598226 -9.023986
A 1480688783095 3.0937874 -1.5454574 -9.038351
A 1480688783294 3.0842106 -1.5550342 -8.961737
A 1480688783491 3.1081526 -1.5310922 -9.007227
A 1480688783694 3.1177294 -1.5574284 -8.98089
A 1480688783895 3.1105468 -1.5981297 -9.028774
A 1480688784095 3.1105468 -1.600524 -9.033563
A 1480688784294 3.0937874 -1.5454574 -8.944977
A 1480688784495 3.0578744 -1.5717936 -9.012015
A 1480688784692 3.1273062 -1.5622168 -9.002439
A 1480688784907 3.1416714 -1.5310922 -9.012015
A 1480688785115 3.0818164 -1.5717936 -9.023986
A 1480688785313 3.0842106 -1.5813704 -9.021592
A 1480688785511 3.124912 -1.5789762 -8.9473715
A 1480688785712 3.0554802 -1.5837646 -9.031169
A 1480688785914 3.0842106 -1.5550342 -9.028774
A 1480688786114 3.077028 -1.5933414 -8.949765
A 1480688786313 3.10097 -1.5502458 -9.047928
A 1480688786515 3.0913932 -1.55264 -9.002439
A 1480688786709 3.1656137 -1.5789762 -9.007227
A 1480688786915 3.1105468 -1.5119385 -9.026381
A 1480688787115 3.0698454 -1.5909472 -9.002439
A 1480688787314 3.0985758 -1.5789762 -8.99765
A 1480688787515 3.10097 -1.5574284 -8.940188
A 1480688787713 3.1536424 -1.5622168 -9.050323
A 1480688787912 3.1273062 -1.5358806 -8.95216
A 1480688788112 3.0554802 -1.5574284 -9.064688
A 1480688788311 3.0195673 -1.5909472 -8.990467
A 1480688788512 3.1153352 -1.5598226 -8.988072
A 1480688788712 3.1225178 -1.5574284 -8.968919
A 1480688788911 3.1177294 -1.5478516 -9.002439
A 1480688789113 3.218286 -1.5454574 -8.988072
A 1480688789311 3.0794222 -1.5430632 -8.990467
A 1480688789512 3.0913932 -1.5454574 -8.985679
A 1480688789711 3.0339324 -1.5382748 -8.995255
A 1480688789910 3.0961816 -1.5693994 -8.954554
A 1480688790114 3.0937874 -1.5598226 -8.959342
A 1480688790312 3.1225178 -1.5598226 -9.043139
A 1480688790510 3.112941 -1.5478516 -9.057505
A 1480688790711 3.1153352 -1.5598226 -8.968919
A 1480688790912 2.9740775 -1.6268601 -9.000044
A 1480688791113 3.1392772 -1.6364369 -9.004832
A 1480688791312 3.0626628 -1.5143327 -9.033563
A 1480688791513 3.1297004 -1.5741878 -9.000044
A 1480688791711 3.1775846 -1.600524 -9.052716
A 1480688791913 3.0722396 -1.5861588 -9.047928
A 1480688792113 3.0985758 -1.5693994 -8.98089
A 1480688792311 3.124912 -1.5670052 -8.942583
A 1480688792515 3.0985758 -1.5574284 -8.925823
A 1480688792719 3.10097 -1.5310922 -9.016804
A 1480688792922 3.0961816 -1.5478516 -8.976102
A 1480688793119 3.065057 -1.5095443 -8.992861
A 1480688793321 3.0985758 -1.528698 -9.014409
A 1480688793523 3.1081526 -1.6029181 -9.012015
A 1480688793722 3.0937874 -1.5358806 -9.040746
A 1480688793922 3.0435092 -1.4903907 -8.99765
A 1480688794122 3.218286 -1.5693994 -9.007227
A 1480688794322 3.1201236 -1.5478516 -8.949765
A 1480688794518 3.0459034 -1.5957355 -8.988072
A 1480688794721 3.0075963 -1.4879965 -9.004832
A 1480688794923 3.1081526 -1.5263038 -8.911458
A 1480688795122 3.0937874 -1.5909472 -8.954554
A 1480688795323 3.1225178 -1.528698 -8.966525
A 1480688795524 3.1153352 -1.564611 -8.973707
A 1480688795722 3.0506918 -1.5598226 -9.035957
A 1480688795924 3.206315 -1.6053123 -8.959342
A 1480688796121 3.0794222 -1.5358806 -9.021592
A 1480688796323 2.9740775 -1.5239096 -9.057505
A 1480688796523 3.1440656 -1.5430632 -9.038351
A 1480688796721 3.0363266 -1.5670052 -8.940188
A 1480688796924 3.1225178 -1.540669 -9.019197
A 1480688797124 3.0363266 -1.5358806 -9.002439
A 1480688797321 3.0937874 -1.519121 -8.961737
A 1480688797518 3.1081526 -1.5598226 -9.076658
A 1480688797721 3.1225178 -1.5550342 -8.95216
A 1480688797923 3.0985758 -1.612495 -8.983284
A 1480688798122 3.1153352 -1.5358806 -9.033563
A 1480688798322 3.0554802 -1.5215154 -8.995255
A 1480688798523 3.1105468 -1.5239096 -9.062293
A 1480688798723 3.088999 -1.588553 -8.928218
A 1480688798922 3.0794222 -1.5717936 -9.012015
A 1480688799123 3.0818164 -1.5382748 -9.035957
A 1480688799323 3.0937874 -1.5502458 -8.992861
A 1480688799523 3.1081526 -1.5502458 -9.045534
A 1480688799724 3.0913932 -1.540669 -8.954554
A 1480688799923 3.1967382 -1.5502458 -8.954554
A 1480688800123 3.0866048 -1.55264 -9.019197
A 1480688800318 3.1033642 -1.6148891 -9.004832
A 1480688800522 3.077028 -1.5574284 -9.019197
A 1480688800725 3.1057584 -1.5789762 -8.961737
A 1480688800919 3.053086 -1.5263038 -8.976102
A 1480688801119 3.0698454 -1.5861588 -8.95216
A 1480688801321 3.088999 -1.6077065 -8.968919
A 1480688801520 3.1177294 -1.5502458 -8.988072
A 1480688801723 3.0794222 -1.576582 -8.985679
A 1480688801921 3.0554802 -1.5550342 -9.019197
A 1480688802121 3.0435092 -1.50715 -8.985679
A 1480688802323 3.1081526 -1.5430632 -8.99765
A 1480688802524 3.0794222 -1.5741878 -9.000044
A 1480688802724 3.0746338 -1.5717936 -8.976102
A 1480688802924 3.1536424 -1.5478516 -8.976102
A 1480688803124 3.1177294 -1.5789762 -9.031169
A 1480688803322 3.077028 -1.5263038 -9.043139
A 1480688803522 3.0028079 -1.5670052 -9.055111
A 1480688803723 3.088999 -1.5622168 -9.0982065
A 1480688803923 3.0866048 -1.564611 -8.99765
A 1480688804122 3.1440656 -1.5358806 -8.930612
A 1480688804321 3.124912 -1.6053123 -9.026381
A 1480688804522 3.0794222 -1.5310922 -9.045534
A 1480688804719 3.124912 -1.5454574 -8.99765
A 1480688804923 3.0937874 -1.5550342 -9.047928
A 1480688805123 3.0937874 -1.5693994 -9.047928
A 1480688805322 3.0842106 -1.5310922 -8.992861
A 1480688805522 3.1057584 -1.5957355 -8.96413
A 1480688805722 3.1344888 -1.5119385 -8.933006
A 1480688805920 3.0961816 -1.5382748 -9.016804
A 1480688806123 3.0937874 -1.5693994 -8.909064
A 1480688806322 3.1297004 -1.6148891 -8.9473715
A 1480688806521 3.1153352 -1.588553 -8.9473715
A 1480688806721 3.0961816 -1.5693994 -9.023986
A 1480688806922 3.0602686 -1.5454574 -8.966525
A 1480688807123 3.1799788 -1.5382748 -8.961737
A 1480688807324 3.0961816 -1.5047559 -9.033563
A 1480688807519 2.9501355 -1.5239096 -9.045534
A 1480688807721 3.124912 -1.5334864 -8.95216
A 1480688807918 3.1344888 -1.6148891 -8.96413
A 1480688808121 3.1344888 -1.5550342 -8.949765
A 1480688808322 3.1033642 -1.588553 -8.944977
A 1480688808524 3.0698454 -1.6196775 -9.002439
A 1480688808722 3.0698454 -1.6196775 -8.978496
A 1480688808921 2.8495789 -1.6148891 -9.033563
A 1480688809118 3.2374396 -1.5598226 -8.966525
A 1480688809321 2.9788659 -1.6077065 -9.023986
A 1480688809521 3.1799788 -1.564611 -8.968919
A 1480688809723 3.136883 -1.55264 -8.961737
A 1480688809922 3.1440656 -1.5454574 -9.023986
A 1480688810123 3.124912 -1.5741878 -9.040746
A 1480688810321 3.088999 -1.576582 -8.949765
A 1480688810523 3.0913932 -1.5861588 -8.966525
A 1480688810724 3.0985758 -1.5167269 -9.023986
A 1480688810921 3.1656137 -1.588553 -8.976102
A 1480688811123 3.1033642 -1.6101007 -8.928218
A 1480688811321 3.0315382 -1.5813704 -9.035957
A 1480688811523 3.0435092 -1.5909472 -8.983284
A 1480688811723 3.0842106 -1.576582 -8.988072
A 1480688811922 3.1225178 -1.564611 -9.016804
A 1480688812119 3.0339324 -1.55264 -9.002439
A 1480688812322 3.005202 -1.5574284 -8.976102
A 1480688812522 3.182373 -1.4688429 -8.916246
A 1480688812722 3.1799788 -1.5382748 -8.988072
A 1480688812921 3.1105468 -1.6053123 -9.012015
A 1480688813121 2.9884427 -1.5334864 -9.033563
A 1480688813323 3.112941 -1.5263038 -9.033563
A 1480688813524 3.0866048 -1.5478516 -9.012015
A 1480688813725 3.0459034 -1.5239096 -8.956948
A 1480688813924 3.1392772 -1.5933414 -9.08863
A 1480688814126 3.0459034 -1.588553 -9.035957
A 1480688814334 3.1177294 -1.5430632 -8.8994875
A 1480688814536 3.0961816 -1.612495 -9.050323
A 1480688814729 3.0459034 -1.5670052 -8.988072
A 1480688814933 3.0794222 -1.5239096 -8.983284
A 1480688815133 3.1751904 -1.5119385 -8.978496
A 1480688815329 3.2326512 -1.5454574 -8.992861
A 1480688815533 3.0123847 -1.6029181 -9.083841
A 1480688815732 3.124912 -1.5502458 -9.028774
A 1480688815933 3.0746338 -1.5047559 -8.954554
A 1480688816132 3.0459034 -1.564611 -8.990467
A 1480688816334 3.1440656 -1.6196775 -8.9234295
A 1480688816535 3.2326512 -1.5957355 -8.961737
A 1480688816735 3.1464598 -1.4784197 -8.983284
A 1480688816935 3.029144 -1.576582 -9.004832
A 1480688817133 3.0626628 -1.5574284 -9.055111
A 1480688817333 3.077028 -1.5574284 -9.035957
A 1480688817533 3.1608253 -1.5430632 -8.925823
A 1480688817736 3.029144 -1.5239096 -9.023986
A 1480688817930 3.0554802 -1.5957355 -9.031169
A 1480688818133 3.1608253 -1.495179 -9.014409
A 1480688818334 3.1440656 -1.5813704 -8.9354
A 1480688818529 3.124912 -1.5813704 -9.079053
A 1480688818735 3.170402 -1.6364369 -9.026381
A 1480688818934 3.0866048 -1.5478516 -9.040746
A 1480688819133 3.0722396 -1.5622168 -9.033563
A 1480688819332 3.053086 -1.5550342 -9.040746
A 1480688819533 3.0913932 -1.564611 -8.959342
A 1480688819734 3.0387208 -1.5837646 -9.083841
A 1480688819935 3.0698454 -1.5670052 -8.9234295
A 1480688820133 3.158431 -1.4856023 -8.983284
A 1480688820333 3.065057 -1.540669 -9.043139
A 1480688820531 3.0698454 -1.5167269 -9.007227
A 1480688820734 3.148854 -1.4903907 -9.004832
A 1480688820934 3.0746338 -1.576582 -8.985679
A 1480688821133 3.112941 -1.5837646 -8.990467
A 1480688821333 3.1680079 -1.5957355 -9.012015
A 1480688821533 3.1416714 -1.5310922 -8.961737
A 1480688821730 3.0794222 -1.5813704 -8.983284
A 1480688821935 3.1177294 -1.5789762 -8.978496
A 1480688822133 3.148854 -1.6029181 -8.98089
A 1480688822333 3.10097 -1.5310922 -8.98089
A 1480688822536 3.1033642 -1.5119385 -9.038351
A 1480688822734 2.9860485 -1.600524 -9.004832
A 1480688822935 3.053086 -1.6412253 -9.023986
A 1480688823133 3.1440656 -1.4879965 -9.050323
A 1480688823333 3.1464598 -1.5574284 -8.95216
A 1480688823534 3.0435092 -1.5933414 -8.973707
A 1480688823733 3.0794222 -1.4975733 -8.949765
A 1480688823935 3.0794222 -1.5334864 -8.976102
A 1480688824133 3.0746338 -1.5933414 -8.99765
A 1480688824333 3.1033642 -1.5574284 -8.990467
A 1480688824536 3.1416714 -1.55264 -8.976102
A 1480688824735 3.1153352 -1.6268601 -9.045534
A 1480688824929 3.088999 -1.5717936 -8.940188
A 1480688825133 3.0578744 -1.4999675 -9.009621
A 1480688825333 3.0913932 -1.5981297 -9.012015
A 1480688825531 3.1081526 -1.5933414 -9.007227
A 1480688825732 3.1416714 -1.5789762 -8.930612
A 1480688825934 3.1392772 -1.55264 -8.978496
A 1480688826133 3.0578744 -1.5837646 -9.004832
A 1480688826329 3.112941 -1.5263038 -8.959342
A 1480688826532 3.0674512 -1.5693994 -8.968919
A 1480688826733 3.0937874 -1.5741878 -9.050323
A 1480688826933 3.088999 -1.5622168 -8.990467
A 1480688827133 3.053086 -1.4999675 -9.007227
A 1480688827334 3.0578744 -1.5957355 -9.081447
A 1480688827535 3.0842106 -1.5143327 -9.007227
A 1480688827736 3.0578744 -1.5622168 -9.004832
A 1480688827934 3.0842106 -1.5502458 -8.971313
A 1480688828129 3.1081526 -1.5598226 -9.026381
A 1480688828334 3.0818164 -1.576582 -9.004832
A 1480688828535 3.0387208 -1.5693994 -8.985679
A 1480688828735 3.0985758 -1.5837646 -8.949765
A 1480688828933 3.0961816 -1.5382748 -9.047928
A 1480688829133 2.9836543 -1.5358806 -9.004832
A 1480688829333 2.9956253 -1.4760255 -9.000044
A 1480688829534 3.2087092 -1.55264 -9.016804
A 1480688829734 3.0842106 -1.4664487 -9.064688
A 1480688829935 2.9860485 -1.6053123 -8.944977
A 1480688830133 3.10097 -1.5263038 -9.021592
A 1480688830333 3.0746338 -1.5358806 -9.021592
A 1480688830532 3.0123847 -1.519121 -8.976102
A 1480688830735 3.0698454 -1.5670052 -9.000044
A 1480688830935 3.0842106 -1.5502458 -9.019197
A 1480688831133 3.0842106 -1.5502458 -9.08863
A 1480688831329 3.0626628 -1.5813704 -9.009621
A 1480688831533 3.0746338 -1.5454574 -8.928218
A 1480688831735 3.0866048 -1.5909472 -8.968919
A 1480688831935 3.0913932 -1.5478516 -8.971313
A 1480688832133 3.0602686 -1.5502458 -9.002439
A 1480688832333 3.0961816 -1.5143327 -9.021592
A 1480688832534 3.0842106 -1.5574284 -8.99765
A 1480688832735 3.112941 -1.5358806 -8.992861
A 1480688832934 3.0626628 -1.5430632 -8.978496
A 1480688833132 3.0626628 -1.5741878 -9.014409
A 1480688833332 3.1225178 -1.5334864 -8.973707
A 1480688833533 3.0674512 -1.5143327 -8.992861
A 1480688833733 3.0842106 -1.540669 -8.988072
A 1480688833935 3.10097 -1.5574284 -9.002439
A 1480688834133 3.0818164 -1.5789762 -8.985679
A 1480688834334 3.088999 -1.528698 -9.028774
A 1480688834529 3.0746338 -1.5693994 -9.045534
A 1480688834733 3.053086 -1.5837646 -8.961737
A 1480688834934 3.0339324 -1.5837646 -9.035957
A 1480688835133 3.0794222 -1.5957355 -9.047928
A 1480688835335 3.0506918 -1.5957355 -8.96413
A 1480688835534 3.0866048 -1.6675617 -8.990467
A 1480688835736 3.1608253 -1.5909472 -8.959342
A 1480688835935 3.0961816 -1.5023617 -9.002439
A 1480688836133 3.0554802 -1.588553 -9.083841
A 1480688836334 3.0818164 -1.5909472 -8.995255
A 1480688836535 3.1297004 -1.540669 -9.019197
A 1480688836733 3.1751904 -1.5837646 -8.918641
A 1480688836932 3.1177294 -1.5334864 -9.023986
A 1480688837132 3.0937874 -1.5215154 -8.95216
A 1480688837332 3.0626628 -1.5622168 -8.954554
A 1480688837533 3.1081526 -1.5670052 -9.007227
A 1480688837735 3.065057 -1.55264 -8.930612
A 1480688837934 3.0818164 -1.5861588 -9.028774
A 1480688838133 3.0554802 -1.519121 -9.021592
A 1480688838333 3.1344888 -1.660379 -9.004832
A 1480688838535 3.1991324 -1.5430632 -9.021592
A 1480688838735 3.065057 -1.5550342 -8.968919
A 1480688838934 3.0387208 -1.5263038 -8.99765
A 1480688839133 3.0722396 -1.5957355 -9.019197
A 1480688839333 3.1225178 -1.5717936 -9.069476
A 1480688839533 3.0866048 -1.5334864 -8.968919
A 1480688839733 3.0961816 -1.5382748 -9.014409
A 1480688839932 3.1225178 -1.5741878 -9.038351
A 1480688840129 3.1057584 -1.5215154 -9.038351
A 1480688840332 3.088999 -1.5789762 -9.045534
A 1480688840532 3.0937874 -1.5550342 -9.062293
A 1480688840732 3.0602686 -1.564611 -8.944977
A 1480688840930 3.0315382 -1.576582 -9.028774
A 1480688841132 3.0842106 -1.5263038 -8.9473715
A 1480688841332 3.1225178 -1.6220717 -8.976102
A 1480688841531 3.0794222 -1.55264 -9.047928
A 1480688841733 3.1081526 -1.5957355 -8.9354
A 1480688841932 3.0554802 -1.5693994 -9.009621
A 1480688842131 3.10097 -1.5670052 -8.949765
A 1480688842332 3.1320946 -1.5550342 -8.9473715
A 1480688842532 3.1033642 -1.564611 -8.966525
A 1480688842732 3.1105468 -1.5550342 -8.916246
A 1480688842932 3.1273062 -1.5813704 -9.045534
A 1480688843132 3.0842106 -1.5143327 -9.016804
A 1480688843332 3.0602686 -1.5670052 -8.988072
A 1480688843532 3.1225178 -1.5933414 -8.959342
A 1480688843732 3.0746338 -1.6101007 -9.002439
A 1480688843932 3.088999 -1.5622168 -9.028774
A 1480688844129 3.088999 -1.5574284 -8.990467
A 1480688844332 3.0818164 -1.5933414 -8.988072
A 1480688844532 3.10097 -1.588553 -8.9354
A 1480688844733 3.0937874 -1.612495 -8.990467
A 1480688844931 3.1344888 -1.5670052 -8.973707
A 1480688845135 3.136883 -1.600524 -8.973707
A 1480688845330 3.1201236 -1.5861588 -8.99765
A 1480688845529 3.1344888 -1.5382748 -8.995255
A 1480688845735 3.1033642 -1.5789762 -8.995255
A 1480688845934 3.0626628 -1.564611 -8.937795
A 1480688846133 3.0866048 -1.5837646 -9.009621
A 1480688846335 3.1153352 -1.55264 -8.995255
A 1480688846534 3.1177294 -1.576582 -9.035957
A 1480688846735 3.0937874 -1.5813704 -8.968919
A 1480688846934 3.0746338 -1.5957355 -8.983284
A 1480688847133 3.088999 -1.528698 -9.002439
A 1480688847331 3.1153352 -1.6053123 -8.98089
A 1480688847534 3.088999 -1.5741878 -8.959342
A 1480688847733 3.0913932 -1.600524 -9.035957
A 1480688847932 3.0674512 -1.600524 -9.014409
A 1480688848132 3.1105468 -1.5789762 -8.990467
A 1480688848334 3.10097 -1.5263038 -9.035957
A 1480688848536 3.1560366 -1.5741878 -9.012015
A 1480688848735 3.10097 -1.5574284 -9.000044
A 1480688848933 3.0674512 -1.564611 -9.035957
A 1480688849133 3.0985758 -1.5813704 -8.985679
A 1480688849333 3.0842106 -1.576582 -9.002439
A 1480688849533 3.0866048 -1.5215154 -9.026381
A 1480688849733 3.0722396 -1.5622168 -8.954554
A 1480688849934 3.0866048 -1.5789762 -9.028774
A 1480688850133 3.1081526 -1.564611 -9.026381
A 1480688850334 3.0985758 -1.5430632 -9.023986
A 1480688850529 3.1153352 -1.5837646 -8.976102
A 1480688850735 3.0626628 -1.5837646 -8.98089
A 1480688850934 3.0866048 -1.5598226 -8.956948
A 1480688851133 3.1081526 -1.564611 -9.033563
A 1480688851335 3.124912 -1.4879965 -8.961737
A 1480688851529 3.0913932 -1.5622168 -8.99765
A 1480688851732 3.0267498 -1.5789762 -8.983284
A 1480688851933 3.0818164 -1.5717936 -9.012015
A 1480688852154 3.1201236 -1.612495 -8.985679
A 1480688852354 3.0459034 -1.519121 -9.062293
A 1480688852557 3.029144 -1.5478516 -9.021592
A 1480688852766 3.053086 -1.5574284 -8.973707
A 1480688852965 3.0818164 -1.5382748 -8.9473715
A 1480688853164 3.065057 -1.576582 -8.98089
A 1480688853363 3.1656137 -1.540669 -8.971313
A 1480688853559 3.0818164 -1.5550342 -8.976102
A 1480688853769 3.0722396 -1.5215154 -9.014409
A 1480688853972 3.0866048 -1.5550342 -8.985679
A 1480688854270 3.0435092 -1.564611 -8.971313
A 1480688854473 3.1440656 -1.5215154 -8.978496
A 1480688854672 3.0746338 -1.5789762 -9.083841
A 1480688854873 3.0937874 -1.6101007 -9.026381
A 1480688855072 3.148854 -1.6316485 -9.002439
A 1480688855273 3.077028 -1.5741878 -9.043139
A 1480688855468 3.1320946 -1.6053123 -9.012015
A 1480688855671 3.0626628 -1.5813704 -8.985679
A 1480688855869 3.0913932 -1.5861588 -9.038351
A 1480688856073 3.0866048 -1.576582 -8.983284
A 1480688856274 3.10097 -1.5670052 -9.031169
A 1480688856473 3.0482976 -1.5933414 -9.004832
A 1480688856672 3.0626628 -1.55264 -8.976102
A 1480688856875 3.088999 -1.564611 -9.009621
A 1480688857074 3.0554802 -1.5670052 -8.978496
A 1480688857274 3.0913932 -1.5598226 -9.007227
A 1480688857473 3.077028 -1.5502458 -9.009621
A 1480688857675 3.0961816 -1.5670052 -8.988072
A 1480688857874 3.1033642 -1.5622168 -8.968919
A 1480688858075 3.1344888 -1.5717936 -8.978496
A 1480688858274 3.065057 -1.5981297 -8.949765
A 1480688858473 3.0842106 -1.5358806 -9.019197
A 1480688858674 3.0913932 -1.5933414 -9.059899
A 1480688858873 2.98126 -1.576582 -8.990467
A 1480688859070 3.0698454 -1.5550342 -9.047928
A 1480688859274 3.1105468 -1.5550342 -8.976102
A 1480688859474 3.0985758 -1.5693994 -9.028774
A 1480688859675 3.1727962 -1.5789762 -8.983284
A 1480688859874 3.0818164 -1.55264 -9.031169
A 1480688860074 3.0842106 -1.5670052 -9.057505
A 1480688860273 3.0602686 -1.5239096 -9.000044
A 1480688860474 3.088999 -1.5239096 -8.990467
A 1480688860675 3.0937874 -1.5861588 -8.944977
A 1480688860874 3.1081526 -1.5215154 -8.973707
A 1480688861072 3.0123847 -1.6077065 -8.983284
A 1480688861274 3.0435092 -1.528698 -8.933006
A 1480688861471 3.0985758 -1.5239096 -8.995255
A 1480688861673 3.1416714 -1.6771384 -9.000044
A 1480688861874 2.9956253 -1.5215154 -8.956948
A 1480688862074 3.1680079 -1.5933414 -8.954554
A 1480688862271 3.0985758 -1.5263038 -8.95216
A 1480688862473 3.005202 -1.5717936 -9.012015
A 1480688862675 3.2206802 -1.4065937 -8.913853
A 1480688862874 3.206315 -1.576582 -8.944977
A 1480688863074 2.9836543 -1.4903907 -8.944977
A 1480688863273 3.0435092 -1.5263038 -8.944977
A 1480688863472 3.0674512 -1.5670052 -9.012015
A 1480688863675 3.1297004 -1.5598226 -9.014409
A 1480688863873 3.0554802 -1.5598226 -8.978496
A 1480688864074 3.1105468 -1.612495 -9.062293
A 1480688864273 3.1033642 -1.5909472 -8.959342
A 1480688864473 3.0961816 -1.5478516 -8.968919
A 1480688864673 3.136883 -1.6148891 -8.98089
A 1480688864874 3.0602686 -1.4592661 -8.995255
A 1480688865073 3.0818164 -1.5598226 -9.007227
A 1480688865273 3.1632195 -1.576582 -9.043139
A 1480688865471 3.0961816 -1.5933414 -8.973707
A 1480688865674 3.1105468 -1.50715 -8.954554
A 1480688865874 3.0243556 -1.6531965 -9.014409
A 1480688866074 3.1057584 -1.5454574 -9.035957
A 1480688866273 3.0674512 -1.5909472 -9.069476
A 1480688866473 3.1177294 -1.528698 -8.954554
A 1480688866671 3.0937874 -1.5813704 -9.055111
A 1480688866873 3.0602686 -1.588553 -9.026381
A 1480688867074 3.0482976 -1.5717936 -8.954554
A 1480688867273 3.1201236 -1.5430632 -8.976102
A 1480688867471 3.0626628 -1.5598226 -9.057505
A 1480688867674 3.0866048 -1.4927849 -8.954554
A 1480688867873 3.0435092 -1.5622168 -9.067081
A 1480688868075 3.088999 -1.5933414 -9.016804
A 1480688868273 3.1320946 -1.6101007 -9.047928
A 1480688868473 3.1416714 -1.5717936 -8.9234295
A 1480688868670 3.0435092 -1.6699558 -9.076658
A 1480688868874 3.005202 -1.5334864 -9.045534
A 1480688869074 3.0123847 -1.5981297 -9.016804
A 1480688869273 3.10097 -1.540669 -9.021592
A 1480688869473 3.124912 -1.4975733 -9.064688
A 1480688869675 3.0506918 -1.6196775 -9.004832
A 1480688869875 3.158431 -1.5143327 -9.012015
A 1480688870074 3.017173 -1.4664487 -8.959342
A 1480688870273 3.0195673 -1.5478516 -8.99765
A 1480688870473 3.0387208 -1.6436197 -8.976102
A 1480688870673 3.0913932 -1.5598226 -9.019197
A 1480688870872 3.1464598 -1.5095443 -9.033563
A 1480688871072 3.1536424 -1.4879965 -8.98089
A 1480688871273 3.0985758 -1.5981297 -8.990467
A 1480688871474 3.0075963 -1.600524 -8.98089
A 1480688871674 3.0626628 -1.5430632 -8.978496
A 1480688871869 3.0794222 -1.5670052 -9.021592
A 1480688872073 3.005202 -1.6364369 -9.059899
A 1480688872273 3.1201236 -1.519121 -9.043139
A 1480688872473 3.1105468 -1.5358806 -8.99765
A 1480688872675 3.0985758 -1.4832081 -8.968919
A 1480688872874 2.98126 -1.4856023 -8.913853
A 1480688873074 3.1201236 -1.6101007 -8.9473715
A 1480688873273 3.1177294 -1.5478516 -8.992861
A 1480688873473 3.1033642 -1.55264 -8.909064
A 1480688873675 3.0937874 -1.5837646 -8.9354
A 1480688873872 3.1057584 -1.5717936 -9.067081
A 1480688874072 3.0818164 -1.612495 -9.081447
A 1480688874273 3.148854 -1.528698 -9.021592
A 1480688874473 3.2158918 -1.5550342 -8.978496
A 1480688874674 3.0698454 -1.5358806 -9.026381
A 1480688874874 3.0554802 -1.624466 -9.064688
A 1480688875073 3.0818164 -1.6172833 -9.028774
A 1480688875273 3.170402 -1.5574284 -8.968919
A 1480688875473 3.0866048 -1.4999675 -8.961737
A 1480688875674 3.0315382 -1.5430632 -9.009621
A 1480688875873 3.0482976 -1.5263038 -8.99765
A 1480688876073 3.1057584 -1.5741878 -8.995255
A 1480688876273 3.0961816 -1.5334864 -9.000044
A 1480688876473 3.0267498 -1.5622168 -8.98089
A 1480688876674 3.0459034 -1.5454574 -9.004832
A 1480688876874 3.0746338 -1.5909472 -9.055111
A 1480688877074 3.0339324 -1.5598226 -9.040746
A 1480688877270 3.10097 -1.5574284 -8.954554
A 1480688877474 3.0913932 -1.588553 -9.055111
A 1480688877675 3.1081526 -1.4999675 -9.035957
A 1480688877872 3.065057 -1.6412253 -8.956948
A 1480688878073 3.1033642 -1.5598226 -9.033563
A 1480688878274 3.077028 -1.5789762 -9.069476
A 1480688878476 3.088999 -1.5837646 -8.988072
A 1480688878674 3.077028 -1.5334864 -9.021592
A 1480688878874 3.088999 -1.5813704 -9.012015
A 1480688879073 3.0578744 -1.5430632 -9.028774
A 1480688879273 3.0866048 -1.5622168 -9.045534
A 1480688879475 2.9477413 -1.5789762 -9.040746
A 1480688879674 3.2206802 -1.660379 -9.019197
A 1480688879874 3.053086 -1.4975733 -8.99765
A 1480688880073 3.1057584 -1.5358806 -9.074265
A 1480688880273 3.0004137 -1.6388311 -8.971313
A 1480688880469 3.2111034 -1.5957355 -8.954554
A 1480688880673 2.7729645 -1.2844894 -8.933006
A 1480688880873 3.0339324 -1.4257473 -9.083841
A 1480688881077 3.1392772 -1.720234 -9.033563
A 1480688881283 2.670014 -1.4185647 -9.08863
A 1480688881483 3.2278628 -1.4975733 -8.86118
A 1480688881687 3.1392772 -1.5310922 -8.995255
A 1480688881894 3.5008018 -1.6172833 -8.825267
A 1480688882094 3.0961816 -1.4856023 -9.040746
A 1480688882293 3.290112 -1.5717936 -9.107783
A 1480688882492 3.467283 -1.50715 -8.624154
A 1480688882695 2.3348255 -1.4113821 -9.610565
A 1480688882894 3.0099905 -1.5478516 -9.021592
A 1480688883094 3.4696772 -1.5598226 -8.784566
A 1480688883293 2.7897239 -1.50715 -9.213128
A 1480688883495 3.2087092 -1.6699558 -8.988072
A 1480688883691 3.0004137 -1.55264 -9.012015
A 1480688883894 3.0315382 -1.5861588 -8.983284
A 1480688884094 3.0961816 -1.5909472 -8.995255
A 1480688884293 3.1847672 -1.624466 -8.968919
A 1480688884494 3.1177294 -1.576582 -9.052716
A 1480688884695 3.017173 -1.5310922 -9.043139
A 1480688884893 3.0578744 -1.5502458 -8.995255
A 1480688885093 3.0842106 -1.5861588 -9.019197
A 1480688885293 3.0363266 -1.5263038 -8.990467
A 1480688885494 3.2230744 -1.5215154 -8.983284
A 1480688885693 3.088999 -1.528698 -9.002439
A 1480688885892 2.851973 -1.6053123 -9.021592
A 1480688886094 3.206315 -1.5119385 -8.966525
A 1480688886294 3.0913932 -1.5047559 -9.009621
A 1480688886494 3.0075963 -1.5837646 -9.007227
A 1480688886695 3.053086 -1.5550342 -9.031169
A 1480688886889 3.0099905 -1.5454574 -8.992861
A 1480688887093 3.077028 -1.5263038 -8.995255
A 1480688887294 3.0363266 -1.5263038 -9.012015
A 1480688887492 3.065057 -1.5981297 -9.016804
A 1480688887693 3.0985758 -1.5717936 -8.985679
A 1480688887892 3.0794222 -1.6436197 -9.081447
A 1480688888094 3.0195673 -1.6579849 -8.940188
A 1480688888294 3.0818164 -1.5693994 -8.985679
A 1480688888494 3.254199 -1.6077065 -8.968919
A 1480688888695 3.0937874 -1.5334864 -8.99765
A 1480688888893 3.0459034 -1.6196775 -9.021592
A 1480688889094 2.9142225 -1.612495 -9.031169
A 1480688889294 3.0004137 -1.6915036 -9.059899
A 1480688889495 2.875915 -1.7848775 -8.96413
A 1480688889693 2.8902802 -1.720234 -9.014409
A 1480688889893 3.0004137 -1.8782513 -8.99765
A 1480688890089 3.0602686 -2.0027497 -9.162849
A 1480688890294 3.0459034 -1.8878282 -8.925823
A 1480688890494 3.0435092 -1.8447325 -9.07187
A 1480688890694 3.0435092 -1.8136079 -8.942583
A 1480688890894 3.1153352 -1.7537528 -8.954554
A 1480688891094 3.029144 -1.7034746 -8.937795
A 1480688891294 3.2685642 -1.6436197 -8.916246
A 1480688891494 3.0004137 -1.5957355 -9.023986
A 1480688891695 3.2134976 -1.777695 -8.904276
A 1480688891894 3.1105468 -1.6388311 -9.004832
A 1480688892093 3.1608253 -1.6029181 -8.870757
A 1480688892294 3.1751904 -1.660379 -8.992861
A 1480688892494 3.2278628 -1.6915036 -8.897093
A 1480688892695 3.0746338 -1.6436197 -8.990467
A 1480688892894 3.230257 -1.684321 -9.021592
A 1480688893094 3.1320946 -1.6651675 -8.983284
A 1480688893289 3.1727962 -1.6915036 -8.949765
A 1480688893495 3.0578744 -1.6316485 -8.985679
A 1480688893695 3.2565932 -1.6531965 -8.944977
A 1480688893894 3.065057 -1.6915036 -8.976102
A 1480688894093 3.2949004 -1.6747442 -8.8994875
A 1480688894294 3.0459034 -1.7609354 -8.925823
A 1480688894496 3.2278628 -1.624466 -9.004832
A 1480688894695 3.0794222 -1.5981297 -8.921035
A 1480688894894 3.3116598 -1.6555907 -8.9234295
A 1480688895093 3.1105468 -1.6388311 -9.021592
A 1480688895294 3.1440656 -1.6531965 -8.959342
A 1480688895494 3.124912 -1.6795326 -8.942583
A 1480688895692 3.2254686 -1.6579849 -8.930612
A 1480688895894 3.1751904 -1.6029181 -8.966525
A 1480688896093 3.3523612 -1.6651675 -8.909064
A 1480688896293 3.158431 -1.7513586 -9.009621
A 1480688896489 3.2230744 -1.6867152 -8.90667
A 1480688896695 3.2398338 -1.720234 -8.887516
A 1480688896894 3.2685642 -1.6771384 -8.904276
A 1480688897092 3.2254686 -1.6938978 -8.944977
A 1480688897294 3.2494106 -1.708263 -8.8755455
A 1480688897492 3.182373 -1.6986862 -8.942583
A 1480688897696 3.2637758 -1.6651675 -8.887516
A 1480688897894 3.254199 -1.732205 -8.913853
A 1480688898092 3.1608253 -1.7298108 -8.913853
A 1480688898293 3.206315 -1.7154456 -8.992861
A 1480688898494 3.2230744 -1.6819268 -8.806113
A 1480688898693 3.1560366 -1.6436197 -8.9234295
A 1480688898893 3.2278628 -1.7417818 -8.942583
A 1480688899092 3.2637758 -1.7489644 -8.916246
A 1480688899294 3.0698454 -1.6316485 -8.942583
A 1480688899494 3.2206802 -1.6412253 -8.81569
A 1480688899690 3.1512482 -1.660379 -8.9354
A 1480688899893 3.1608253 -1.6627733 -8.983284
A 1480688900095 3.1680079 -1.6867152 -8.99765
A 1480688900294 3.1560366 -1.6891094 -8.9473715
A 1480688900493 3.1727962 -1.8495209 -8.916246
A 1480688900694 3.1727962 -1.6915036 -8.992861
A 1480688900893 3.1081526 -1.6819268 -8.973707
A 1480688901094 3.1775846 -1.7154456 -8.992861
A 1480688901291 3.1201236 -1.6675617 -8.973707
A 1480688901491 3.278141 -1.7298108 -8.985679
A 1480688901695 3.0459034 -1.6986862 -9.007227
A 1480688901895 3.2398338 -1.6436197 -8.901881
A 1480688902094 3.1297004 -1.6938978 -8.983284
A 1480688902294 3.1201236 -1.6053123 -8.985679
A 1480688902494 3.1967382 -1.6795326 -8.985679
A 1480688902695 3.1632195 -1.6699558 -8.956948
A 1480688902891 3.1392772 -1.7058688 -8.9473715
A 1480688903095 3.148854 -1.660379 -8.892304
A 1480688903293 3.1344888 -1.6747442 -8.9354
A 1480688903492 3.136883 -1.6819268 -8.99765
A 1480688903693 3.2087092 -1.6268601 -8.99765
A 1480688903894 3.1512482 -1.6460139 -8.99765
A 1480688904089 3.148854 -1.6508023 -9.023986
A 1480688904291 3.1464598 -1.6508023 -9.014409
A 1480688904493 3.1680079 -1.6986862 -8.96413
A 1480688904693 3.1297004 -1.6747442 -8.973707
A 1480688904894 3.1464598 -1.720234 -8.949765
A 1480688905094 3.1871614 -1.6316485 -8.921035
A 1480688905294 3.1153352 -1.7824833 -8.940188
A 1480688905493 3.1297004 -1.6819268 -8.971313
A 1480688905694 3.1201236 -1.6292543 -8.95216
A 1480688905894 3.1632195 -1.6986862 -8.973707
A 1480688906090 3.1177294 -1.684321 -8.9473715
A 1480688906294 3.1560366 -1.6531965 -8.949765
A 1480688906492 3.1680079 -1.6340427 -8.940188
A 1480688906693 3.1273062 -1.6412253 -9.023986
A 1480688906893 3.1201236 -1.708263 -9.009621
A 1480688907094 3.158431 -1.6388311 -9.014409
A 1480688907294 3.1392772 -1.6340427 -9.007227
A 1480688907494 3.1464598 -1.6531965 -8.956948
A 1480688907693 3.1320946 -1.660379 -8.96413
A 1480688907896 3.1751904 -1.6771384 -9.012015
A 1480688908099 3.1225178 -1.6460139 -8.995255
A 1480688908299 3.1416714 -1.6436197 -8.99765
A 1480688908502 3.1392772 -1.6029181 -8.992861
A 1480688908705 3.1727962 -1.6101007 -8.973707
A 1480688908903 3.1416714 -1.660379 -8.930612
A 1480688909103 3.1392772 -1.6651675 -8.940188
A 1480688909301 3.158431 -1.6938978 -8.990467
A 1480688909502 3.1297004 -1.684321 -8.949765
A 1480688909704 3.1895556 -1.6819268 -8.90667
A 1480688909904 3.1560366 -1.648408 -8.911458
A 1480688910105 3.1775846 -1.6986862 -8.961737
A 1480688910299 3.1105468 -1.7226282 -8.966525
A 1480688910503 3.1344888 -1.6268601 -8.973707
A 1480688910702 3.124912 -1.696292 -9.035957
A 1480688910902 3.1680079 -1.6795326 -8.918641
A 1480688911103 3.1392772 -1.6340427 -8.961737
A 1480688911304 3.170402 -1.6747442 -8.99765
A 1480688911502 3.1608253 -1.6388311 -8.918641
A 1480688911702 3.1273062 -1.6915036 -8.909064
A 1480688911904 3.1392772 -1.7010804 -8.918641
A 1480688912104 3.206315 -1.6699558 -8.894699
A 1480688912304 3.1727962 -1.6938978 -8.921035
A 1480688912503 3.230257 -1.6986862 -9.028774
A 1480688912703 3.242228 -1.684321 -8.870757
A 1480688912904 3.1775846 -1.6747442 -8.928218
A 1480688913104 3.2350454 -1.6747442 -8.894699
A 1480688913304 3.2254686 -1.6915036 -8.916246
A 1480688913499 3.2087092 -1.6867152 -8.985679
A 1480688913702 3.1991324 -1.6747442 -8.937795
A 1480688913900 3.2446222 -1.7489644 -8.9473715
A 1480688914102 3.2398338 -1.7034746 -9.000044
A 1480688914302 3.1847672 -1.7393876 -8.916246
A 1480688914501 3.278141 -1.6938978 -8.921035
A 1480688914702 3.1895556 -1.7034746 -8.940188
A 1480688914902 3.2613816 -1.684321 -8.9234295
A 1480688915101 3.2158918 -1.6938978 -8.918641
A 1480688915302 3.2254686 -1.6986862 -8.889911
A 1480688915498 3.2374396 -1.7058688 -8.949765
A 1480688915701 3.2326512 -1.6819268 -9.012015
A 1480688915903 3.2374396 -1.6771384 -8.944977
A 1480688916103 3.2589874 -1.6579849 -8.930612
A 1480688916303 3.2326512 -1.6771384 -8.944977
A 1480688916505 3.242228 -1.708263 -8.954554
A 1480688916701 3.2877178 -1.684321 -8.889911
A 1480688916903 3.206315 -1.7034746 -8.937795
A 1480688917105 3.2111034 -1.7010804 -8.937795
A 1480688917304 3.2374396 -1.6867152 -8.973707
A 1480688917505 3.2254686 -1.6891094 -8.8994875
A 1480688917704 3.2158918 -1.7226282 -8.913853
A 1480688917902 3.2230744 -1.7034746 -8.90667
A 1480688918104 3.2470164 -1.708263 -8.865969
A 1480688918304 3.2350454 -1.6986862 -9.002439
A 1480688918505 3.2565932 -1.6986862 -8.885122
A 1480688918701 3.2158918 -1.6867152 -8.9234295
A 1480688918902 3.1919498 -1.7274166 -8.9354
A 1480688919102 3.2589874 -1.7513586 -8.933006
A 1480688919302 3.1919498 -1.7298108 -8.988072
A 1480688919502 3.2278628 -1.6938978 -8.956948
A 1480688919699 3.1991324 -1.6819268 -8.9473715
A 1480688919901 3.170402 -1.6579849 -8.966525
A 1480688920102 3.1871614 -1.6891094 -8.9354
A 1480688920304 3.1680079 -1.6699558 -8.909064
A 1480688920502 3.2111034 -1.5334864 -8.978496
A 1480688920703 3.1273062 -1.7130514 -8.897093
A 1480688920903 3.2278628 -1.6819268 -8.911458
A 1480688921101 3.1440656 -1.6053123 -9.009621
A 1480688921304 3.302083 -1.7753007 -8.873151
A 1480688921501 3.0506918 -1.6340427 -8.942583
A 1480688921704 3.1991324 -1.6436197 -8.928218
A 1480688921901 3.2398338 -1.6819268 -8.928218
A 1480688922102 3.1751904 -1.6196775 -8.973707
A 1480688922304 3.1847672 -1.6986862 -8.978496
A 1480688922503 3.2087092 -1.684321 -8.913853
A 1480688922704 3.1775846 -1.6747442 -8.918641
A 1480688922903 3.1536424 -1.756147 -8.976102
A 1480688923100 3.1775846 -1.7417818 -8.925823
A 1480688923303 3.2278628 -1.7298108 -8.978496
A 1480688923503 3.2158918 -1.6531965 -8.892304
A 1480688923703 3.206315 -1.6699558 -8.911458
A 1480688923903 3.1919498 -1.6699558 -8.937795
A 1480688924102 3.1967382 -1.6508023 -8.930612
A 1480688924299 3.1775846 -1.6938978 -8.909064
A 1480688924503 3.2230744 -1.7154456 -8.9354
A 1480688924704 3.2039208 -1.7154456 -8.954554
A 1480688924903 3.1871614 -1.6531965 -8.913853
A 1480688925105 3.1991324 -1.648408 -8.961737
A 1480688925306 3.1608253 -1.720234 -8.992861
A 1480688925502 3.2087092 -1.6891094 -8.978496
A 1480688925703 3.218286 -1.7369934 -8.865969
A 1480688925903 3.206315 -1.7130514 -8.911458
A 1480688926103 3.1632195 -1.6795326 -8.96413
A 1480688926301 3.1512482 -1.6388311 -8.971313
A 1480688926501 3.2326512 -1.6555907 -8.98089
A 1480688926704 3.1967382 -1.7034746 -8.978496
A 1480688926905 3.2230744 -1.67235 -8.940188
A 1480688927104 3.1871614 -1.6915036 -8.901881
A 1480688927299 3.1799788 -1.696292 -8.909064
A 1480688927503 3.1799788 -1.6915036 -8.9354
A 1480688927704 3.2111034 -1.624466 -9.000044
A 1480688927904 3.1871614 -1.6891094 -8.925823
A 1480688928104 3.218286 -1.67235 -8.933006
A 1480688928303 3.2039208 -1.684321 -8.925823
A 1480688928505 3.194344 -1.684321 -8.940188
A 1480688928704 3.2518048 -1.660379 -8.873151
A 1480688928904 3.2230744 -1.6699558 -8.877939
A 1480688929103 3.1967382 -1.7106572 -8.916246
A 1480688929301 3.2254686 -1.6555907 -8.90667
A 1480688929501 3.1871614 -1.6819268 -8.916246
A 1480688929703 3.2039208 -1.6675617 -8.966525
A 1480688929903 3.2613816 -1.7058688 -8.9473715
A 1480688930105 3.2206802 -1.6795326 -8.98089
A 1480688930303 3.2087092 -1.720234 -8.956948
A 1480688930505 3.242228 -1.6555907 -8.976102
A 1480688930703 3.2111034 -1.6508023 -8.940188
A 1480688930904 3.1871614 -1.6699558 -9.019197
A 1480688931104 3.182373 -1.6915036 -8.961737
A 1480688931303 3.1799788 -1.6819268 -8.954554
A 1480688931503 3.2039208 -1.7250224 -8.949765
A 1480688931703 3.2111034 -1.7034746 -8.968919
A 1480688931903 3.1871614 -1.6651675 -9.012015
A 1480688932104 3.1895556 -1.6938978 -8.904276
A 1480688932304 3.1656137 -1.6747442 -8.976102
A 1480688932503 3.2134976 -1.6795326 -8.940188
A 1480688932699 3.1560366 -1.7250224 -8.954554
A 1480688932903 3.1871614 -1.7178398 -8.921035
A 1480688933103 3.2015266 -1.696292 -8.95216
A 1480688933304 3.2111034 -1.6675617 -8.921035
A 1480688933504 3.206315 -1.7058688 -8.889911
A 1480688933703 3.206315 -1.6699558 -8.985679
A 1480688933903 3.1919498 -1.6747442 -8.9473715
A 1480688934105 3.170402 -1.6819268 -8.96413
A 1480688934305 3.2134976 -1.6747442 -8.889911
A 1480688934505 3.1751904 -1.6699558 -8.933006
A 1480688934703 3.1680079 -1.6819268 -8.942583
A 1480688934904 3.2374396 -1.6771384 -8.928218
A 1480688935104 3.158431 -1.67235 -8.96413
A 1480688935305 3.1919498 -1.7130514 -8.942583
A 1480688935503 3.1895556 -1.6795326 -8.9354
A 1480688935703 3.1751904 -1.6460139 -9.012015
A 1480688935901 3.1799788 -1.67235 -9.009621
A 1480688936105 3.1751904 -1.6915036 -8.911458
A 1480688936304 3.1967382 -1.6747442 -8.9354
A 1480688936505 3.1464598 -1.6938978 -8.976102
A 1480688936702 3.1991324 -1.6699558 -8.961737
A 1480688936904 3.1560366 -1.660379 -8.968919
A 1480688937103 3.1895556 -1.684321 -9.009621
A 1480688937304 3.3595438 -1.6196775 -8.904276
A 1480688937502 2.969289 -1.588553 -9.040746
A 1480688937705 3.2158918 -1.6412253 -9.007227
A 1480688937904 3.2278628 -1.6915036 -8.956948
A 1480688938105 3.218286 -1.5550342 -8.918641
A 1480688938304 3.2685642 -1.7106572 -8.954554
A 1480688938502 3.1057584 -1.6986862 -8.944977
A 1480688938705 3.242228 -1.6460139 -8.909064
A 1480688938904 3.230257 -1.6819268 -8.8276615
A 1480688939101 3.1751904 -1.7345992 -8.966525
A 1480688939304 3.1680079 -1.6938978 -8.954554
A 1480688939505 3.2565932 -1.6412253 -8.8994875
A 1480688939704 3.136883 -1.6101007 -9.031169
A 1480688939904 3.361938 -1.8016369 -8.901881
A 1480688940104 3.1871614 -1.7489644 -8.949765
A 1480688940304 3.2494106 -1.6148891 -8.837238
A 1480688940505 3.136883 -1.5741878 -9.047928
A 1480688940703 3.2278628 -1.7537528 -8.930612
A 1480688940906 3.182373 -1.7465702 -8.863574
A 1480688941104 3.2039208 -1.7034746 -8.9473715
A 1480688941304 3.2637758 -1.67235 -8.887516
A 1480688941501 3.1727962 -1.6986862 -8.887516
A 1480688941705 3.2374396 -1.6627733 -8.954554
A 1480688941904 3.2398338 -1.6819268 -8.961737
A 1480688942104 3.2087092 -1.6795326 -8.873151
A 1480688942301 3.2111034 -1.708263 -9.004832
A 1480688942502 3.2134976 -1.6627733 -8.9473715
A 1480688942705 3.2326512 -1.6771384 -8.877939
A 1480688942905 3.1320946 -1.5574284 -8.99765
A 1480688943104 3.254199 -1.7154456 -8.921035
A 1480688943304 3.1033642 -1.7178398 -9.035957
A 1480688943502 3.26617 -1.7298108 -8.968919
A 1480688943702 3.1033642 -1.624466 -9.026381
A 1480688943904 3.2518048 -1.6364369 -9.019197
A 1480688944105 3.1919498 -1.7345992 -8.96413
A 1480688944303 3.1775846 -1.744176 -8.9354
A 1480688944504 3.2278628 -1.6915036 -8.918641
A 1480688944703 3.2374396 -1.7226282 -8.897093
A 1480688944903 3.2565932 -1.7369934 -8.897093
A 1480688945104 3.2254686 -1.744176 -8.949765
A 1480688945303 3.1751904 -1.7250224 -8.921035
A 1480688945501 3.2039208 -1.6220717 -8.96413
A 1480688945704 3.2470164 -1.744176 -8.961737
A 1480688945904 3.1680079 -1.696292 -8.973707
A 1480688946105 3.1847672 -1.6867152 -8.944977
A 1480688946304 3.2039208 -1.6555907 -8.918641
A 1480688946504 3.2757468 -1.67235 -8.863574
A 1480688946702 3.136883 -1.6364369 -8.968919
A 1480688946904 3.2158918 -1.67235 -8.928218
A 1480688947104 3.2350454 -1.6388311 -8.894699
A 1480688947304 3.1656137 -1.6340427 -8.916246
A 1480688947503 3.2134976 -1.624466 -8.925823
A 1480688947703 3.2805352 -1.6867152 -8.930612
A 1480688947903 3.158431 -1.6364369 -8.988072
A 1480688948104 3.0937874 -1.7106572 -9.016804
A 1480688948305 3.136883 -1.6915036 -8.940188
A 1480688948502 3.2350454 -1.5670052 -8.84442
A 1480688948701 3.2613816 -1.6555907 -8.95216
A 1480688948903 3.0842106 -1.684321 -8.863574
A 1480688949105 3.1536424 -1.732205 -8.99765
A 1480688949305 3.254199 -1.6531965 -8.976102
A 1480688949504 3.2613816 -1.6651675 -8.911458
A 1480688949705 3.112941 -1.6699558 -8.971313
A 1480688949904 3.2589874 -1.6867152 -8.971313
A 1480688950104 3.278141 -1.5693994 -8.959342
A 1480688950305 3.112941 -1.660379 -8.98089
A 1480688950505 3.1919498 -1.7034746 -8.909064
A 1480688950703 3.1536424 -1.6148891 -8.90667
A 1480688950902 3.206315 -1.7106572 -8.973707
A 1480688951103 3.1847672 -1.5909472 -8.961737
A 1480688951305 3.1847672 -1.7010804 -8.99765
A 1480688951505 3.1871614 -1.7010804 -8.988072
A 1480688951705 3.136883 -1.648408 -8.985679
A 1480688951899 3.2111034 -1.660379 -8.940188
A 1480688952105 3.1656137 -1.6771384 -8.978496
A 1480688952304 3.2494106 -1.5622168 -8.897093
A 1480688952501 3.1416714 -1.6555907 -8.98089
A 1480688952705 3.1799788 -1.6508023 -8.90667
A 1480688952904 3.1871614 -1.6340427 -9.021592
A 1480688953101 3.1273062 -1.6508023 -8.925823
A 1480688953302 3.1512482 -1.7585412 -8.925823
A 1480688953512 3.314054 -1.6771384 -8.90667
A 1480688953709 3.1895556 -1.612495 -8.959342
A 1480688953912 3.1895556 -1.6819268 -8.937795
A 1480688954113 3.2206802 -1.732205 -8.8755455
A 1480688954313 3.2374396 -1.6555907 -8.9234295
A 1480688954511 3.1392772 -1.6747442 -8.990467
A 1480688954714 3.2494106 -1.660379 -8.90667
A 1480688954915 3.1775846 -1.6747442 -9.069476
A 1480688955109 3.2015266 -1.7369934 -8.887516
A 1480688955312 3.1512482 -1.6579849 -8.95216
A 1480688955515 3.1608253 -1.6938978 -8.954554
A 1480688955714 3.2350454 -1.6699558 -8.968919
A 1480688955914 3.1919498 -1.6699558 -9.009621
A 1480688956114 3.2134976 -1.684321 -8.894699
A 1480688956312 3.1847672 -1.6531965 -8.930612
A 1480688956514 3.2111034 -1.67235 -9.021592
A 1480688956714 3.278141 -1.67235 -8.90667
A 1480688956912 3.1512482 -1.660379 -9.000044
A 1480688957113 3.0674512 -1.6867152 -8.96413
A 1480688957310 3.1751904 -1.6340427 -8.959342
A 1480688957510 3.2254686 -1.6053123 -8.913853
A 1480688957712 3.2637758 -1.6364369 -8.961737
A 1480688957914 3.1081526 -1.6699558 -8.983284
A 1480688958112 3.1967382 -1.6986862 -9.028774
A 1480688958309 3.218286 -1.6412253 -8.933006
A 1480688958512 3.1177294 -1.6460139 -8.96413
A 1480688958713 3.242228 -1.6675617 -8.834844
A 1480688958915 3.1273062 -1.6196775 -8.925823
A 1480688959114 3.1727962 -1.6292543 -8.933006
A 1480688959313 3.1153352 -1.6771384 -9.033563
A 1480688959514 3.1871614 -1.6819268 -8.961737
A 1480688959714 3.1775846 -1.6771384 -9.031169
A 1480688959915 3.1991324 -1.6508023 -8.885122
A 1480688960115 3.1727962 -1.660379 -8.877939
A 1480688960312 3.1440656 -1.6938978 -8.968919
A 1480688960513 3.218286 -1.648408 -8.937795
A 1480688960713 3.2015266 -1.67235 -8.966525
A 1480688960915 3.1895556 -1.6388311 -8.918641
A 1480688961114 3.2398338 -1.6101007 -8.901881
A 1480688961313 3.1033642 -1.6747442 -8.9234295
A 1480688961508 3.1967382 -1.6819268 -8.9354
A 1480688961714 3.218286 -1.7034746 -8.95216
A 1480688961913 3.0722396 -1.7226282 -8.961737
A 1480688962115 3.254199 -1.6579849 -8.961737
A 1480688962313 3.1536424 -1.6771384 -8.937795
A 1480688962514 3.1632195 -1.684321 -8.9354
A 1480688962714 3.2326512 -1.648408 -8.944977
A 1480688962914 3.1895556 -1.6699558 -8.961737
A 1480688963113 3.1632195 -1.6388311 -8.930612
A 1480688963313 3.2446222 -1.6891094 -8.8994875
A 1480688963514 3.194344 -1.7058688 -8.949765
A 1480688963714 3.158431 -1.7010804 -8.882728
A 1480688963914 3.1320946 -1.6699558 -8.930612
A 1480688964113 3.230257 -1.696292 -8.882728
A 1480688964313 3.0722396 -1.6867152 -8.928218
A 1480688964513 3.2589874 -1.6699558 -8.887516
A 1480688964710 3.1416714 -1.6867152 -8.882728
A 1480688964913 3.326025 -1.5334864 -8.940188
A 1480688965115 3.0866048 -1.6460139 -8.973707
A 1480688965312 3.3834858 -1.7226282 -8.9354
A 1480688965514 2.969289 -1.648408 -9.038351
A 1480688965713 3.2254686 -1.6938978 -8.988072
A 1480688965914 3.017173 -1.7274166 -9.074265
A 1480688966114 3.1991324 -1.7034746 -8.961737
A 1480688966313 3.2877178 -1.6531965 -8.921035
A 1480688966514 3.5678394 -1.6795326 -8.918641
A 1480688966712 3.3164482 -1.6986862 -8.808508
A 1480688966914 4.1209 -1.8136079 -8.655279
A 1480688967113 3.4337642 -1.7824833 -8.971313
A 1480688967313 3.4050338 -1.4640545 -8.755836
A 1480688967512 3.7067032 -1.5143327 -8.837238
A 1480688967712 3.349967 -1.5861588 -8.798931
A 1480688967911 3.4840424 -1.5622168 -8.806113
A 1480688968115 3.1057584 -1.4760255 -8.988072
A 1480688968312 3.4146106 -1.8255789 -9.040746
A 1480688968514 3.1967382 -1.8183963 -9.012015
A 1480688968714 3.1895556 -1.777695 -8.894699
A 1480688968913 3.1991324 -2.1631613 -8.839632
A 1480688969113 3.1656137 -1.8255789 -8.971313
A 1480688969312 3.2829294 -1.7250224 -8.837238
A 1480688969515 3.302083 -1.7513586 -8.930612
A 1480688969714 3.326025 -1.6531965 -8.9473715
A 1480688969913 3.3403902 -1.7058688 -8.968919
A 1480688970115 3.3116598 -1.6771384 -8.885122
A 1480688970312 3.3284192 -1.7537528 -8.921035
A 1480688970514 3.3236308 -1.708263 -8.90667
A 1480688970715 3.3116598 -1.696292 -8.885122
A 1480688970914 3.3332076 -1.6986862 -8.868362
A 1480688971111 3.3164482 -1.756147 -8.865969
A 1480688971312 3.3284192 -1.708263 -8.901881
A 1480688971514 3.2996888 -1.6915036 -8.930612
A 1480688971712 3.361938 -1.708263 -8.865969
A 1480688971915 3.3116598 -1.708263 -8.894699
A 1480688972114 3.3403902 -1.684321 -8.921035
A 1480688972312 3.326025 -1.6771384 -8.9234295
A 1480688972511 3.326025 -1.7130514 -8.83245
A 1480688972715 3.3403902 -1.696292 -8.86118
A 1480688972915 3.3643322 -1.7226282 -8.8994875
A 1480688973115 3.3763032 -1.732205 -8.942583
A 1480688973314 3.2949004 -1.6986862 -8.825267
A 1480688973513 3.3571496 -1.732205 -8.8994875
A 1480688973711 3.337996 -1.7130514 -8.846815
A 1480688973909 3.3403902 -1.6867152 -8.84442
A 1480688974112 3.3547554 -1.67235 -8.877939
A 1480688974310 3.3164482 -1.7274166 -8.8276615
A 1480688974512 3.3116598 -1.6627733 -8.911458
A 1480688974712 3.302083 -1.6699558 -8.90667
A 1480688974913 3.3571496 -1.6795326 -8.925823
A 1480688975113 3.4122164 -1.696292 -8.870757
A 1480688975311 3.3547554 -1.6938978 -8.916246
A 1480688975508 3.3643322 -1.6675617 -8.933006
A 1480688975711 3.3188424 -1.684321 -8.849209
A 1480688975914 3.397851 -1.7130514 -8.818085
A 1480688976113 3.3523612 -1.6891094 -8.9234295
A 1480688976312 3.3332076 -1.7154456 -8.870757
A 1480688976514 3.349967 -1.7178398 -8.944977
A 1480688976713 3.278141 -1.684321 -8.911458
A 1480688976915 3.3691206 -1.7154456 -8.911458
A 1480688977115 3.3667264 -1.7130514 -8.849209
A 1480688977313 3.3212366 -1.7010804 -8.921035
A 1480688977511 3.3308134 -1.6531965 -8.897093
A 1480688977715 3.3810916 -1.744176 -8.942583
A 1480688977914 3.3212366 -1.6699558 -8.897093
A 1480688978115 3.3595438 -1.720234 -8.918641
A 1480688978312 3.3116598 -1.696292 -8.849209
A 1480688978515 3.3691206 -1.6795326 -8.820478
A 1480688978713 3.3643322 -1.7058688 -8.842027
A 1480688978912 3.3092656 -1.67235 -8.882728
A 1480688979115 3.3571496 -1.6508023 -8.925823
A 1480688979313 3.361938 -1.67235 -8.846815
A 1480688979514 3.361938 -1.6531965 -8.913853
A 1480688979712 3.3595438 -1.648408 -8.806113
A 1480688979912 3.361938 -1.6579849 -8.992861
A 1480688980114 3.3403902 -1.7058688 -8.8755455
A 1480688980313 3.3834858 -1.6795326 -8.863574
A 1480688980514 3.3595438 -1.6938978 -8.839632
A 1480688980709 3.3667264 -1.684321 -8.83245
A 1480688980914 3.2925062 -1.6747442 -8.913853
A 1480688981114 3.3427844 -1.6220717 -8.918641
A 1480688981313 3.3475728 -1.6891094 -8.909064
A 1480688981511 3.3571496 -1.684321 -8.897093
A 1480688981715 3.3763032 -1.6675617 -8.856392
A 1480688981915 3.3475728 -1.67235 -8.825267
A 1480688982114 3.3523612 -1.6531965 -8.930612
A 1480688982313 3.4146106 -1.6891094 -8.9473715
A 1480688982513 3.349967 -1.6412253 -8.904276
A 1480688982714 3.3691206 -1.6555907 -8.865969
A 1480688982911 3.3667264 -1.6915036 -8.880334
A 1480688983113 3.3667264 -1.6938978 -8.853997
A 1480688983312 3.407428 -1.708263 -8.834844
A 1480688983514 3.3715148 -1.7298108 -8.86118
A 1480688983713 3.3571496 -1.708263 -8.83245
A 1480688983914 3.3427844 -1.6651675 -8.928218
A 1480688984116 3.3164482 -1.7010804 -8.897093
A 1480688984313 3.361938 -1.696292 -8.95216
A 1480688984513 3.3308134 -1.6651675 -8.921035
A 1480688984714 3.2972946 -1.7369934 -8.882728
A 1480688984914 3.3403902 -1.765724 -8.873151
A 1480688985115 3.3547554 -1.6771384 -8.9234295
A 1480688985313 3.3403902 -1.7106572 -8.911458
A 1480688985514 3.373909 -1.7154456 -8.928218
A 1480688985713 3.302083 -1.6938978 -8.98089
A 1480688985913 3.3092656 -1.7178398 -8.9234295
A 1480688986109 3.3403902 -1.684321 -8.904276
A 1480688986312 3.3547554 -1.6795326 -8.937795
A 1480688986511 3.3547554 -1.7226282 -8.885122
A 1480688986713 3.337996 -1.6891094 -8.865969
A 1480688986914 3.3427844 -1.6915036 -8.954554
A 1480688987113 3.3643322 -1.6915036 -8.86118
A 1480688987313 3.3188424 -1.6915036 -8.83245
A 1480688987514 3.3332076 -1.732205 -8.892304
A 1480688987714 3.3092656 -1.708263 -8.928218
A 1480688987913 3.337996 -1.7058688 -8.825267
A 1480688988114 3.349967 -1.7034746 -8.858786
A 1480688988313 3.3715148 -1.6627733 -8.858786
A 1480688988513 3.3332076 -1.6867152 -8.856392
A 1480688988713 3.2877178 -1.6867152 -8.9354
A 1480688988913 3.3475728 -1.7058688 -8.887516
A 1480688989115 3.3475728 -1.7010804 -8.959342
A 1480688989309 3.3667264 -1.720234 -8.877939
A 1480688989515 3.361938 -1.7298108 -8.96413
A 1480688989715 3.3212366 -1.6938978 -8.983284
A 1480688989913 3.4050338 -1.6915036 -8.894699
A 1480688990114 3.3427844 -1.6627733 -8.865969
A 1480688990312 3.3475728 -1.6699558 -9.000044
A 1480688990511 3.3595438 -1.7226282 -8.940188
A 1480688990714 3.3308134 -1.6579849 -8.887516
A 1480688990913 3.3403902 -1.6938978 -8.834844
A 1480688991114 3.3547554 -1.6795326 -8.913853
A 1480688991313 3.3284192 -1.6771384 -8.880334
A 1480688991511 3.349967 -1.696292 -8.894699
A 1480688991714 3.3427844 -1.6867152 -8.928218
A 1480688991913 3.3427844 -1.6747442 -8.904276
A 1480688992114 3.3475728 -1.7106572 -8.885122
A 1480688992312 3.3643322 -1.660379 -8.921035
A 1480688992509 3.3068714 -1.7226282 -8.909064
A 1480688992715 3.407428 -1.720234 -8.853997
A 1480688992913 3.3595438 -1.6555907 -8.865969
A 1480688993115 3.3236308 -1.6675617 -8.9234295
A 1480688993312 3.3547554 -1.684321 -8.8516035
A 1480688993516 3.3332076 -1.6986862 -8.892304
A 1480688993716 3.3068714 -1.7058688 -8.911458
A 1480688993912 3.3523612 -1.6747442 -8.904276
A 1480688994115 3.3667264 -1.7154456 -8.916246
A 1480688994313 3.314054 -1.6915036 -8.885122
A 1480688994514 3.3643322 -1.6795326 -8.885122
A 1480688994715 3.3691206 -1.6819268 -8.84442
A 1480688994912 3.314054 -1.6819268 -8.882728
A 1480688995114 3.3284192 -1.6986862 -8.930612
A 1480688995312 3.3571496 -1.6819268 -8.868362
A 1480688995514 3.3643322 -1.7010804 -8.954554
A 1480688995710 3.3332076 -1.720234 -8.846815
A 1480688995913 3.3308134 -1.6938978 -8.9473715
A 1480688996115 3.3164482 -1.6675617 -8.944977
A 1480688996312 3.3116598 -1.720234 -8.784566
A 1480688996514 3.3715148 -1.7058688 -8.8516035
A 1480688996712 3.3475728 -1.6579849 -8.916246
A 1480688996912 3.3451786 -1.7034746 -8.856392
A 1480688997114 3.3356018 -1.6986862 -8.880334
A 1480688997312 3.3284192 -1.7010804 -8.9354
A 1480688997515 3.3308134 -1.7274166 -8.971313
A 1480688997714 3.3571496 -1.67235 -8.84442
A 1480688997914 3.3284192 -1.6651675 -8.930612
A 1480688998114 3.3092656 -1.6938978 -8.928218
A 1480688998312 3.3882742 -1.696292 -8.894699
A 1480688998515 3.3116598 -1.7130514 -8.897093
A 1480688998714 3.337996 -1.708263 -8.868362
A 1480688998910 3.3308134 -1.7178398 -8.837238
A 1480688999116 3.3451786 -1.6819268 -8.889911
A 1480688999312 3.302083 -1.6938978 -8.8516035
A 1480688999511 3.337996 -1.6747442 -8.887516
A 1480688999714 3.3308134 -1.708263 -8.86118
A 1480688999913 3.3547554 -1.6795326 -8.959342
A 1480689000110 3.3547554 -1.6891094 -8.887516
A 1480689000309 3.3308134 -1.6651675 -8.839632
A 1480689000508 3.3475728 -1.6795326 -8.856392
A 1480689000709 3.3403902 -1.6915036 -8.95216
A 1480689000912 6.768887 -4.210204 -8.298543
A 1480689001108 1.1089942 -0.36272165 -9.177215
A 1480689001310 3.2087092 -1.4305357 -8.892304
A 1480689001511 5.495172 -1.6795326 -8.348821
A 1480689001711 4.774517 -2.3211787 -8.396705
A 1480689001910 3.3116598 -1.6148891 -8.909064
A 1480689002119 3.3212366 -1.7106572 -9.023986
A 1480689002321 3.3691206 -1.6938978 -8.8516035
A 1480689002680 3.3356018 -1.6771384 -8.86118
A 1480689002882 3.3475728 -1.6531965 -8.880334
A 1480689003082 3.3284192 -1.6651675 -8.873151
A 1480689003282 3.3547554 -1.7010804 -8.858786
A 1480689003482 3.3308134 -1.6986862 -8.928218
A 1480689003682 3.3882742 -1.6172833 -8.90667
A 1480689003882 3.337996 -1.6675617 -8.897093
A 1480689004082 3.3691206 -1.696292 -8.858786
A 1480689004282 3.3475728 -1.6795326 -8.856392
A 1480689004482 3.3403902 -1.684321 -8.894699
A 1480689004682 3.3332076 -1.6699558 -8.894699
A 1480689004882 3.3715148 -1.6579849 -8.856392
A 1480689005082 3.3547554 -1.7154456 -8.882728
A 1480689005282 3.2949004 -1.6915036 -8.916246
A 1480689005482 3.3906684 -1.7226282 -8.889911
A 1480689005680 3.349967 -1.6915036 -8.921035
A 1480689005882 3.3691206 -1.6795326 -8.863574