A 1480688101025 -0.08810656 0.1376665 9.844718
A 1480688101279 -0.08331815 0.1352723 9.890207
A 1480688101489 -0.033039913 0.06823464 9.885419
A 1480688101699 -0.078529745 0.11851288 9.902179
A 1480688101911 -0.06655874 0.1328781 9.859083
A 1480688102120 -0.07374135 0.120907076 9.866265
A 1480688102328 -0.07134714 0.089782454 9.8806305
A 1480688102538 -0.06895294 0.11851288 9.899784
A 1480688102751 -0.078529745 0.13048388 9.8806305
A 1480688102961 -0.04022252 0.108936064 9.938091
A 1480688103170 -0.08331815 0.1328781 9.902179
A 1480688103380 -0.028251514 0.1376665 9.933303
A 1480688103599 -0.042616725 0.14245489 9.902179
A 1480688103810 -0.061770335 0.11611867 9.95964
A 1480688104028 -0.06655874 0.07302304 9.9285145
A 1480688104239 -0.0210689 0.09696506 9.708248
A 1480688104450 -0.04022252 0.08259985 10.179906
A 1480688104660 -0.078529745 0.17836791 9.82317
A 1480688104870 -0.076135546 0.106541865 9.954851
A 1480688105079 -0.056981936 0.1328781 9.827958
A 1480688105289 -0.05458773 0.120907076 9.890207
A 1480688105500 -0.06895294 0.120907076 9.792046
A 1480688105721 -0.09050076 0.13048388 10.029071
A 1480688105930 -0.06895294 0.13048388 9.894996
A 1480688106138 -0.023463115 0.16160852 9.842323
A 1480688106359 -0.076135546 0.12569548 9.906967
A 1480688106571 -0.078529745 0.108936064 9.86866
A 1480688106781 -0.08331815 0.11133027 9.871054
A 1480688106991 -0.08092395 0.09935926 9.861477
A 1480688107198 -0.07134714 0.106541865 9.844718
A 1480688107410 -0.023463115 0.11851288 9.859083
A 1480688107621 -0.06655874 0.1352723 9.894996
A 1480688107831 -0.07374135 0.1376665 9.890207
A 1480688108042 -0.06895294 0.106541865 9.866265
A 1480688108249 -0.04979933 0.1376665 9.859083
A 1480688108462 -0.061770335 0.11611867 9.887814
A 1480688108669 -0.05219353 0.108936064 9.940486
A 1480688108880 -0.076135546 0.1376665 9.892602
A 1480688109092 -0.016280502 0.11133027 9.914149
A 1480688109299 -0.042616725 0.11851288 9.899784
A 1480688109511 -0.059376135 0.108936064 9.916544
A 1480688109721 -0.078529745 0.1328781 9.82317
A 1480688109931 -0.06895294 0.17357951 9.914149
A 1480688110142 -0.078529745 0.16879112 9.9285145
A 1480688110351 -0.07134714 0.120907076 9.890207
A 1480688110562 -0.04979933 0.1352723 9.873448
A 1480688110770 -0.06655874 0.1400607 9.885419
A 1480688110982 -0.08331815 0.087388255 9.890207
A 1480688111190 -0.095289156 0.11372447 9.921332
A 1480688111400 -0.08810656 0.1352723 9.89739
A 1480688111610 -0.05219353 0.09696506 9.878237
A 1480688111820 -0.03782832 0.11372447 9.813593
A 1480688112031 -0.064164534 0.13048388 9.914149
A 1480688112242 -0.04979933 0.12808968 9.899784
A 1480688112450 -0.059376135 0.1352723 9.849506
A 1480688112662 -0.047405124 0.123301275 9.899784
A 1480688112870 -0.10486597 0.14963749 9.837535
A 1480688113082 -0.016280502 0.15203169 9.854295
A 1480688113292 -0.05219353 0.1400607 9.918938
A 1480688113499 -0.05458773 0.11133027 9.861477
A 1480688113713 -0.033039913 0.09935926 9.7848625
A 1480688113922 -0.056981936 0.11851288 9.890207
A 1480688114133 -0.07374135 0.108936064 9.909361
A 1480688114342 -0.076135546 0.1400607 9.863872
A 1480688114552 -0.03782832 0.1352723 9.878237
A 1480688114763 -0.08331815 0.101753466 9.789651
A 1480688114969 -0.07134714 0.09935926 9.883025
A 1480688115183 -0.06655874 0.11133027 9.930909
A 1480688115393 -0.04022252 0.101753466 9.914149
A 1480688115613 -0.08092395 0.09217665 9.94288
A 1480688115819 -0.03543412 0.13048388 9.930909
A 1480688116031 -0.0210689 0.12808968 9.894996
A 1480688116241 -0.06895294 0.15921432 9.854295
A 1480688116452 -0.028251514 0.106541865 9.966822
A 1480688116660 -0.033039913 0.09696506 9.921332
A 1480688116870 -0.04022252 0.11133027 9.894996
A 1480688117081 -0.05458773 0.1352723 9.89739
A 1480688117293 -0.095289156 0.1400607 9.933303
A 1480688117501 -0.056981936 0.14245489 9.873448
A 1480688117712 -0.078529745 0.1352723 9.911756
A 1480688117921 -0.04979933 0.123301275 9.89739
A 1480688118133 -0.059376135 0.09935926 9.95964
A 1480688118341 -0.056981936 0.11133027 9.887814
A 1480688118551 -0.056981936 0.108936064 9.94288
A 1480688118762 -0.045010924 0.101753466 9.930909
A 1480688118971 -0.061770335 0.1328781 9.899784
A 1480688119183 -0.06655874 0.12808968 9.875842
A 1480688119392 -0.056981936 0.14484909 9.827958
A 1480688119601 -0.056981936 0.09935926 9.875842
A 1480688119812 -0.08331815 0.11133027 9.837535
A 1480688120019 -0.023463115 0.09217665 9.811199
A 1480688120231 -0.05458773 0.120907076 9.878237
A 1480688120442 -0.09050076 0.11851288 9.86866
A 1480688120652 -0.03543412 0.12569548 9.86866
A 1480688120861 -0.061770335 0.11611867 9.950063
A 1480688121072 -0.04022252 0.13048388 9.95964
A 1480688121282 -0.06895294 0.108936064 9.842323
A 1480688121490 -0.056981936 0.123301275 9.966822
A 1480688121701 -0.07134714 0.09457086 9.899784
A 1480688121910 -0.042616725 0.1376665 9.930909
A 1480688122123 -0.05219353 0.11611867 9.974005
A 1480688122332 -0.06895294 0.104147665 9.892602
A 1480688122542 -0.042616725 0.106541865 9.813593
A 1480688122752 -0.05458773 0.1328781 9.799228
A 1480688122961 -0.033039913 0.089782454 9.715431
A 1480688123173 -0.0210689 0.13048388 9.957245
A 1480688123382 -0.04979933 0.123301275 9.775286
A 1480688123592 -0.047405124 0.123301275 9.923726
A 1480688123803 -0.10007756 0.11133027 10.096108
A 1480688124011 -0.018674701 0.123301275 9.86866
A 1480688124221 -0.033039913 0.11133027 9.871054
A 1480688124431 -0.076135546 0.12808968 9.894996
A 1480688124642 -0.056981936 0.1328781 9.746555
A 1480688124852 -0.07374135 0.09696506 9.86866
A 1480688125061 -0.06895294 0.15442589 9.8327465
A 1480688125272 -0.064164534 0.13048388 9.890207
A 1480688125482 -0.06655874 0.11372447 9.837535
A 1480688125693 -0.076135546 0.11372447 9.950063
A 1480688125901 -0.07374135 0.123301275 9.835141
A 1480688126112 -0.04979933 0.106541865 9.935698
A 1480688126318 -0.08092395 0.14245489 9.921332
A 1480688126529 -0.047405124 0.108936064 9.94288
A 1480688126742 -0.047405124 0.106541865 9.804016
A 1480688126952 -0.07374135 0.104147665 9.911756
A 1480688127162 -0.10007756 0.12569548 9.854295
A 1480688127372 -0.059376135 0.101753466 9.875842
A 1480688127582 -0.045010924 0.14484909 9.854295
A 1480688127792 -0.09050076 0.120907076 9.887814
A 1480688128002 -0.059376135 0.12569548 9.782469
A 1480688128211 -0.064164534 0.11611867 9.9045725
A 1480688128419 -0.042616725 0.1352723 9.906967
A 1480688128631 -0.045010924 0.106541865 9.894996
A 1480688128842 -0.07374135 0.120907076 9.890207
A 1480688129052 -0.033039913 0.13048388 9.9285145
A 1480688129262 -0.04979933 0.104147665 9.861477
A 1480688129469 -0.078529745 0.11133027 9.98837
A 1480688129682 -0.056981936 0.11133027 9.940486
A 1480688129891 -0.076135546 0.11372447 9.875842
A 1480688130102 -0.056981936 0.1352723 9.885419
A 1480688130310 -0.07134714 0.106541865 9.825564
A 1480688130518 -0.06895294 0.09217665 9.82317
A 1480688130731 -0.064164534 0.13048388 9.847112
A 1480688130941 -0.09289496 0.09217665 9.827958
A 1480688131152 -0.076135546 0.13048388 9.981187
A 1480688131362 -0.05219353 0.12808968 9.799228
A 1480688131569 -0.06895294 0.13048388 9.933303
A 1480688131782 0.8528147 2.146402 17.946697
A 1480688131991 -0.06655874 0.07541724 9.744162
A 1480688132203 -0.13359639 0.20709834 11.750503
A 1480688132410 -0.03543412 0.11611867 9.756132
A 1480688132619 -0.030645713 0.16400272 10.218213
A 1480688132831 -0.04979933 0.14245489 9.923726
A 1480688133042 -0.056981936 0.11851288 9.957245
A 1480688133252 -0.042616725 0.11372447 9.844718
A 1480688133461 -0.078529745 0.11372447 10.00034
A 1480688133669 -0.09768336 0.123301275 9.914149
A 1480688133882 -0.08331815 0.09217665 9.940486
A 1480688134092 -0.05219353 0.120907076 9.863872
A 1480688134302 -0.061770335 0.11133027 9.82317
A 1480688134511 -0.03543412 0.08259985 9.849506
A 1480688134720 -0.061770335 0.17836791 9.8806305
A 1480688134932 -0.028251514 0.14245489 9.861477
A 1480688135142 -0.08571235 0.12808968 9.906967
A 1480688135351 -0.03782832 0.06823464 9.8806305
A 1480688135562 -0.06655874 0.120907076 9.887814
A 1480688135769 -0.08331815 0.13048388 9.921332
A 1480688135982 -0.0210689 0.120907076 9.890207
A 1480688136193 -0.076135546 0.13048388 9.83993
A 1480688136401 -0.016280502 0.1328781 9.911756
A 1480688136610 -0.042616725 0.14724329 9.899784
A 1480688136820 -0.064164534 0.12569548 9.916544
A 1480688137031 -0.061770335 0.08499405 9.842323
A 1480688137242 -0.076135546 0.11851288 9.859083
A 1480688137452 -0.05458773 0.1376665 9.883025
A 1480688137662 -0.05458773 0.101753466 9.89739
A 1480688137872 -0.04979933 0.11851288 9.863872
A 1480688138082 -0.076135546 0.123301275 9.894996
A 1480688138292 -0.06895294 0.11133027 9.801622
A 1480688138501 -0.033039913 0.11851288 9.861477
A 1480688138712 -0.042616725 0.1376665 9.89739
A 1480688138921 -0.17190361 0.32680842 13.531788
A 1480688139132 -0.016280502 0.07062884 8.372284
A 1480688139342 -0.06895294 0.15203169 10.62044
A 1480688139552 -0.07134714 0.08499405 9.72022
A 1480688139762 -0.06895294 0.11851288 10.098503
A 1480688139971 -0.09768336 0.120907076 10.019494
A 1480688140182 -0.05219353 0.11851288 9.954851
A 1480688140391 -0.045010924 0.120907076 9.849506
A 1480688140601 -0.04022252 0.11372447 9.847112
A 1480688140813 -0.064164534 0.09696506 9.789651
A 1480688141021 -0.07134714 0.089782454 9.911756
A 1480688141231 -0.05219353 0.108936064 9.935698
A 1480688141442 -0.018674701 0.106541865 9.818381
A 1480688141648 -0.05219353 0.12569548 9.909361
A 1480688141861 -0.06895294 0.089782454 9.916544
A 1480688142070 -0.042616725 0.09935926 9.863872
A 1480688142282 -0.08571235 0.13048388 9.842323
A 1480688142491 -0.05458773 0.14245489 9.883025
A 1480688142702 -0.061770335 0.16400272 9.844718
A 1480688142911 -0.061770335 0.09696506 9.883025
A 1480688143122 -0.08810656 0.14724329 9.815988
A 1480688143332 -0.10486597 0.09457086 9.887814
A 1480688143542 -0.07374135 0.123301275 9.875842
A 1480688143752 -0.061770335 0.08499405 9.899784
A 1480688143962 -0.07374135 0.108936064 9.921332
A 1480688144171 -0.076135546 0.08499405 9.8566885
A 1480688144382 -0.09768336 0.12808968 9.902179
A 1480688144591 -0.064164534 0.106541865 9.892602
A 1480688144802 -0.078529745 0.123301275 9.837535
A 1480688145010 -0.10486597 0.14724329 9.916544
A 1480688145221 -0.033039913 0.106541865 9.892602
A 1480688145431 -0.08810656 0.07062884 9.887814
A 1480688145642 -0.061770335 0.17597371 9.878237
A 1480688145852 -0.045010924 0.104147665 9.964428
A 1480688146062 -0.06895294 0.09935926 9.847112
A 1480688146272 -0.047405124 0.12569548 9.820776
A 1480688146483 -0.06655874 0.123301275 9.909361
A 1480688146692 -0.064164534 0.09935926 9.883025
A 1480688146902 -0.06655874 0.12569548 9.916544
A 1480688147111 -0.045010924 0.09457086 9.921332
A 1480688147322 -0.095289156 0.15442589 9.866265
A 1480688147532 -0.12880799 0.08020565 9.902179
A 1480688147742 -0.10486597 0.09935926 9.863872
A 1480688147952 -0.056981936 0.1400607 9.921332
A 1480688148162 -0.061770335 0.14724329 9.835141
A 1480688148372 -0.06895294 0.11372447 9.787257
A 1480688148582 -0.06655874 0.14724329 9.911756
A 1480688148792 -0.045010924 0.13048388 9.861477
A 1480688149001 -0.095289156 0.13048388 9.9045725
A 1480688149213 -0.10007756 0.12569548 9.921332
A 1480688149421 -0.078529745 0.120907076 9.909361
A 1480688149631 -0.03543412 0.13048388 9.859083
A 1480688149842 -0.07134714 0.106541865 9.83993
A 1480688150052 -0.04022252 0.1328781 9.952456
A 1480688150262 -0.08331815 0.11372447 9.863872
A 1480688150472 -0.06655874 0.11372447 9.804016
A 1480688150682 -0.064164534 0.120907076 9.804016
A 1480688150891 -0.05219353 0.09217665 9.837535
A 1480688151102 -0.061770335 0.120907076 9.921332
A 1480688151312 -0.059376135 0.1328781 9.873448
A 1480688151521 -0.04979933 0.123301275 9.861477
A 1480688151729 -0.078529745 0.1376665 9.892602
A 1480688151941 -0.076135546 0.13048388 9.94288
A 1480688152152 -0.03543412 0.14245489 9.894996
A 1480688152360 -0.03782832 0.106541865 9.820776
A 1480688152572 -0.09050076 0.120907076 9.866265
A 1480688152778 -0.078529745 0.101753466 9.804016
A 1480688152991 -0.0067036897 0.16160852 9.887814
A 1480688153203 -0.06655874 0.108936064 9.8566885
A 1480688153410 -0.064164534 0.120907076 9.871054
A 1480688153621 -0.023463115 0.14484909 9.847112
A 1480688153828 -0.03543412 0.09457086 9.844718
A 1480688154042 -0.056981936 0.14245489 9.859083
A 1480688154252 -0.07374135 0.12569548 9.8519
A 1480688154461 -0.08092395 0.120907076 9.902179
A 1480688154672 -0.06895294 0.1400607 9.8327465
A 1480688154879 -0.023463115 0.09696506 9.885419
A 1480688155092 -0.04022252 0.15203169 9.911756
A 1480688155303 -0.04979933 0.120907076 9.885419
A 1480688155511 -0.06895294 0.106541865 9.930909
A 1480688155722 -0.0043094903 0.11611867 9.923726
A 1480688155928 -0.05458773 0.1328781 9.950063
A 1480688156141 -0.07374135 0.15203169 9.861477
A 1480688156352 -0.06655874 0.106541865 9.861477
A 1480688156561 -0.061770335 0.1400607 9.916544
A 1480688156772 -0.08092395 0.09217665 9.887814
A 1480688156979 -0.08092395 0.12569548 9.918938
A 1480688157190 -0.016280502 0.14245489 9.911756
A 1480688157401 -0.064164534 0.1400607 9.8806305
A 1480688157610 -0.07134714 0.15921432 9.916544
A 1480688157821 -0.06895294 0.123301275 9.909361
A 1480688158032 -0.05458773 0.12808968 9.871054
A 1480688158242 -0.04022252 0.11611867 9.82317
A 1480688158452 -0.03782832 0.14245489 9.878237
A 1480688158661 -0.078529745 0.11611867 9.938091
A 1480688158872 -0.05219353 0.1400607 9.887814
A 1480688159079 -0.05219353 0.09935926 9.830353
A 1480688159293 -0.047405124 0.1400607 9.890207
A 1480688159500 -0.059376135 0.13048388 9.820776
A 1480688159711 -0.08571235 0.120907076 9.861477
A 1480688159922 -0.064164534 0.13048388 9.866265
A 1480688160129 -0.09768336 0.13048388 9.842323
A 1480688160340 -0.05458773 0.17118531 9.815988
A 1480688160552 -0.05219353 0.13048388 9.883025
A 1480688160762 -0.10247177 0.09696506 9.952456
A 1480688160972 -0.030645713 0.09457086 9.914149
A 1480688161181 -0.047405124 0.11372447 9.871054
A 1480688161393 -0.047405124 0.11372447 9.894996
A 1480688161601 -0.064164534 0.104147665 9.74895
A 1480688161811 -0.045010924 0.14484909 9.885419
A 1480688162020 -0.03543412 0.104147665 9.878237
A 1480688162231 -0.059376135 0.11372447 9.875842
A 1480688162442 -0.076135546 0.106541865 9.921332
A 1480688162652 -0.09050076 0.14724329 9.890207
A 1480688162862 -0.08810656 0.1400607 9.883025
A 1480688163072 -0.045010924 0.1352723 9.83993
A 1480688163283 -0.08092395 0.106541865 9.835141
A 1480688163492 -0.08571235 0.108936064 9.8566885
A 1480688163701 -0.05458773 0.09217665 9.883025
A 1480688163912 -0.061770335 0.089782454 9.859083
A 1480688164123 -0.05219353 0.11851288 9.935698
A 1480688164332 -0.05219353 0.12569548 9.8327465
A 1480688164541 -0.04979933 0.11372447 9.902179
A 1480688164752 -0.06895294 0.101753466 9.923726
A 1480688164961 -0.018674701 0.12808968 9.914149
A 1480688165168 -0.06655874 0.1352723 9.883025
A 1480688165379 -0.08331815 0.11133027 9.780074
A 1480688165591 -0.047405124 0.123301275 9.906967
A 1480688165803 -0.064164534 0.09457086 9.827958
A 1480688166011 -0.06655874 0.1400607 9.835141
A 1480688166221 -0.06655874 0.108936064 9.806411
A 1480688166431 -0.08092395 0.15442589 9.923726
A 1480688166642 -0.076135546 0.11611867 9.883025
A 1480688166852 -0.09768336 0.15682009 9.849506
A 1480688167062 -0.05458773 0.123301275 9.866265
A 1480688167272 -0.05219353 0.1376665 9.887814
A 1480688167482 -0.056981936 0.087388255 9.86866
A 1480688167693 -0.09768336 0.14724329 9.892602
A 1480688167902 -0.064164534 0.104147665 9.885419
A 1480688168113 -0.06655874 0.089782454 9.849506
A 1480688168322 -0.06895294 0.108936064 9.8566885
A 1480688168531 -0.06655874 0.14724329 9.875842
A 1480688168742 -0.076135546 0.1328781 9.813593
A 1480688168951 -0.07374135 0.09217665 9.8806305
A 1480688169162 -0.07374135 0.120907076 9.890207
A 1480688169371 -0.028251514 0.108936064 9.866265
A 1480688169582 -0.03543412 0.14963749 9.813593
A 1480688169792 -0.095289156 0.17118531 9.830353
A 1480688170002 -0.07134714 0.1328781 9.83993
A 1480688170211 -0.045010924 0.12569548 9.94288
A 1480688170421 -0.08571235 0.09457086 9.894996
A 1480688170630 -0.07374135 0.106541865 9.976398
A 1480688170842 -0.06655874 0.11372447 9.792046
A 1480688171051 -0.078529745 0.11133027 9.921332
A 1480688171262 -0.045010924 0.104147665 9.83993
A 1480688171472 -0.05458773 0.12569548 9.899784
A 1480688171681 -0.04022252 0.09457086 9.871054
A 1480688171892 -0.04979933 0.09457086 9.8566885
A 1480688172102 -0.06895294 0.15921432 9.820776
A 1480688172312 -0.064164534 0.12569548 9.911756
A 1480688172522 -0.047405124 0.14963749 9.909361
A 1480688172732 -0.030645713 0.13048388 9.818381
A 1480688172942 -0.047405124 0.101753466 9.892602
A 1480688173152 -0.042616725 0.18076211 9.8566885
A 1480688173362 -0.12880799 0.14245489 9.969216
A 1480688173571 -0.10726017 0.13048388 9.885419
A 1480688173781 -0.05219353 0.1328781 9.9045725
A 1480688173992 -0.04022252 0.14724329 9.835141
A 1480688174202 -0.07374135 0.12569548 9.875842
A 1480688174410 -0.023463115 0.14484909 9.878237
A 1480688174621 -0.06895294 0.12808968 9.9045725
A 1480688174831 -0.05219353 0.123301275 9.86866
A 1480688175040 -0.06895294 0.14245489 9.847112
A 1480688175251 -0.076135546 0.17118531 9.847112
A 1480688175462 -0.08092395 0.123301275 10.033859
A 1480688175672 -0.07134714 0.104147665 9.954851
A 1480688175882 -0.056981936 0.09457086 9.863872
A 1480688176088 -0.061770335 0.11372447 9.892602
A 1480688176301 -0.042616725 0.08020565 9.933303
A 1480688176512 -0.076135546 0.1328781 9.974005
A 1480688176723 -0.08092395 0.12808968 9.875842
A 1480688176929 -0.08571235 0.1352723 9.871054
A 1480688177138 -0.15275 0.120907076 10.170329
A 1480688177352 -0.078529745 0.16639692 9.861477
A 1480688177560 -0.08092395 0.12808968 9.863872
A 1480688177773 -0.09289496 0.11611867 9.894996
A 1480688177982 -0.08571235 0.14484909 9.887814
A 1480688178189 -0.056981936 0.15442589 9.861477
A 1480688178401 -0.045010924 0.14484909 9.875842
A 1480688178609 -0.059376135 0.11133027 9.8806305
A 1480688178821 -0.10247177 0.11133027 9.86866
A 1480688179031 -0.095289156 0.11851288 9.923726
A 1480688179240 -0.05219353 0.11851288 9.830353
A 1480688179452 -0.06895294 0.106541865 9.916544
A 1480688179662 -0.06655874 0.11611867 9.97161
A 1480688179872 -0.05219353 0.13048388 9.871054
A 1480688180081 -0.06655874 0.09696506 9.978793
A 1480688180290 -0.059376135 0.089782454 9.837535
A 1480688180503 -0.078529745 0.1328781 9.89739
A 1480688180712 -0.03543412 0.1328781 10.084138
A 1480688180920 -0.061770335 0.1376665 9.935698
A 1480688181132 -0.07134714 0.09217665 9.89739
A 1480688181339 -0.05219353 0.1328781 9.844718
A 1480688181548 -0.078529745 0.120907076 9.875842
A 1480688181764 -0.064164534 0.1400607 9.887814
A 1480688181971 -0.045010924 0.09696506 9.847112
A 1480688182171 -0.056981936 0.09696506 9.935698
A 1480688182429 -0.078529745 0.1328781 9.983582
A 1480688182641 -0.06895294 0.09217665 9.875842
A 1480688182852 -0.07134714 0.120907076 9.914149
A 1480688183061 -0.028251514 0.15682009 9.86866
A 1480688183272 -0.08810656 0.14245489 9.878237
A 1480688183479 -0.04979933 0.123301275 9.894996
A 1480688183692 -0.047405124 0.104147665 9.899784
A 1480688183902 -0.028251514 0.11851288 9.815988
A 1480688184111 -0.078529745 0.11851288 9.827958
A 1480688184322 -0.042616725 0.11611867 9.890207
A 1480688184531 -0.023463115 0.1400607 9.878237
A 1480688184741 -0.033039913 0.11611867 9.866265
A 1480688184952 -0.06895294 0.09217665 9.837535
A 1480688185162 -0.10726017 0.123301275 9.861477
A 1480688185373 -0.064164534 0.120907076 9.875842
A 1480688185579 -0.076135546 0.09696506 9.806411
A 1480688185792 -0.06895294 0.11133027 9.887814
A 1480688186002 -0.09768336 0.123301275 9.887814
A 1480688186212 -0.076135546 0.14484909 9.83993
A 1480688186421 -0.03782832 0.09217665 9.873448
A 1480688186629 -0.03543412 0.11133027 9.911756
A 1480688186841 -0.0210689 0.15682009 9.789651
A 1480688187052 -0.05458773 0.12569548 9.902179
A 1480688187262 -0.05219353 0.15921432 9.873448
A 1480688187472 -0.06895294 0.13048388 10.009917
A 1480688187680 -0.064164534 0.120907076 9.861477
A 1480688187892 -0.03782832 0.13048388 9.89739
A 1480688188101 -0.064164534 0.123301275 9.990764
A 1480688188313 -0.05458773 0.123301275 9.849506
A 1480688188522 -0.076135546 0.14724329 9.94288
A 1480688188732 -0.05458773 0.07541724 9.878237
A 1480688188942 -0.07134714 0.11851288 9.863872
A 1480688189152 -0.08331815 0.09696506 9.923726
A 1480688189362 -0.047405124 0.12808968 9.974005
A 1480688189571 -0.07374135 0.09935926 9.859083
A 1480688189782 -0.07134714 0.11372447 9.911756
A 1480688189991 -0.07374135 0.1376665 9.844718
A 1480688190203 -0.10247177 0.108936064 9.9285145
A 1480688190410 -0.033039913 0.13048388 9.9285145
A 1480688190621 -0.04979933 0.09217665 9.871054
A 1480688190831 -0.04979933 0.123301275 9.8566885
A 1480688191042 -0.07134714 0.11133027 9.8806305
A 1480688191251 -0.045010924 0.14484909 9.911756
A 1480688191462 -0.06655874 0.14484909 9.902179
A 1480688191672 -0.07374135 0.1328781 9.82317
