1476358931563 0.08080431 -0.16460137 9.81922
1476358931583 0.077213004 -0.13946225 9.794679
1476358931603 0.061052144 -0.14963761 9.83957
1476358931623 0.05865794 -0.1592144 9.8198185
1476358931643 0.06284779 -0.14185645 9.809045
1476358931663 0.074818805 -0.15083471 9.817424
1476358931683 0.075417355 -0.16101007 9.840768
1476358931703 0.075417355 -0.15682021 9.825804
1476358931723 0.050876785 -0.15023616 9.822811
1476358931743 0.0688333 -0.15382746 9.817424
1476358931764 0.05686229 -0.15502456 9.829993
1476358931783 0.0676362 -0.15442601 9.826403
1476358931803 0.05327099 -0.1340753 9.838972
1476358931823 0.06943185 -0.14963761 9.825804
1476358931843 0.05267244 -0.1340753 9.825804
1476358931863 0.06404489 -0.15203181 9.806051
1476358931883 0.05686229 -0.14664486 9.817424
1476358931903 0.0676362 -0.1604115 9.836577
1476358931923 0.05207389 -0.15203181 9.836577
1476358931943 0.0724246 -0.14724341 9.837775
1476358931963 0.0700304 -0.14604631 9.835979
1476358931983 0.073621705 -0.16160862 9.813833
1476358932003 0.075417355 -0.14724341 9.83957
1476358932023 0.06404489 -0.14724341 9.821015
1476358932043 0.059855044 -0.17178397 9.838373
1476358932063 0.06284779 -0.14844051 9.822811
1476358932083 0.05805939 -0.15143326 9.822212
1476358932103 0.06943185 -0.14425065 9.816826
1476358932123 0.0664391 -0.14604631 9.825804
1476358932143 0.060453594 -0.14544775 9.826403
1476358932163 0.049081136 -0.1436521 9.833585
1476358932183 0.051475335 -0.1436521 9.822811
1476358932203 0.0796072 -0.15023616 9.8276
1476358932224 0.0796072 -0.14784196 9.824008
1476358932243 0.08619126 -0.15023616 9.8437605
1476358932263 0.076015905 -0.14724341 9.821015
1476358932283 0.06943185 -0.14604631 9.8276
1476358932303 0.06284779 -0.14305355 9.8276
1476358932323 0.046088383 -0.14963761 9.828198
1476358932343 0.05805939 -0.14903906 9.837176
1476358932363 0.077213004 -0.14724341 9.82341
1476358932383 0.047884032 -0.14724341 9.827001
1476358932403 0.060453594 -0.14425065 9.828198
1476358932423 0.0664391 -0.14724341 9.825804
1476358932443 0.059855044 -0.16340427 9.831789
1476358932463 0.05746084 -0.14784196 9.8276
1476358932483 0.06464344 -0.1412579 9.825804
1476358932503 0.06703765 -0.14664486 9.832388
1476358932523 0.06284779 -0.15203181 9.836577
1476358932543 0.05626374 -0.14425065 9.829993
1476358932563 0.0688333 -0.15143326 9.829993
1476358932583 0.054468088 -0.1436521 9.8276
1476358932604 0.05327099 -0.15442601 9.811439
1476358932623 0.05626374 -0.15682021 9.833585
1476358932643 0.06584055 -0.1400608 9.835979
1476358932663 0.055066638 -0.15203181 9.834782
1476358932683 0.059855044 -0.15622166 9.824008
1476358932704 0.073023155 -0.15322891 9.814431
1476358932723 0.054468088 -0.14724341 9.81922
1476358932743 0.05746084 -0.15382746 9.821015
1476358932764 0.074220255 -0.14544775 9.835979
1476358932783 0.059855044 -0.14544775 9.82341
1476358932803 0.065242 -0.14604631 9.829993
1476358932823 0.0724246 -0.15442601 9.832987
1476358932843 0.04369418 -0.16220717 9.832987
1476358932863 0.08080431 -0.14604631 9.828796
1476358932883 0.061052144 -0.1436521 9.82341
1476358932903 0.074220255 -0.14065935 9.8276
1476358932923 0.06703765 -0.142455 9.811439
1476358932943 0.06344634 -0.14604631 9.816826
1476358932963 0.05327099 -0.15622166 9.818622
1476358932983 0.062249243 -0.14065935 9.844358
1476358933003 0.065242 -0.1316811 9.832388
1476358933023 0.05865794 -0.15143326 9.815628
1476358933043 0.044292733 -0.1448492 9.843162
1476358933063 0.05865794 -0.15143326 9.818023
1476358933083 0.055066638 -0.1388637 9.852738
1476358933103 0.07062895 -0.14425065 9.833585
1476358933123 0.08678981 -0.14604631 9.818023
1476358933143 0.065242 -0.14305355 9.844358
1476358933164 0.05746084 -0.15562311 9.81084
1476358933184 0.073621705 -0.14844051 9.821614
1476358933203 0.06584055 -0.15382746 9.835979
1476358933223 0.049679685 -0.15801731 9.824008
1476358933243 0.050278235 -0.15502456 9.822212
1476358933263 0.05566519 -0.13467385 9.820416
1476358933283 0.05865794 -0.15502456 9.8437605
1476358933303 0.06823475 -0.14784196 9.8198185
1476358933329 0.061650693 -0.14664486 9.81922
1476358933343 0.05626374 -0.15861586 9.829993
1476358933363 0.051475335 -0.15203181 9.838972
1476358933383 0.0700304 -0.1448492 9.808446
1476358933403 0.07062895 -0.15442601 9.845556
1476358933423 0.062249243 -0.15083471 9.832987
1476358933443 0.05327099 -0.14664486 9.814431
1476358933463 0.06404489 -0.1604115 9.825804
1476358933483 0.065242 -0.15143326 9.807847
1476358933503 0.06703765 -0.15682021 9.813833
1476358933523 0.0796072 -0.16340427 9.822212
1476358933543 0.06284779 -0.14724341 9.831191
1476358933564 0.060453594 -0.1364695 9.82341
1476358933584 0.062249243 -0.12330139 9.826403
1476358933603 0.062249243 -0.15502456 9.824607
1476358933626 0.051475335 -0.14963761 9.822212
1476358933643 0.060453594 -0.14185645 9.822212
1476358933663 0.0688333 -0.15382746 9.816227
1476358933683 0.044292733 -0.15622166 9.816826
1476358933703 0.034117375 -0.13227965 9.825205
1476358933723 0.077811554 -0.15322891 9.829993
1476358933743 0.06943185 -0.14664486 9.807249
1476358933763 0.05686229 -0.1448492 9.831789
1476358933789 0.076614454 -0.14844051 9.826403
1476358933803 0.06284779 -0.15263036 9.825804
1476358933823 0.073621705 -0.1316811 9.824008
1476358933843 0.075417355 -0.1436521 9.832388
1476358933863 0.073621705 -0.14544775 9.8198185
1476358933883 0.06284779 -0.1400608 9.829395
1476358933903 0.05805939 -0.14903906 9.81503
1476358933923 0.046686932 -0.15322891 9.821614
1476358933943 0.055066638 -0.14604631 9.812635
1476358933963 0.06404489 -0.15801731 9.828796
1476358933983 0.05566519 -0.15263036 9.808446
1476358934003 0.0688333 -0.14784196 9.822811
1476358934023 0.055066638 -0.15083471 9.830592
1476358934043 0.06584055 -0.14724341 9.8437605
1476358934063 0.07062895 -0.15682021 9.825804
1476358934083 0.08259996 -0.14544775 9.821015
1476358934103 0.050876785 -0.1328782 9.836577
1476358934123 0.05805939 -0.14664486 9.821015
1476358934147 0.04369418 -0.16340427 9.849746
1476358934163 0.07182605 -0.15622166 9.800665
1476358934183 0.06464344 -0.15562311 9.818023
1476358934203 0.05686229 -0.16340427 9.833585
1476358934223 0.06584055 -0.15322891 9.81922
1476358934243 0.049081136 -0.15801731 9.813234
1476358934263 0.073621705 -0.14784196 9.822212
1476358934283 0.073023155 -0.15442601 9.833585
1476358934303 0.053869538 -0.16280572 9.830592
1476358934323 0.077811554 -0.13946225 9.81084
1476358934343 0.061052144 -0.15143326 9.835381
1476358934363 0.0688333 -0.15382746 9.831191
1476358934383 0.059855044 -0.16460137 9.808446
1476358934403 0.05805939 -0.13946225 9.837176
1476358934423 0.06703765 -0.14784196 9.835381
1476358934443 0.05327099 -0.14425065 9.844957
1476358934463 0.05805939 -0.16280572 9.825205
1476358934483 0.06404489 -0.15023616 9.822811
1476358934503 0.06584055 -0.16101007 9.803658
1476358934523 0.074818805 -0.16639702 9.835979
1476358934543 0.049679685 -0.14305355 9.81922
1476358934563 0.079008654 -0.14425065 9.825205
1476358934583 0.077811554 -0.14305355 9.837775
1476358934603 0.062249243 -0.14425065 9.8198185
1476358934623 0.0700304 -0.14065935 9.816826
1476358934643 0.06344634 -0.1412579 9.817424
1476358934663 0.046088383 -0.15143326 9.814431
1476358934683 0.08619126 -0.14903906 9.824008
1476358934703 0.051475335 -0.14903906 9.822212
1476358934723 0.0724246 -0.14903906 9.829993
1476358934743 0.06404489 -0.1352724 9.81503
1476358934763 0.06943185 -0.14065935 9.825205
1476358934783 0.0712275 -0.14305355 9.829993
1476358934804 0.0700304 -0.15502456 9.825205
1476358934823 0.079008654 -0.15861586 9.815628
1476358934843 0.0712275 -0.14903906 9.812037
1476358934864 0.06404489 -0.14544775 9.835381
1476358934883 0.0700304 -0.16759412 9.824607
1476358934903 0.075417355 -0.1412579 9.829395
1476358934925 0.0712275 -0.12808979 9.831191
1476358934943 0.06464344 -0.1328782 9.828796
1476358934963 0.051475335 -0.14664486 9.788693
1476358934983 0.0664391 -0.15322891 9.8276
1476358935003 0.06943185 -0.16400282 9.830592
1476358935023 0.06943185 -0.16579847 9.804854
1476358935043 0.06823475 -0.1448492 9.822811
1476358935063 0.060453594 -0.1316811 9.838373
1476358935083 0.05865794 -0.1400608 9.8198185
1476358935103 0.076614454 -0.008379706 9.824607
1476358935123 0.06464344 -0.15562311 9.811439
1476358935143 0.073621705 -0.16460137 9.830592
1476358935163 0.073023155 -0.14963761 9.824607
1476358935183 0.062249243 -0.14305355 9.809045
1476358935203 0.046686932 -0.14724341 9.836577
1476358935223 0.0688333 -0.15263036 9.828198
1476358935243 0.073023155 -0.1448492 9.817424
1476358935263 0.07182605 -0.14544775 9.812635
1476358935283 0.07182605 -0.14305355 9.835381
1476358935303 0.0688333 -0.15801731 9.822811
1476358935323 0.05626374 -0.15682021 9.810242
1476358935343 0.05925649 -0.15023616 9.834782
1476358935363 0.073023155 -0.1436521 9.830592
1476358935383 0.08319851 -0.13946225 9.822212
1476358935403 0.0688333 -0.1448492 9.812635
1476358935423 0.0700304 -0.13946225 9.830592
1476358935443 0.0664391 -0.15801731 9.812635
1476358935463 0.055066638 -0.16519992 9.812635
1476358935483 0.073621705 -0.1400608 9.80665
1476358935503 0.0712275 -0.15801731 9.82341
1476358935523 0.08499416 -0.15981296 9.825205
1476358935543 0.08020575 -0.14305355 9.8276
1476358935563 0.05626374 -0.14305355 9.822212
1476358935583 0.0688333 -0.14903906 9.812635
1476358935604 0.053869538 -0.13467385 9.831789
1476358935623 0.06284779 -0.14664486 9.830592
1476358935645 0.05865794 -0.1400608 9.822212
1476358935663 0.08439561 -0.14844051 9.816227
1476358935683 0.049081136 -0.15263036 9.828198
1476358935703 0.06344634 -0.16101007 9.808446
1476358935723 0.0688333 -0.14724341 9.840169
1476358935743 0.06703765 -0.14844051 9.822212
1476358935763 0.06344634 -0.14844051 9.821015
1476358935783 0.077811554 -0.13706805 9.832388
1476358935805 0.073621705 -0.16340427 9.83957
1476358935823 0.076015905 -0.13347675 9.825804
1476358935843 0.074818805 -0.14664486 9.8198185
1476358935863 0.05805939 -0.15741876 9.850943
1476358935883 0.06943185 -0.14724341 9.822212
1476358935903 0.0700304 -0.16160862 9.846753
1476358935923 0.076015905 -0.13946225 9.820416
1476358935943 0.061052144 -0.14724341 9.827001
1476358935963 0.06464344 -0.15203181 9.822811
1476358935983 0.0688333 -0.14664486 9.824607
1476358936003 0.076015905 -0.1376666 9.820416
1476358936023 0.054468088 -0.14185645 9.7958765
1476358936043 0.05865794 -0.15442601 9.81084
1476358936063 0.0700304 -0.14844051 9.81503
1476358936083 0.065242 -0.16101007 9.815628
1476358936103 0.053869538 -0.14844051 9.831191
1476358936123 0.059855044 -0.15322891 9.834184
1476358936143 0.055066638 -0.15861586 9.827001
1476358936163 0.05686229 -0.15682021 9.826403
1476358936183 0.047285482 -0.14185645 9.822212
1476358936204 0.05566519 -0.14664486 9.817424
1476358936224 0.06284779 -0.17357962 9.816826
1476358936243 0.08140286 -0.14425065 9.813234
1476358936265 0.08319851 -0.15382746 9.822811
1476358936283 0.060453594 -0.1364695 9.809643
1476358936303 0.05805939 -0.15203181 9.811439
1476358936323 0.08678981 -0.14664486 9.810242
1476358936343 0.06584055 -0.15442601 9.831789
1476358936364 0.05327099 -0.1400608 9.827001
1476358936383 0.055066638 -0.008379706 9.79827
1476358936403 0.05686229 -0.14604631 9.807249
1476358936424 0.077213004 -0.15023616 9.83957
1476358936445 0.062249243 -0.15682021 9.809045
1476358936463 0.06703765 -0.14963761 9.838972
1476358936483 0.061052144 -0.14724341 9.812635
1476358936503 0.05626374 -0.16759412 9.803658
1476358936523 0.050278235 -0.14425065 9.81503
1476358936543 0.037110128 -0.1436521 9.835979
1476358936563 0.055066638 -0.14664486 9.824008
1476358936583 0.05566519 -0.13826515 9.824008
1476358936603 0.061650693 -0.12928689 9.832388
1476358936623 0.06464344 -0.12629414 9.828796
1476358936643 0.05925649 -0.14903906 9.824008
1476358936663 0.059855044 -0.14664486 9.827001
1476358936683 0.0712275 -0.15682021 9.825804
1476358936703 0.062249243 -0.1400608 9.828198
1476358936723 0.0700304 -0.14604631 9.832987
1476358936743 0.06584055 -0.14604631 9.812037
1476358936763 0.051475335 -0.15442601 9.825205
1476358936783 0.065242 -0.14844051 9.829395
1476358936804 0.06464344 -0.1400608 9.824607
1476358936823 0.06943185 -0.17118542 9.813234
1476358936843 0.062249243 -0.14664486 9.824607
1476358936863 0.049081136 -0.15502456 9.809045
1476358936883 0.08439561 -0.1436521 9.825205
1476358936903 0.06703765 -0.14664486 9.838972
1476358936923 0.07182605 -0.14724341 9.82341
1476358936943 0.061650693 -0.1316811 9.817424
1476358936963 0.075417355 -0.12868834 9.8198185
1476358936983 0.062249243 -0.16460137 9.821015
1476358937003 0.0664391 -0.13587095 9.826403
1476358937023 0.076015905 -0.0017956513 9.824008
1476358937043 0.0676362 -0.14963761 9.816826
1476358937063 0.06703765 -0.15083471 9.831789
1476358937083 0.05626374 -0.14844051 9.816227
1476358937103 0.05686229 -0.1448492 9.844358
1476358937123 0.0700304 -0.14305355 9.841965
1476358937143 0.053869538 -0.16400282 9.831191
1476358937163 0.061052144 -0.15083471 9.829395
1476358937183 0.04129998 -0.15322891 9.833585
1476358937203 0.06703765 -0.15023616 9.807249
1476358937223 0.06464344 -0.15143326 9.809643
1476358937243 0.06284779 -0.14425065 9.824008
1476358937263 0.06284779 -0.1364695 9.807249
1476358937283 0.0664391 -0.15322891 9.825804
1476358937303 0.055066638 -0.14844051 9.835381
1476358937324 0.06284779 -0.15861586 9.811439
1476358937343 0.0664391 -0.14185645 9.835381
1476358937363 0.050876785 -0.16280572 9.840169
1476358937383 0.06823475 -0.17477672 9.822811
1476358937404 0.06464344 -0.15861586 9.818023
1476358937430 0.065242 -0.15322891 9.81084
1476358937443 0.073621705 -0.15263036 9.822811
1476358937463 0.0664391 -0.14963761 9.829395
1476358937483 0.0724246 -0.1448492 9.834184
1476358937503 0.05925649 -0.15442601 9.822212
1476358937523 0.054468088 -0.16101007 9.8198185
1476358937543 0.06404489 -0.14963761 9.813234
1476358937563 0.0688333 -0.14185645 9.827001
1476358937583 0.061650693 -0.1604115 9.830592
1476358937603 0.06823475 -0.1400608 9.826403
1476358937623 0.065242 -0.1328782 9.813833
1476358937643 0.044891283 -0.17298107 9.809045
1476358937663 0.04189853 -0.14425065 9.831191
1476358937683 0.0676362 -0.16160862 9.812037
1476358937703 0.0712275 -0.15502456 9.816227
1476358937723 0.073023155 -0.13946225 9.816227
1476358937743 0.0700304 -0.1388637 9.812635
1476358937763 0.06823475 -0.15682021 9.849746
1476358937783 0.07062895 -0.15562311 9.824008
1476358937803 0.060453594 -0.1448492 9.815628
1476358937823 0.05626374 -0.15682021 9.821614
1476358937843 0.06464344 -0.1448492 9.826403
1476358937863 0.074818805 -0.15203181 9.816227
1476358937883 0.06464344 -0.15562311 9.81922
1476358937903 0.053869538 -0.1436521 9.8437605
1476358937923 0.055066638 -0.13706805 9.828796
1476358937943 0.053869538 -0.1388637 9.818023
1476358937963 0.06584055 -0.15562311 9.830592
1476358937983 0.0676362 -0.14305355 9.814431
1476358938003 0.06404489 -0.14963761 9.846154
1476358938023 0.06823475 -0.1388637 9.809045
1476358938043 0.0724246 -0.13467385 9.8198185
1476358938063 0.050278235 -0.15682021 9.838373
1476358938083 0.0664391 -0.16460137 9.825804
1476358938105 0.053869538 -0.14604631 9.833585
1476358938123 0.06404489 -0.15263036 9.825804
1476358938143 0.055066638 -0.1448492 9.822811
1476358938163 0.0664391 -0.1412579 9.825804
1476358938183 0.05746084 -0.14305355 9.81922
1476358938203 0.065242 -0.15023616 9.853337
1476358938223 0.08080431 -0.15562311 9.828198
1476358938243 0.073023155 -0.14664486 9.815628
1476358938263 0.05327099 -0.15442601 9.816227
1476358938283 0.05626374 -0.15442601 9.832388
1476358938303 0.0712275 -0.15083471 9.81503
1476358938325 0.060453594 -0.13946225 9.833585
1476358938343 0.059855044 -0.1412579 9.807249
1476358938363 0.065242 -0.15622166 9.824008
1476358938383 0.046686932 -0.14903906 9.837176
1476358938403 0.08020575 -0.15622166 9.829993
1476358938423 0.06464344 -0.14544775 9.818622
1476358938443 0.06404489 -0.1340753 9.840169
1476358938463 0.05746084 -0.15682021 9.830592
1476358938483 0.08259996 -0.15502456 9.831789
1476358938503 0.06823475 -0.13826515 9.821614
1476358938523 0.06584055 -0.15562311 9.829395
1476358938543 0.060453594 -0.14844051 9.818622
1476358938563 0.060453594 -0.15023616 9.827001
1476358938583 0.0676362 -0.1388637 9.836577
1476358938603 0.07182605 -0.15083471 9.83957
1476358938623 0.07062895 -0.15322891 9.816227
1476358938643 0.046686932 -0.16160862 9.837176
1476358938663 0.061650693 -0.15203181 9.822811
1476358938683 0.05925649 -0.14784196 9.834782
1476358938703 0.047285482 -0.15023616 9.822212
1476358938723 0.0676362 -0.15502456 9.836577
1476358938743 0.060453594 -0.12270284 9.834184
1476358938763 0.062249243 -0.16101007 9.835979
1476358938783 0.061650693 -0.1328782 9.811439
1476358938803 0.06943185 -0.1412579 9.825804
1476358938823 0.06284779 -0.16101007 9.813234
1476358938843 0.05327099 -0.15801731 9.808446
1476358938863 0.054468088 -0.14784196 9.824607
1476358938883 0.073023155 -0.15502456 9.832987
1476358938903 0.05746084 -0.14664486 9.815628
1476358938923 0.050278235 -0.1412579 9.813234
1476358938943 0.044292733 -0.14604631 9.825205
1476358938963 0.059855044 -0.15741876 9.79827
1476358938983 0.059855044 -0.15562311 9.835979
1476358939003 0.0700304 -0.17118542 9.838373
1476358939023 0.045489833 -0.15741876 9.813833
1476358939043 0.037110128 -0.14425065 9.818023
1476358939063 0.046088383 -0.14963761 9.838972
1476358939083 0.061650693 -0.15622166 9.840169
1476358939103 0.05327099 -0.16160862 9.832987
1476358939123 0.08439561 -0.15023616 9.809643
1476358939143 0.0700304 -0.15981296 9.817424
1476358939163 0.0712275 -0.1400608 9.843162
1476358939183 0.074220255 -0.16101007 9.802461
1476358939203 0.047884032 -0.15263036 9.82341
1476358939223 0.054468088 -0.15083471 9.820416
1476358939243 0.05805939 -0.15203181 9.830592
1476358939263 0.06344634 -0.1340753 9.81922
1476358939283 0.0664391 -0.15502456 9.835979
1476358939303 0.06464344 -0.14425065 9.813833
1476358939323 0.06284779 -0.15981296 9.846154
1476358939343 0.0700304 -0.15143326 9.814431
1476358939363 0.077213004 -0.16160862 9.8276
1476358939383 0.05746084 -0.15622166 9.815628
1476358939403 0.05327099 -0.15801731 9.816826
1476358939423 0.074220255 -0.15442601 9.81922
1476358939443 0.0712275 -0.1376666 9.813833
1476358939463 0.055066638 -0.15622166 9.822811
1476358939483 0.0712275 -0.14604631 9.813234
1476358939503 0.048482586 -0.15981296 9.824008
1476358939523 0.053869538 -0.13587095 9.811439
1476358939543 0.07182605 -0.1364695 9.825205
1476358939563 0.0700304 -0.15023616 9.816826
1476358939583 0.06464344 -0.15442601 9.815628
1476358939603 0.08080431 -0.14604631 9.824607
1476358939623 0.07062895 -0.15203181 9.817424
1476358939644 0.05207389 -0.16579847 9.836577
1476358939663 0.061650693 -0.14844051 9.814431
1476358939683 0.05686229 -0.1376666 9.80665
1476358939703 0.06344634 -0.12868834 9.837176
1476358939723 0.065242 -0.12509704 9.838373
1476358939743 0.0664391 -0.15083471 9.820416
1476358939763 0.06404489 -0.142455 9.834184
1476358939783 0.053869538 -0.15023616 9.800665
1476358939803 0.08439561 -0.1388637 9.829395
1476358939823 0.065242 -0.14305355 9.808446
1476358939843 0.0664391 -0.14425065 9.81922
1476358939863 0.06464344 -0.14664486 9.825804
1476358939883 0.055066638 -0.1316811 9.821614
1476358939903 0.0664391 -0.15562311 9.824008
1476358939923 0.04249708 -0.14784196 9.821015
1476358939943 0.0712275 -0.15023616 9.809643
1476358939963 0.073621705 -0.15322891 9.832987
1476358939983 0.079008654 -0.14544775 9.8437605
1476358940003 0.05327099 -0.14844051 9.835979
1476358940023 0.06943185 -0.15622166 9.831789
1476358940043 0.074220255 -0.1376666 9.822212
1476358940063 0.049679685 -0.15682021 9.809643
1476358940083 0.05805939 -0.14724341 9.799467
1476358940103 0.06823475 -0.17477672 9.824008
1476358940123 0.061650693 -0.16160862 9.809045
1476358940143 0.05865794 -0.15502456 9.808446
1476358940163 0.06943185 -0.14425065 9.85214
1476358940183 0.061650693 -0.14903906 9.816227
1476358940203 0.053869538 -0.1592144 9.8042555
1476358940223 0.049081136 -0.15322891 9.818023
1476358940243 0.05865794 -0.14425065 9.829993
1476358940263 0.074220255 -0.14604631 9.835381
1476358940283 0.061052144 -0.1400608 9.824008
1476358940303 0.06284779 -0.14784196 9.822811
1476358940323 0.061650693 -0.14903906 9.8276
1476358940343 0.073621705 -0.13946225 9.825205
1476358940363 0.05566519 -0.15861586 9.791686
1476358940383 0.060453594 -0.15322891 9.807249
1476358940403 0.055066638 -0.14305355 9.8042555
1476358940423 0.046088383 -0.15203181 9.824607
1476358940443 0.05327099 -0.15083471 9.825804
1476358940463 0.076614454 -0.16220717 9.822212
1476358940483 0.074818805 -0.1388637 9.832987
1476358940503 0.05746084 -0.1448492 9.824607
1476358940523 0.05267244 -0.15442601 9.800665
1476358940543 0.046686932 -0.15023616 9.904813
1476358940563 0.061052144 -0.14664486 9.864111
1476358940583 0.074220255 -0.14903906 10.002377
1476358940603 0.05925649 -0.14544775 10.5841675
1476358940623 0.061650693 -0.0796072 11.344925
1476358940643 0.14305355 -0.16340427 10.761936
1476358940663 0.32321724 -0.17118542 10.196905
1476358940683 0.56982 -0.108337626 10.190321
1476358940703 0.7685388 -0.2657564 10.444106
1476358940723 0.95468795 -0.12569559 9.86471
1476358940743 1.2354081 -0.13706805 9.165603
1476358940763 1.5897499 -0.2220622 8.593987
1476358940783 1.6178818 0.034715924 8.804677
1476358940806 1.8351556 -0.1388637 9.062054
1476358940823 1.9452889 -0.1604115 9.637859
1476358940843 2.0967221 -0.2088941 9.72824
1476358940863 2.3175871 -0.16579847 8.665813
1476358940883 2.72939 -0.46327803 8.457518
1476358940903 2.4139538 -0.3333926 9.320028
1476358940923 2.2990322 -0.11552023 9.886257
1476358940943 2.154183 -0.55006784 10.386645
1476358940963 2.2762873 -0.46686932 11.368268
1476358940983 2.778471 -0.45848963 10.311228
1476358941003 2.9005754 -0.59974754 8.367136
1476358941023 2.4959552 -0.48482585 8.212111
1476358941043 2.1458032 -0.95947635 8.684967
1476358941063 2.260725 -1.1965023 7.9768815
1476358941083 2.2780828 -0.5351041 7.5824366
1476358941103 2.7030537 -0.9959879 9.528324
1476358941123 2.9358897 -0.7009025 9.980229
1476358941143 3.4087446 -1.2372037 9.8677025
1476358941163 3.8684313 -1.9482816 9.808446
1476358941183 4.3777976 -1.3215994 12.28824
1476358941203 5.34326 -0.5243302 12.777855
1476358941223 5.1487308 -0.9487024 11.827955
1476358941243 4.911705 -1.6879122 10.547656
1476358941263 4.2503066 -1.6567876 9.5798
1476358941283 3.8247373 -1.5263035 8.99741
1476358941303 3.852869 -1.365892 9.496601
1476358941323 3.83192 -1.1115081 10.056845
1476358941343 3.8355112 -0.9684546 10.235811
1476358941363 3.4272997 -0.97503865 10.254366
1476358941383 3.0747535 -1.1174936 9.7007065
1476358941403 2.979584 -1.2012907 9.306861
1476358941423 2.6042929 -0.61171854 9.722255
1476358941443 2.7575219 -0.21068975 9.487623
1476358941463 3.0388405 -0.22505496 9.482236
1476358941483 3.0591912 -0.22505496 10.214263
1476358941503 2.6521769 0.23642741 10.693702
1476358941523 2.420538 0.2633622 10.516531
1476358941543 2.5157075 0.04369418 10.31901
1476358941563 2.15957 0.039504327 10.432136
1476358941583 1.8716671 0.16460137 10.727221
1476358941603 1.471237 0.19153613 10.78528
1476358941623 1.496376 0.19572599 10.609905
1476358941643 1.7016789 0.23223756 9.87668
1476358941663 1.2599486 0.45968673 9.936536
1476358941683 0.9151836 0.6787562 9.697714
1476358941703 0.78649527 0.641646 8.746617
1476358941723 0.5033809 0.87567925 7.8487916
1476358941743 0.5835867 1.1450269 7.361572
1476358941763 0.7751228 1.2910733 6.6175733
1476358941783 1.002572 1.2850877 5.6904187
1476358941803 0.97623575 1.2378023 4.7560816
1476358941823 0.7667431 1.2126632 4.110844
1476358941843 0.46686932 1.4161704 4.0898952
1476358941863 -0.25797522 1.8148049 4.549582
1476358941883 -6.8318543 5.979519 10.538677
1476358941903 -3.9498343 5.2875943 7.1101804
1476358941923 -3.9097314 4.7506948 8.744224
1476358941943 -1.06123 3.083732 9.553463
1476358941963 1.3587095 2.5504234 9.560047
1476358941983 1.0414777 3.071761 9.609727
1476358942003 0.35194764 3.755904 9.498995
1476358942023 -0.24061728 4.3514614 9.403826
1476358942043 -0.29328972 4.253299 9.234436
1476358942063 -1.2515689 4.136582 9.81922
1476358942083 -1.5945383 4.0186677 10.228029
1476358942103 -0.7068881 4.0898952 10.612299
1476358942123 0.48003745 3.8139634 10.590752
1476358942143 0.6727707 2.8802247 10.326791
1476358942163 -0.65900403 2.5306711 10.53748
1476358942183 -1.134253 2.4241292 10.100538
1476358942203 -1.6651673 2.6850972 9.968259
1476358942223 -1.4449008 2.1841104 9.428367
1476358942243 -0.7727286 2.0727801 9.189545
1476358942263 0.15023616 2.2469583 8.981249
1476358942283 0.88046765 2.4510639 8.479065
1476358942303 0.93972415 2.5420437 7.657854
1476358942323 0.80924016 2.8694508 6.9599442
1476358942343 0.8242039 3.6152446 7.4986396
1476358942363 1.447295 3.527856 5.966949
1476358942383 0.78529817 4.109049 6.92044
1476358942407 2.3535004 3.537433 7.884106
1476358942423 2.7940333 4.1760864 8.670602
1476358942443 2.4690206 3.639785 8.087613
1476358942463 2.4462755 2.8742392 8.564059
1476358942483 3.803788 2.9975405 9.110536
1476358942503 4.4196963 2.9161377 9.380483
1476358942523 3.7750576 2.8640637 9.599552
1476358942543 4.6561236 2.8263552 9.831191
1476358942563 5.470751 2.7515364 9.403227
1476358942583 4.8656163 2.8443117 8.799889
1476358942603 4.324527 3.1729157 8.599973
1476358942623 5.569512 3.1723173 8.798691
1476358942643 6.293758 2.5013423 9.113529
1476358942663 6.510433 2.3959973 9.551069
1476358942683 7.2634096 1.9482816 8.297106
1476358942703 7.37055 1.5682021 7.3190746
1476358942723 7.8452005 2.2349873 7.586028
1476358942743 8.020576 0.96665895 7.5052238
1476358942763 7.7572136 0.59017074 7.6961613
1476358942783 7.463924 0.5374983 7.1861963
1476358942803 7.4764934 0.41120413 6.5283895
1476358942823 7.7799582 0.24121583 5.8574142
1476358942843 7.751827 0.30466217 5.7017913
1476358942863 7.3466077 0.4201824 5.3803697
1476358942883 6.987478 0.98222125 5.3276973
1476358942903 6.485294 1.2761095 5.1517234
1476358942923 6.411672 1.8477252 4.8428717
1476358942943 6.873753 1.8800468 3.8001966
1476358942963 7.141305 1.7411832 3.0340521
1476358942983 7.952341 1.6059108 2.3463178
1476358943003 8.456919 1.7836803 1.6436194
1476358943023 8.333019 2.2637177 1.8201919
1476358943043 7.825448 2.8670566 2.183512
1476358943063 7.451354 3.5410242 1.9482816
1476358943083 8.398261 3.657143 1.6891093
1476358943103 8.862138 3.3063924 0.9636662
1476358943123 8.971672 3.4207156 0.32680854
1476358943143 9.205706 3.3399115 -0.76315176
1476358943163 9.723452 4.382586 -1.2665327
1476358943183 9.613318 4.1156325 0.31364042
1476358943203 10.087969 3.8618474 -0.7493851
1476358943223 10.602722 3.5930982 -0.9295488
1476358943243 11.16955 3.229778 -0.76554596
1476358943263 11.352706 3.4374752 -1.3605051
1476358943283 11.038467 3.591901 -1.697489
1476358943303 10.46326 3.3680432 -1.8890251
1476358943323 9.79827 2.8814218 -2.3876176
1476358943343 9.383475 2.4349031 -2.6689363
1476358943363 8.726865 2.1039047 -1.8339585
1476358943383 8.565855 1.8363527 -1.8477252
1476358943403 7.988254 1.8555063 -3.1639376
1476358943423 7.2071457 2.190096 -4.95899
1476358943443 6.035184 2.284667 -5.245696
1476358943463 5.6497173 1.8956091 -4.7147818
1476358943483 5.8244944 1.6346412 -4.4837413
1476358943503 5.8029466 1.785476 -4.589086
1476358943523 5.8005524 2.7670987 -4.9661727
1476358943543 3.4201171 4.231153 -6.4218473
1476358943563 1.400608 4.3634324 -6.2422824
1476358943583 0.11552023 3.627814 -6.367379
1476358943603 -1.4909891 3.7074213 -6.199187
1476358943623 -4.2383356 4.4274774 -6.0088477
1476358943643 -5.8639984 5.394735 -5.683835
1476358943663 -6.9707184 4.8039656 -6.59004
1476358943683 -7.65546 3.132813 -6.8563952
1476358943703 -8.284536 2.134431 -5.7784057
1476358943723 -9.798869 3.1783028 -5.0559554
1476358943743 -12.146982 4.809353 -6.1195793
1476358943763 -12.173319 4.831499 -5.8681884
1476358943783 -11.207857 3.763685 -3.6762967
1476358943803 -11.734581 4.2275615 -0.27353755
1476358943823 -12.165538 4.4340615 1.7208325
1476358943843 -12.389994 4.1264067 2.0428526
1476358943863 -12.300211 3.079542 1.1893197
1476358943883 -12.268488 2.4313118 0.19812019
1476358943903 -12.288838 2.4223335 -0.24181437
1476358943923 -11.95784 2.7694929 0.14784196
1476358943943 -11.048642 3.080739 0.44532153
1476358943963 -9.719262 3.4153287 -0.3561375
1476358943983 -8.216302 3.3859997 0.65062433
1476358944003 -7.4190326 2.825158 1.6460136
1476358944023 -7.0024414 2.1829133 1.816002
1476358944043 -6.8647747 2.1200657 1.352724
1476358944063 -7.016208 2.3463178 0.8655039
1476358944083 -6.699575 2.5689783 1.0965444
1476358944103 -6.293758 2.7060466 1.7561469
1476358944123 -6.4368114 3.091513 2.131438
1476358944143 -6.7468605 3.6170402 1.5616181
1476358944163 -6.806117 3.839701 1.0965444
1476358944183 -7.2352777 4.4184995 1.0468647
1476358944203 -8.034343 4.723161 1.1282675
1476358944223 -8.928576 4.981735 1.1641805
1476358944243 -9.258378 6.2985463 0.770933
1476358944263 -8.021772 8.725668 -7.917625
1476358944283 -8.797494 9.8042555 -16.027384
1476358944303 -10.117298 9.320627 -9.55885
1476358944323 -11.435306 6.487688 -0.023343466
1476358944343 -11.37186 5.1571107 6.519411
1476358944363 -11.113286 4.398747 8.343793
1476358944383 -10.76852 2.3570917 6.5607114
1476358944403 -9.3104515 1.1923125 1.6172832
1476358944423 -7.438186 1.352724 -4.75668
1476358944443 -6.913856 2.166154 -7.3202715
1476358944463 -7.8703394 3.0202854 -5.0104656
1476358944483 -7.6704235 3.0951042 -1.7250223
1476358944503 -7.1006036 3.341707 0.60693014
1476358944523 -6.543353 3.5781345 1.4742297
1476358944543 -5.896919 3.7924154 1.2078748
1476358944563 -5.1607018 3.8432922 0.54887074
1476358944583 -4.5645456 4.192846 -0.2148796
1476358944603 -4.1060557 4.1305966 -0.82360536
1476358944623 -4.817134 4.374805 -1.4251486
1476358944643 -6.2913637 4.481347 -2.4384944
1476358944663 -7.9595237 4.7201686 -3.252523
1476358944683 -9.39365 5.0984526 -3.2435448
1476358944703 -9.905411 5.4378304 -2.3493104
1476358944723 -9.301474 5.8203044 -1.3808558
1476358944743 -8.736442 6.2626333 -0.6536171
1476358944763 -8.507795 6.872556 -0.44113165
1476358944783 -8.922591 7.5614877 -1.3497312
1476358944803 -9.688736 7.8475947 -3.430891
1476358944823 -9.744401 8.2169 -3.9390604
1476358944843 -9.461287 8.687361 -1.9818004
1476358944863 -11.819575 8.09719 0.9427169
1476358944883 -14.064738 6.0142345 2.2110453
1476358944903 -12.942456 3.7954082 0.7230489
1476358944923 -9.63726 2.441487 -0.14604631
1476358944943 -6.8049197 1.8800468 1.1773487
1476358944963 -4.985925 2.183512 2.3756466
1476358944983 -3.894169 2.846706 2.5252843
1476358945003 -3.965995 3.6721067 1.6370354
1476358945023 -6.069301 4.4101195 -0.061052144
1476358945043 -8.630499 4.4927197 -1.6370354
1476358945063 -9.946113 4.2945995 -2.4145525
1476358945083 -9.448118 4.301183 -2.3588872
1476358945103 -8.246229 4.4304705 -1.5957354
1476358945123 -7.1586633 4.4903255 -0.53330845
1476358945143 -6.549339 4.4717703 0.6398504
1476358945163 -6.3925185 4.596867 1.3928268
1476358945183 -6.6893997 4.608838 1.2808979
1476358945203 -7.3298483 4.671686 0.33279404
1476358945223 -7.567473 4.8841715 -0.47644615
1476358945243 -7.638102 5.3235073 -0.7020996
1476358945263 -7.767389 5.7305217 -0.6398504
1476358945283 -8.407838 6.232107 -0.6278794
1476358945303 -10.19451 6.9479733 -0.6512229
1476358945323 -11.74715 7.083844 -1.0313023
1476358945343 -11.438897 7.055114 -1.8938135
1476358945363 -10.233417 7.2364745 -0.9504981
1476358945383 -9.892841 6.980295 2.203264
1476358945403 -9.904214 5.3528366 4.419098
1476358945423 -9.5492735 3.3153708 4.120421
1476358945443 -8.929773 2.4235306 0.6631939
1476358945463 -8.815451 1.3682863 -1.7735049
1476358945483 -9.100361 1.5292963 -5.195418
1476358945503 -9.643246 2.3403323 -4.506486
1476358945523 -9.578004 2.8844144 -1.6873137
1476358945543 -8.678981 3.5224693 1.1162965
1476358945563 -7.6841903 4.1814733 2.7329812
1476358945583 -7.006033 4.5938745 3.1453824
1476358945603 -6.6283474 4.787206 2.7994204
1476358945623 -5.971139 5.009867 2.1122844
1476358945643 -5.081693 5.0302176 0.9056068
1476358945663 -4.9799395 5.265448 -1.06123
1476358945683 -5.7987566 5.367202 -2.9119477
1476358945703 -7.0706763 5.2624555 -3.4931402
1476358945723 -7.980473 5.131373 -2.4588451
1476358945743 -7.994838 5.315128 -0.79128367
1476358945763 -7.383718 5.9106855 0.31663316
1476358945783 -6.873753 6.547543 0.87208796
1476358945803 -7.0646906 7.24665 0.85772276
1476358945823 -8.128913 8.031948 -0.52732295
1476358945843 -9.565434 8.499416 -3.333926
1476358945863 -10.128671 8.574235 -5.465364
1476358945883 -9.114726 8.900445 -3.120842
1476358945903 -9.55885 7.989451 -0.49679685
1476358945923 -10.655993 6.0704985 1.3940239
1476358945943 -10.572196 4.035427 2.6689363
1476358945963 -9.229049 2.6048915 3.0250738
1476358945983 -7.149685 2.112883 2.747945
1476358946003 -5.367202 2.4516625 2.396596
1476358946023 -4.657321 3.217807 2.0871453
1476358946043 -5.522825 3.958214 0.6254852
1476358946063 -7.973889 4.624999 -1.816002
1476358946083 -10.632051 4.833295 -3.9641995
1476358946103 -11.410766 4.799177 -4.406528
1476358946123 -11.358093 4.4765587 -4.103063
1476358946143 -9.156026 4.035427 -2.7252002
1476358946163 -7.004237 3.6595373 -1.1480197
1476358946183 -5.781399 3.5236664 0.24361002
1476358946203 -5.3642087 3.6685154 1.1671734
1476358946223 -5.391144 4.073136 1.3958195
1476358946243 -6.0423665 4.5860934 0.81881696
1476358946265 -7.339425 5.063138 0.061650693
1476358946283 -8.379706 5.3899465 -0.30107087
1476358946303 -8.778939 5.7029886 -0.18555063
1476358946323 -8.940548 5.9998693 -0.17058687
1476358946343 -9.190144 6.2752028 -0.4297592
1476358946363 -9.466674 6.5547256 -0.62249243
1476358946383 -9.600749 6.6971807 -0.6392518
1476358946403 -9.223063 6.7348895 -0.9187749
1476358946423 -8.06008 7.1263413 -0.6901286
1476358946443 -8.372523 7.6931686 0.4429273
1476358946463 -10.011354 7.109582 1.1629834
1476358946483 -12.165538 5.7424927 0.7254431
1476358946503 -12.70543 3.882198 0.56323594
1476358946523 -11.58674 2.042254 0.05267244
1476358946543 -9.622296 0.92895025 -1.4287399
1476358946563 -7.854179 0.65062433 -3.083732
1476358946583 -6.733692 1.2108675 -3.3794158
1476358946603 -6.9820905 2.0769699 -2.678513
1476358946623 -7.487866 2.9933507 -1.2946646
1476358946643 -7.961319 4.11264 0.17477672
1476358946663 -8.535329 5.031415 1.1300632
1476358946683 -8.903438 5.2558713 1.6334441
1476358946703 -8.618527 4.9865236 1.6891093
1476358946723 -7.9451585 4.811148 0.9900024
1476358946743 -7.3831196 4.4753613 0.4345476
1476358946763 -6.5601125 4.3221326 -0.85473
1476358946783 -6.1902084 4.441244 -2.066196
1476358946803 -6.5427547 4.6722846 -2.5354595
1476358946823 -7.056311 4.935048 -1.9351135
1476358946843 -7.5351515 5.019444 -0.6404489
1476358946863 -7.8996687 5.0643353 0.6925228
1476358946883 -8.678383 5.6108117 1.3012487
1476358946903 -9.7479925 6.3242836 0.93613285
1476358946923 -10.408194 7.3687544 -0.46447513
1476358946943 -10.618883 8.498817 -1.3605051
1476358946963 -10.915764 7.8876977 -0.52971715
1476358946983 -10.107122 5.7999535 1.0845734
1476358947003 -8.595782 3.9366663 1.5424645
1476358947024 -6.8689647 2.681506 1.3263878
1476358947043 -5.591658 2.224812 1.4891934
1476358947063 -5.053561 2.3517046 1.7411832
1476358947083 -5.217564 2.8688521 1.7022774
1476358947103 -6.408081 3.7098155 0.94690675
1476358947123 -9.546281 4.150947 -0.5805939
1476358947143 -12.222999 4.1425676 -1.6813282
1476358947163 -12.563574 4.3807907 -2.56419
1476358947183 -10.857705 4.373608 -2.7192147
1476358947203 -8.924985 4.168904 -1.9327193
1476358947223 -7.817667 3.8235402 -0.7290344
1476358947243 -7.754221 3.3464954 0.6123171
1476358947263 -8.1558485 3.0819361 1.6280571
1476358947283 -8.769362 3.1112652 2.172738
1476358947303 -9.501988 3.2231941 2.1936872
1476358947323 -10.127473 3.425504 1.9949685
1476358947343 -10.817602 3.5942953 1.4867992
1476358947363 -11.516708 3.6116533 0.8750807
1476358947383 -11.582549 3.7140055 0.53929394
1476358947403 -10.73979 3.520075 -0.023343466
1476358947423 -9.110536 3.3093853 0.15083471
1476358947443 -7.513005 2.947861 0.9516952
1476358947463 -6.3871317 2.5558102 2.0626047
1476358947483 -6.0597243 2.35769 3.032855
1476358947503 -6.447585 2.4355016 3.8540661
1476358947523 -7.1646485 2.7611132 4.1216183
1476358947543 -8.256405 3.520075 3.5003228
1476358947563 -9.446921 4.2060137 2.030283
1476358947583 -10.43034 4.9386396 -0.47225627
1476358947603 -10.784681 5.5180364 -2.7820623
1476358947623 -10.398617 5.816713 -3.927688
1476358947643 -9.606734 5.7095723 -3.4422636
1476358947663 -8.908226 5.445013 -2.1350293
1476358947683 -8.328231 5.2852 -0.7200562
1476358947703 -7.6464815 5.121796 0.5398925
1476358947723 -7.045537 5.011064 1.2030864
1476358947743 -6.499659 4.9176903 0.9636662
1476358947763 -6.467337 4.8279076 0.0664391
1476358947783 -6.7504516 4.8105497 -1.0534488
1476358947803 -7.2969284 4.9883194 -1.9045875
1476358947823 -8.076839 5.085883 -2.4797945
1476358947843 -8.754398 5.167286 -2.8909986
1476358947863 -8.781333 5.577293 -3.1010897
1476358947883 -8.45213 5.999271 -2.565387
1476358947903 -8.938752 6.218939 -1.3575124
1476358947923 -10.517728 5.6563015 -0.7032967
1476358947943 -11.312603 4.574721 -0.5614403
1476358947963 -10.405799 3.840898 -0.4830302
1476358947983 -8.411429 3.5362358 -0.1448492
1476358948003 -6.482301 3.484162 0.37948096
1476358948023 -5.865794 3.5535939 0.6943185
1476358948043 -5.279215 3.738546 1.5041572
1476358948063 -5.597045 4.009091 2.3157916
1476358948083 -6.3667808 4.1641154 2.6761189
1476358948103 -7.436989 4.338892 2.0811598
1476358948123 -8.899248 4.8973393 0.3429694
1476358948143 -9.908403 5.1864395 -1.661576
1476358948163 -9.752182 5.207389 -2.5635915
1476358948183 -8.586804 5.040992 -1.8064252
1476358948203 -7.2406645 4.7560816 -0.14724341
1476358948223 -6.2913637 4.570531 1.4550761
1476358948243 -6.0124393 4.507085 2.6868927
1476358948263 -6.35062 4.6220064 3.1974564
1476358948283 -7.1490865 4.865018 2.7353754
1476358948303 -8.079832 5.2983685 1.4909891
1476358948323 -8.889072 5.795165 -0.19512744
1476358948343 -9.113529 6.175245 -1.5053543
1476358948363 -8.632295 6.3344593 -1.8722657
1476358948383 -7.833828 6.187814 -1.2862848
1476358948403 -7.177817 5.9023056 -0.1436521
1476358948423 -6.911462 5.6156 0.98940384
1476358948443 -7.2753806 5.459977 1.9141643
1476358948463 -8.334815 5.787384 2.4390929
1476358948483 -9.607333 6.5391636 2.2786815
1476358948503 -10.361506 7.1951747 1.34195
1476358948523 -10.647015 8.149862 0.11312603
1476358948543 -10.641628 8.64666 -0.29149407
1476358948563 -10.968436 8.132504 0.41000703
1476358948583 -12.2559185 6.927024 0.88405895
1476358948603 -12.760496 5.2367177 0.6512229
1476358948623 -11.16955 3.5847185 1.0594343
1476358948643 -10.163984 3.0532057 1.4251486
1476358948663 -8.416218 2.2230163 1.4670471
1476358948683 -7.08145 1.83336 1.4065934
1476358948703 -5.957372 2.119467 1.2246342
1476358948723 -5.410896 2.3774424 1.1761516
1476358948743 -5.4617724 2.843713 0.98700964
1476358948763 -5.692813 3.3614593 0.45190558
1476358948783 -5.638345 3.913921 0.0053869537
1476358948803 -5.810129 4.3239284 -0.15322891
1476358948823 -6.4505777 4.5459905 0.078410104
1476358948843 -7.1604586 4.6136265 0.55246204
1476358948863 -7.8266454 4.569334 0.98102415
1476358948883 -8.182184 4.7459064 1.0265139
1476358948903 -8.058285 4.8548427 0.63087213
1476358948923 -7.583634 4.911106 0.3184288
1476358948943 -7.1873937 4.9601874 0.12330139
1476358948963 -7.055712 5.197213 -0.0035913025
1476358948983 -6.9767036 5.4138885 0.34476504
1476358949003 -7.116166 5.6084175 0.108337626
1476358949023 -7.615956 5.431845 -0.85054016
1476358949043 -8.395866 5.969343 -1.5316905
1476358949063 -9.198523 6.2488666 -1.3599066
1476358949083 -9.778519 6.154894 -1.0121487
1476358949103 -10.266336 5.685032 -0.0664391
1476358949123 -10.666168 5.12838 -0.077213004
1476358949143 -11.088146 4.675876 -0.45549688
1476358949163 -11.807604 3.9109285 -0.56323594
1476358949183 -12.558187 2.8101943 -0.22146365
1476358949203 -12.871228 2.0021513 -0.5907693
1476358949223 -12.4707985 1.471237 -1.5879543
1476358949243 -11.948263 1.2707225 -1.5215151
1476358949263 -11.4598465 1.1701661 -1.2515689
1476358949283 -11.212047 1.1683705 -1.0510546
1476358949303 -10.9025955 2.0123265 -0.7410054
1476358949323 -9.728839 1.3988123 -1.021127
1476358949343 -9.281721 1.2773066 -1.5191209
1476358949363 -8.582615 1.3144168 -1.9387048
1476358949383 -7.8733325 0.97144735 -3.1759086
1476358949403 -6.809708 1.0827777 -4.4484267
1476358949423 -5.1840453 1.553837 -6.7211227
1476358949443 -4.832696 1.091756 -8.311471
1476358949463 -5.2008047 1.086369 -8.432379
1476358949483 -5.6161985 1.3467385 -7.892486
1476358949503 -5.6221843 1.7058687 -7.5495167
1476358949523 -5.3163247 1.9710265 -7.129933
1476358949543 -5.043386 2.134431 -7.2101383
1476358949563 -4.863222 2.1146786 -7.768586
1476358949583 -4.1461587 2.3762453 -8.675988
1476358949603 -2.777274 2.3989902 -9.596559
1476358949623 -2.3277626 2.3187842 -11.048044
1476358949643 -1.3611037 2.1721394 -11.434109
1476358949663 -0.83138657 2.0787656 -11.56579
1476358949683 0.17357962 1.8507179 -11.712435
1476358949703 0.8086416 1.6699557 -11.897387
1476358949723 1.0546459 1.311424 -11.043854
1476358949743 1.3084313 1.1091139 -10.547656
1476358949763 2.355296 1.4101849 -9.862315
1476358949783 3.3518825 1.6262615 -8.597578
1476358949803 3.342904 2.1086931 -7.7470384
1476358949823 2.8526914 2.6749218 -7.6949644
1476358949843 2.087744 2.2571337 -7.113772
1476358949863 3.2441432 2.4851813 -6.2045736
1476358949883 3.5116954 2.855684 -6.591237
1476358949903 3.5410242 2.8413188 -6.7648168
1476358949923 3.834314 2.9993362 -6.3829417
1476358949943 4.912902 3.1052797 -5.66947
1476358949963 6.815095 4.0306387 -5.0374002
1476358949983 7.608773 4.56275 -3.8001966
1476358950003 7.0886326 5.3594203 -1.8070238
1476358950023 5.981314 3.402759 -2.594716
1476358950043 6.5565214 2.2529438 -3.007716
1476358950063 8.016386 2.4839842 -4.9027267
1476358950083 8.707113 2.771887 -7.8248496
1476358950103 8.239645 2.3355439 -7.607576
1476358950123 8.431181 2.0620062 -6.0291986
1476358950143 8.84478 2.468422 -5.097854
1476358950163 8.371924 2.6426 -4.0533834
1476358950183 8.003218 2.1679497 -4.745308
1476358950203 8.897452 2.3133974 -6.3218894
1476358950223 8.801085 2.368464 -6.307524
1476358950243 8.045116 2.292448 -5.931635
1476358950263 7.85777 2.1894975 -7.6985555
1476358950283 8.561067 1.5292963 -7.367557
1476358950303 8.286332 1.352724 -3.5350387
1476358950323 8.591593 0.62009823 -1.1168951
1476358950343 7.632715 0.39683893 -1.441908
1476358950363 7.617751 0.83737206 -2.236783
1476358950383 9.194333 1.1617863 -2.9047651
1476358950403 10.709264 1.4215573 -2.8496985
1476358950423 10.609905 1.2982559 -2.0201077
1476358950443 9.674371 0.9379285 -0.6290765
1476358950463 8.644864 1.2551602 -0.03232172
1476358950483 8.376115 1.073201 0.41599256
1476358950503 9.496002 1.3730747 1.5215151
1476358950523 9.379884 2.5570073 3.019687
1476358950543 8.734647 3.596091 3.6260185
1476358950563 8.318654 3.390788 3.357868
1476358950583 7.29214 2.7670987 2.7700913
1476358950603 8.10557 3.518878 2.022502
1476358950623 8.486248 4.000711 1.0540473
1476358950643 8.684368 3.1172507 1.6232687
1476358950663 8.663419 2.1613655 2.8898015
1476358950683 8.568848 1.6657659 3.4105403
1476358950703 9.372701 1.9135658 5.9627595
1476358950723 8.859145 1.4742297 8.788516
1476358950743 8.451532 1.5125369 8.924985
1476358950763 8.311471 0.79726917 8.950723
1476358950783 7.884106 0.7769185 8.953716
1476358950803 7.252037 1.067814 8.08462
1476358950823 6.8492126 1.0654198 6.619369
1476358950843 6.005855 0.8750807 5.9448028
1476358950863 5.819107 1.1348516 6.1938
1476358950883 5.831677 1.8237832 7.514202
1476358950903 5.7185507 0.078410104 7.8428063
1476358950923 5.6461263 -0.5770026 7.1604586
1476358950943 5.5120506 -0.30825347 7.0646906
1476358950963 5.2702365 -0.2885013 6.994062
1476358950983 5.141548 -0.10055647 6.9425864
1476358951003 4.7907977 0.7104794 7.257424
1476358951023 4.4035354 1.7489643 7.5926123
1476358951043 4.59986 2.1996727 7.9236107
1476358951063 6.051345 2.4881742 8.221688
1476358951083 5.3713913 2.1284454 6.8264675
1476358951103 4.64116 1.5682021 7.0395517
1476358951123 4.3406878 0.6799533 6.0531406
1476358951143 6.1279593 1.2294226 7.132327
1476358951163 2.8018146 2.7724855 11.386824
1476358951183 1.797447 1.7316064 10.840346
1476358951203 2.3654714 1.9153614 9.192537
1476358951223 3.271078 2.1206641 9.487623
1476358951243 2.6102784 1.9405005 11.142016
1476358951263 3.2243912 1.7717092 11.480197
1476358951283 2.7329812 1.8118122 11.106103
1476358951303 1.9937714 1.9093759 11.438897
1476358951323 2.4785974 2.4019828 10.341754
1476358951343 2.5169046 2.356493 10.111312
1476358951363 2.5629928 2.1829133 9.141661
1476358951383 2.7048495 1.8668787 8.665813
1476358951403 2.4756045 1.3928268 8.90643
1476358951423 2.3157916 1.0809821 9.440936
1476358951443 2.0488381 0.9343372 9.539098
1476358951463 1.7980455 0.8810662 9.372701
1476358951483 2.0727801 1.1049241 8.831013
1476358951503 2.054225 1.3024458 8.6813755
1476358951523 2.231396 1.5406688 8.233061
1476358951543 1.4850036 1.9339164 7.900267
1476358951563 1.9267339 1.8261774 8.042722
1476358951583 1.4670471 1.7441759 8.522759
1476358951603 1.074398 2.1787236 8.406042
1476358951623 3.3039982 3.1106665 8.637681
1476358951643 0.23463176 1.1162965 5.923255
1476358951663 2.0913353 4.0282445 7.285556
1476358951683 0.9307459 1.7591397 8.271368
1476358951703 -0.047884032 0.83138657 8.7532015
1476358951723 0.8607155 0.8487445 8.441956
1476358951743 1.8926164 1.3156139 8.516774
1476358951763 3.028665 1.9476831 11.1414175
1476358951783 4.35625 1.0720038 10.746374
1476358951804 4.256292 1.5927427 10.737994
1476358951823 2.066196 1.5436616 9.258977
1476358951843 -0.23403321 2.1691468 11.367071
1476358951863 -1.0839748 3.8115692 12.223597
1476358951883 -1.0534488 3.141791 12.471995
1476358951903 1.1755531 1.3605051 10.84334
1476358951923 1.2126632 0.6398504 10.175357
1476358951943 0.62608373 2.6479871 11.063007
1476358951963 0.10235212 4.6321816 12.130821
1476358951983 0.24241292 2.7964275 10.386645
1476358952003 0.44831428 1.6962919 10.109517
1476358952023 -0.22984336 1.7776948 10.699089
1476358952043 -0.9876082 1.8614918 10.662578
1476358952063 -0.8834604 1.5352819 9.983821
1476358952083 -0.9475053 1.2030864 9.574412
1476358952103 -1.1139023 1.0498575 9.103952
1476358952123 -0.9995792 0.96306765 8.265982
1476358952143 -1.4323312 1.2605472 7.8308353
1476358952163 -1.6843209 1.2880806 7.8649526
1476358952183 -1.6795325 1.8447324 8.397662
1476358952203 -2.0003555 2.088941 7.472902
1476358952224 -1.4401124 1.8644845 7.74225
1476358952243 -1.2533646 1.887828 8.999206
1476358952263 -1.3006501 2.130241 10.341754
1476358952283 -0.6667852 1.7824832 10.312426
1476358952303 -0.89543146 1.95307 8.740033
1476358952323 -0.9756372 1.9500773 8.201937
1476358952347 -1.1528081 2.5570073 9.126697
