A 1480760208072 -3.7823598 -12.654552 -0.56048286
A 1480760208270 -1.4599842 -9.269152 0.5480325
A 1480760208470 -6.298666 -13.104663 3.0499732
A 1480760209173 0.2542643 -5.883751 -1.2045231
A 1480760209373 -11.592246 -19.600132 11.851059
A 1480760209576 -4.6825795 -16.104597 0.16974863
A 1480760209776 -1.6443377 -8.716091 -0.26839027
A 1480760210001 -2.2620418 -8.491036 -0.9339783
A 1480760210201 -5.874892 -13.162124 2.4849417
A 1480760210401 -5.8509502 -9.441534 -0.40725398
A 1480760210603 -6.066428 -8.052897 5.66923
A 1480760210803 1.9661186 -3.9923313 -8.755836
A 1480760211001 -2.9611485 -8.682572 0.39240938
A 1480760211202 -5.7503934 -13.39915 2.427481
A 1480760211402 -4.469496 -11.797429 -1.321839
A 1480760211606 -1.0218452 -4.0282445 0.2655167
A 1480760211810 7.872614 -1.3371618 -4.3624754
A 1480760212003 -3.226905 -8.996213 0.06440376
A 1480760212205 -6.5189323 -12.35049 0.5049369
A 1480760212404 4.2214565 -13.21719 0.40677458
A 1480760212606 1.7099389 -2.373851 -0.79272044
A 1480760212807 0.041180342 -17.028759 12.59805
A 1480760213002 -1.1295843 -7.454347 -0.68737555
A 1480760213205 -4.5724463 -12.544419 -1.2093115
A 1480760213401 3.0746338 -14.945804 -2.0903778
A 1480760213602 1.331655 -2.3690627 -0.9483436
A 1480760213807 -3.1862035 -19.600132 4.3572073
A 1480760214005 -2.3673866 -6.8653736 -1.5947781
A 1480760214206 -4.8836927 -11.981782 1.3285422
A 1480760214407 2.078646 -16.796522 -4.7263937
A 1480760214606 1.6333245 -2.7473464 -0.37134093
A 1480760214805 -3.1359253 -17.292122 0.8808266
A 1480760215006 -1.6706738 -6.7672114 -1.3792999
A 1480760215206 -5.089594 -10.696095 2.0037072
A 1480760215407 0.7091626 -18.783709 -2.3681052
A 1480760215604 1.7027563 -4.047398 -0.10797876
A 1480760215804 2.3970747 -4.2868185 0.5695803
A 1480760216005 -6.9091873 -11.244368 2.132994
A 1480760216206 -0.87579894 -8.052897 -0.55090606
A 1480760216402 -6.322608 -10.073604 3.9956827
A 1480760216604 2.0882227 -4.3849807 -0.9579204
A 1480760216802 -11.24748 -12.063185 7.9796343
A 1480760217002 -0.48314983 -6.3506203 -3.9889798
A 1480760217204 -3.7871482 -8.536526 -0.13192078
A 1480760217406 -4.349786 -12.673706 -1.3457811
A 1480760217606 5.684314 -11.706449 -1.6498446
A 1480760217808 -1.3761871 -4.590882 0.5863397
A 1480760218006 -3.0880413 -19.600132 7.989211
A 1480760218205 -0.8207323 -6.724116 -1.522952
A 1480760218406 -1.8071433 -9.594763 -2.1669922
A 1480760218602 -7.158184 -10.399215 0.8904034
A 1480760218802 2.780147 -4.0617633 -1.1829753
A 1480760219006 -11.73111 -10.854114 9.437703
A 1480760219208 -5.3338027 -15.484499 2.5400083
A 1480760219407 1.6644491 -8.790311 -0.38570616
A 1480760219605 -7.390422 -13.351266 0.6892904
A 1480760219805 -2.4056938 -9.103951 -0.41922498
A 1480760220007 -6.5572395 -11.8261595 8.966045
A 1480760220207 -2.7001805 -17.514782 0.21523848
A 1480760220407 -1.4863204 -8.256404 0.14101821
A 1480760220606 -3.7057452 -12.927492 2.5064895
A 1480760220807 -6.681738 -10.581174 1.242351
A 1480760221007 -3.2771833 -5.2373166 3.4114978
A 1480760221206 6.112876 -4.9524064 -3.9482782
A 1480760221406 -2.7336996 -8.661024 0.17693123
A 1480760221607 -5.4175997 -12.434286 0.64140636
A 1480760221808 1.7506404 -9.989806 -0.52217567
A 1480760222003 0.63733655 -4.2245693 -0.33782214
A 1480760222208 -1.7281348 -19.600132 3.035608
A 1480760222407 -3.7272933 -8.074445 -1.1757927
A 1480760222606 -3.1766267 -10.305841 1.0077193
A 1480760222807 -1.0840944 -16.171635 0.8066063
A 1480760223006 0.52720326 -5.0146556 -0.21571784
A 1480760223207 -1.7041928 -6.513426 5.5686736
A 1480760223407 -4.5748405 -8.206126 0.8281541
A 1480760223601 0.10103537 -8.435969 0.033279136
A 1480760223805 -5.408023 -9.79827 2.5280373
A 1480760224007 0.8240843 -6.3530145 -0.021787494
A 1480760224206 -16.418957 -19.600132 8.5829735
A 1480760224406 -3.131137 -15.13734 0.124258816
A 1480760224606 -0.5813121 -8.17979 -0.13670918
A 1480760224807 -5.5684342 -13.245921 1.9342754
A 1480760225006 -3.5692759 -9.611523 2.190455
A 1480760225202 0.891122 -4.1886563 1.302206
A 1480760225405 2.7969065 -5.9052987 -1.3362043
A 1480760225607 -0.44963104 -8.637082 0.63182956
A 1480760225808 -3.071282 -10.660183 1.290235
A 1480760226006 1.781765 -13.011289 4.7163377
A 1480760226207 0.2686295 -5.5389857 0.64140636
A 1480760226408 -12.018414 -13.597868 6.1504645
A 1480760226607 -3.487873 -9.352949 -3.8477218
A 1480760226806 -2.0154388 -8.435969 0.39480358
A 1480760227007 -5.673779 -12.5348425 2.0061014
A 1480760227207 -1.1750741 -9.209296 2.65493
A 1480760227407 -0.44963104 -3.2716765 0.74435705
A 1480760227607 3.397851 -11.8261595 9.77768
A 1480760227808 -0.056981936 -7.832631 -0.6035785
A 1480760228007 -4.2085276 -11.704055 -0.3258511
A 1480760228207 1.7338809 -17.96968 0.5145137
A 1480760228408 0.74746984 -4.128801 0.06440376
A 1480760228607 -1.1152191 -5.883751 5.2239084
A 1480760228807 -3.1000123 -12.125434 0.61267596
A 1480760229006 -1.4360421 -8.802282 2.1473591
A 1480760229208 -3.2005687 -12.304999 1.4937422
A 1480760229406 -0.98832643 -9.396045 -0.9363725
A 1480760229606 0.108218 -4.231752 -0.46232063
A 1480760229808 -5.3816867 -19.600132 0.61267596
A 1480760230006 -0.76327145 -7.088034 -0.96749717
A 1480760230208 -3.9092524 -10.123881 0.45944703
A 1480760230408 -1.1678915 -14.220361 2.0563796
A 1480760230602 1.1784261 -4.7465053 0.53366727
A 1480760230807 -9.05918 -8.452729 8.688318
A 1480760231008 -7.739975 -14.344859 2.8129473
A 1480760231204 1.2023681 -8.469488 0.047644347
A 1480760231407 -7.3257785 -12.702436 0.30142972
A 1480760231607 -3.0162153 -6.712145 0.062009558
A 1480760231807 -5.0848055 -10.935516 8.633251
A 1480760232007 5.9572525 -1.8686745 -6.83808
A 1480760232208 -3.985867 -9.214085 1.2136205
A 1480760232408 -6.3034544 -12.233173 0.39001518
A 1480760232606 1.616565 -9.163807 -2.6075253
A 1480760232806 0.5798757 -4.0378213 -0.33542794
A 1480760233007 -4.4551306 -19.600132 0.3780442
A 1480760233208 -0.49990922 -6.20218 -2.6003428
A 1480760233408 -4.02178 -10.236409 0.9191338
A 1480760233606 -0.6220135 -16.118963 2.5543735
A 1480760233804 1.2981362 -4.485537 -0.21092944
A 1480760234006 -9.018479 -8.526949 7.448122
A 1480760234208 -5.628289 -8.163031 1.7978058
A 1480760234408 -0.6794744 -9.745598 1.6780957
A 1480760234606 -6.006573 -12.671312 0.2679109
A 1480760234807 -1.6036363 -6.491878 0.6581658
A 1480760235006 -14.221079 -19.600132 13.249272
A 1480760235206 -10.261069 -19.600132 0.53127307
A 1480760235408 -0.91171193 -7.748834 0.006942928
A 1480760235606 -6.2531757 -14.464569 1.1968611
A 1480760235807 -1.8478448 -7.559692 0.9406816
A 1480760236007 -3.2460587 -7.629124 4.3619957
A 1480760236207 3.994007 -1.1121068 -9.909841
A 1480760236408 -3.334644 -8.924387 -0.24923666
A 1480760236606 -5.783912 -11.890802 0.30382392
A 1480760236807 0.52720326 -9.38168 -1.712094
A 1480760237004 0.1130064 -5.5988407 0.07637477
A 1480760237208 -5.8772864 -12.525266 1.0819395
A 1480760237408 0.2590527 -6.6594725 1.7738638
A 1480760237605 -1.2109872 -9.589974 0.5097253
A 1480760237807 -5.2404284 -9.4774475 1.9630058
A 1480760238007 1.4920665 -5.206192 -0.13192078
A 1480760238208 -19.153135 -19.600132 8.254968
A 1480760238407 -1.9316419 -9.537302 -4.573165
A 1480760238605 -2.2237344 -8.352173 0.27509353
A 1480760238808 -4.4910436 -13.605051 1.7571044
A 1480760239006 -4.14149 -8.086416 1.0029309
A 1480760239207 -1.1415553 -5.692215 2.501701
A 1480760239407 5.983589 -1.6029181 -3.481409
A 1480760239605 -3.5668817 -9.721656 2.0635622
A 1480760239808 -5.8796806 -11.955446 0.06440376
A 1480760240006 2.1576545 -9.750386 1.170525
A 1480760240204 0.06272815 -4.2509055 0.33255434
A 1480760240409 -5.515762 -18.922573 2.6477473
A 1480760240606 0.37158018 -6.228516 -2.3513458
A 1480760240807 -5.0632577 -10.411186 2.5064895
A 1480760241007 1.6931795 -12.779052 -4.4462724
A 1480760241208 0.8097191 -4.995502 -1.0848131
A 1480760241409 -3.217328 -18.97285 -1.8509576
A 1480760241605 2.4736893 -7.5070195 -2.1215024
A 1480760241802 -0.21739344 -9.455899 -0.79990304
A 1480760242007 -4.6466665 -11.699266 2.3508663
A 1480760242207 -3.5549107 -8.301894 1.218409
A 1480760242408 -5.374504 -11.241974 6.5909977
A 1480760242606 4.3914447 -12.139799 6.1863775
A 1480760242808 -4.5030146 -8.500613 -5.8205442
A 1480760243007 -3.487873 -10.487801 0.10989359
A 1480760243207 1.3867217 -16.794128 -0.117555566
A 1480760243402 0.2662353 -4.315549 0.77787584
A 1480760243606 0.15849622 -6.357803 1.9582174
A 1480760243808 -0.7177816 -8.407239 0.60788757
A 1480760244007 -0.059376135 -8.057686 0.29424712
A 1480760244208 -5.103959 -11.656171 2.3173475
A 1480760244408 0.46734822 -7.284359 -0.75441325
A 1480760244607 -7.854897 -19.600132 13.364194
A 1480760244807 5.95007 -2.4768016 -6.522045
A 1480760245007 -3.4782963 -8.392874 0.19847906
A 1480760245207 -5.7025094 -12.204443 2.6357763
A 1480760245409 -5.4750605 -11.203667 3.2989702
A 1480760245607 0.76183504 -3.9803603 -0.41683078
A 1480760245806 -2.4296358 -12.865243 10.6683235
A 1480760246007 0.14413102 -7.5956054 -1.9730619
A 1480760246208 -3.193386 -11.914744 0.73956865
A 1480760246408 1.9230227 -17.155653 0.06919217
A 1480760246604 1.3771448 -3.7816415 -0.09361355
A 1480760246807 -0.5932831 -8.325836 -0.9148247
A 1480760247007 -3.985867 -7.4615297 -1.0800247
A 1480760247207 -0.47596723 -9.460688 0.30382392
A 1480760247408 -2.9372065 -10.897209 3.8975205
A 1480760247606 1.3029246 -5.1080294 -0.18938161
A 1480760247807 -14.005601 -15.472528 8.975622
A 1480760248005 -6.1645904 -15.893908 -1.3050796
A 1480760248207 0.10342957 -8.043321 -0.8214509
A 1480760248407 -5.2907066 -14.320917 1.2830524
A 1480760248606 -1.886152 -7.13113 -1.2715608
A 1480760248805 -10.196426 -19.600132 13.12238
A 1480760249005 -3.1766267 -13.025654 -4.5899243
A 1480760249207 -2.7432764 -7.7153153 -0.4383786
A 1480760249407 -5.362533 -13.059173 0.96941197
A 1480760249606 -5.1686025 -11.184513 1.5464146
A 1480760249802 -1.1080365 -4.7105923 0.8999802
A 1480760250006 2.7897239 -9.41041 6.0283604
A 1480760250206 0.1106122 -8.74961 -1.3960593
A 1480760250408 -7.538862 -11.629834 -0.37134093
A 1480760250606 1.2741942 -9.939528 -0.2851497
A 1480760250806 1.5231912 -3.4368765 -0.64906836
A 1480760251006 -1.6347609 -14.862007 13.943591
A 1480760251207 0.47213662 -7.662643 -2.3848646
A 1480760251406 -5.604347 -12.046426 -0.66343355
A 1480760251606 6.5558033 -13.035231 -3.9075768
A 1480760251806 1.4441825 -4.2054157 -0.56048286
A 1480760252004 -0.98832643 -13.798982 -2.200511
A 1480760252207 -2.8486211 -6.894104 -1.2021289
A 1480760252407 -2.1064186 -9.216479 -1.0991783
A 1480760252606 -4.000232 -9.5492735 2.2550983
A 1480760252807 1.0347741 -7.9547353 -0.97467977
A 1480760253007 -14.664006 -19.600132 9.799228
A 1480760253207 1.7889476 -5.2947774 -5.928283
A 1480760253407 -3.1526847 -7.995437 -1.273955
A 1480760253606 -4.4647074 -13.255498 0.28467032
A 1480760253805 -3.2915485 -10.518925 1.3979741
A 1480760254006 -0.095289156 -5.196615 0.3612848
A 1480760254207 -4.723281 -17.043125 -1.5157694
A 1480760254408 -1.4528016 -7.29633 -2.2388182
A 1480760254606 -3.487873 -9.417592 -0.9339783
A 1480760254808 -2.4703372 -14.711172 1.8337188
A 1480760255007 1.3460202 -3.9228995 0.22242108
A 1480760255202 -3.4495656 -3.6212301 3.9238567
A 1480760255408 -8.120653 -12.553996 4.091451
A 1480760255605 1.6716317 -9.774328 1.338119
A 1480760255808 -3.2652123 -8.383297 2.3269243
A 1480760256006 1.2789826 -4.519056 -0.5006279
A 1480760256206 -16.189114 -19.600132 10.54143
A 1480760256407 -8.166143 -17.996017 -1.6259027
A 1480760256606 0.38115698 -7.976283 -2.3728936
A 1480760256806 -6.372886 -14.1030445 0.75632805
A 1480760257006 -3.6458902 -7.8637557 -0.431196
A 1480760257206 -3.475902 -6.8653736 5.66923
A 1480760257408 3.9126043 -1.6220717 -7.8556156
A 1480760257606 -4.000232 -8.771157 0.97898877
A 1480760257807 -5.4152055 -12.477382 0.64858896
A 1480760258007 -3.511815 -9.970653 0.5384557
A 1480760258206 1.3915101 -3.3554738 -0.49583945
A 1480760258404 -2.501462 -16.547525 7.4792466
A 1480760258606 0.88872766 -7.2891474 -3.9410956
A 1480760258807 -4.414429 -11.495759 -0.53175247
A 1480760259006 1.8488026 -15.896302 -2.092772
A 1480760259207 -0.35386294 -4.7872066 0.74196285
A 1480760259408 0.88393927 -8.725668 -0.41204238
A 1480760259606 2.0379446 -6.465542 0.31818914
A 1480760259807 -5.0488925 -11.613075 2.2550983
A 1480760260006 0.51283807 -12.915521 2.4897301
A 1480760260207 -0.6962338 -3.4943373 0.9119512
A 1480760260408 0.2542643 -8.048109 1.2926292
A 1480760260608 1.8368316 -6.4511766 -0.3066975
A 1480760260806 1.5591042 -10.380061 -0.25402507
A 1480760261006 -4.6610317 -10.26514 2.8081589
A 1480760261206 1.6812085 -4.519056 -0.09361355
A 1480760261405 -18.030254 -18.233044 8.894219
A 1480760261604 0.16328461 -7.7320747 -5.1405907
A 1480760261808 0.8959104 -7.8015065 -1.5540766
A 1480760262006 -6.4758368 -13.703213 0.3564964
A 1480760262207 -5.0464983 -10.075997 -0.2995149
A 1480760262407 -0.009097904 -4.3586445 0.7826643
A 1480760262606 5.689102 -12.984953 9.906967
A 1480760262808 1.2909536 -8.36175 -1.0201696
A 1480760263006 -5.9874196 -12.072762 -1.0417174
A 1480760263206 5.430528 -13.54759 -2.3944414
A 1480760263408 1.3460202 -3.738546 -0.5940017
A 1480760263606 -0.32513252 -17.055096 -0.9291899
A 1480760263807 -0.5765237 -7.4974427 -3.4861975
A 1480760264006 -3.0784645 -9.554062 2.2048202
A 1480760264206 0.99886096 -17.35437 -2.4231718
A 1480760264407 1.9397824 -2.9364884 -0.3186685
A 1480760264606 1.8799272 -6.4511766 1.7092203
A 1480760264803 -3.3777397 -7.830237 0.5935223
A 1480760265005 -0.8015787 -9.288305 -0.4527438
A 1480760265206 -4.0983944 -9.496601 3.5910628
A 1480760265408 2.231875 -4.2389345 -0.14389178
A 1480760265606 -9.212409 -10.7990465 8.764933
A 1480760265807 -5.103959 -14.9386215 2.4801533
A 1480760266006 1.4705187 -9.039309 1.1609482
A 1480760266206 -5.2045155 -13.02326 1.7594986
A 1480760266407 -0.49033242 -7.4615297 -0.68737555
A 1480760266606 -12.4086685 -17.742231 10.826341
A 1480760266806 2.0882227 -4.351462 -5.7942076
A 1480760267006 -1.3881581 -8.718485 0.06919217
A 1480760267206 -6.784689 -13.868413 1.5296552
A 1480760267408 -7.1103 -9.527725 -2.5931602
A 1480760267606 -5.5827994 -9.398438 5.597404
A 1480760267808 7.1878724 -1.3060372 -7.5850706
A 1480760268002 -4.2923245 -8.838196 -0.52456987
A 1480760268205 -9.300995 -13.3704195 -2.7703311
A 1480760268403 0.99167836 -8.967483 -2.06883
A 1480760268606 -0.05219353 -3.4943373 0.9167396
A 1480760268805 -5.1566315 -19.600132 9.468828
A 1480760269006 -1.5485696 -6.575675 -5.3177614
A 1480760269205 -3.8948872 -9.398438 0.05961536
A 1480760269408 -2.9731197 -15.632939 0.66056
A 1480760269606 0.30933094 -5.1391544 0.41156298
A 1480760269807 -9.310572 -6.628348 6.11934
A 1480760270006 -7.718427 -15.913061 -1.024958
A 1480760270203 -2.5230098 -8.136694 -0.36415833
A 1480760270408 -7.1294537 -12.07755 -2.8110325
A 1480760270606 -0.47836143 -9.187749 1.7355566
A 1480760270806 -0.5310339 -6.2811885 0.46902382
A 1480760271006 -2.5780764 -7.0976114 4.354813
A 1480760271207 -6.344156 -17.713501 -1.570836
A 1480760271405 0.2853889 -9.01776 -0.100796156
A 1480760271605 -3.12156 -10.712855 0.8616729
A 1480760271808 1.6213534 -5.5246205 -1.2763492
A 1480760272005 -17.216225 -19.17636 12.612415
A 1480760272207 -7.689697 -16.473305 -3.9674318
A 1480760272409 1.6357187 -8.694543 0.62943536
A 1480760272606 -5.757576 -13.312959 2.0084956
A 1480760272807 -0.90692353 -10.068815 0.08116317
A 1480760273006 -1.8406622 -4.1216183 2.6956315
A 1480760273207 1.7123331 -5.1247888 -8.032786
A 1480760273410 -2.4775198 -9.149442 -0.031364307
A 1480760273604 -6.6147003 -13.154941 1.2327741
A 1480760273807 -9.578722 -11.225214 2.1186287
A 1480760274006 1.0658987 -4.461595 -0.68258715
A 1480760274207 1.2789826 -16.85159 17.068024
A 1480760274407 1.3891159 -7.842208 -1.9419372
A 1480760274606 -4.71131 -12.695254 0.2487573
A 1480760274808 5.0761867 -12.340913 -2.3369806
A 1480760275004 1.7027563 -4.1790795 -1.5157694
A 1480760275208 -4.807078 -19.600132 -2.6578035
A 1480760275409 0.50565547 -6.980295 -3.2012873
A 1480760275606 -3.7656004 -12.000936 -0.77356684
A 1480760275807 2.8926744 -17.71829 -4.0560174
A 1480760276006 1.5591042 -2.8862102 -0.8286335
A 1480760276207 2.183991 -10.494983 -1.9347546
A 1480760276406 -4.2947187 -7.7416515 1.5919044
A 1480760276602 -1.8885462 -10.33936 -0.17980482
A 1480760276806 -3.1119833 -11.124658 2.2359447
A 1480760277006 1.913446 -5.093664 -0.35218734
A 1480760277207 -6.310637 -5.1630964 7.847954
A 1480760277408 -7.6753316 -12.410344 6.061879
A 1480760277606 0.5702989 -9.372103 0.8329425
A 1480760277807 -7.4957666 -11.0695915 1.2255915
A 1480760278006 -0.8422801 -7.8134775 -0.2779671
A 1480760278207 -12.758222 -19.600132 16.672981
A 1480760278405 -2.9803023 -10.760739 -4.293043
A 1480760278608 -0.8327033 -8.055291 -0.77835524
A 1480760278808 -7.3018365 -12.115857 0.63182956
A 1480760279005 -1.8334796 -9.527725 -0.42880177
A 1480760279207 0.01484412 -4.20781 1.587116
A 1480760279406 9.251675 0.9732429 -7.115807
A 1480760279603 -2.4272416 -9.695319 1.4267045
A 1480760279804 -6.384857 -12.472593 1.575145
A 1480760280006 1.3699622 -10.5524435 1.8648434
A 1480760280208 1.2718 -2.7569232 -0.98904496
A 1480760280408 7.386591 -1.0330982 -1.8246213
A 1480760280607 -1.316332 -8.48146 -1.0680537
A 1480760280806 -6.0448804 -11.70166 -1.5971723
A 1480760281005 6.9532404 -12.963405 -3.2180467
A 1480760281207 1.6381129 -3.7576995 -1.1135435
A 1480760281408 -3.784754 -19.600132 -1.3792999
A 1480760281606 -1.6634912 -7.686585 -2.2603662
A 1480760281807 -1.9938911 -9.937134 0.708444
A 1480760282005 -1.4504074 -17.526752 -0.0074222833
A 1480760282206 2.401863 -3.5182793 0.050038546
A 1480760282408 0.33327293 -3.3363202 4.790558
A 1480760282606 -8.429505 -9.321824 4.184825
A 1480760282808 1.331655 -9.044097 0.8712497
A 1480760283004 -5.3816867 -9.192537 1.4171277
A 1480760283208 2.0379446 -5.6970034 -0.1486802
A 1480760283408 -18.875408 -19.600132 5.851189
A 1480760283606 -5.0608635 -12.99453 -0.9267957
A 1480760283807 -1.1463437 -8.079233 -0.6083669
A 1480760284005 -6.360915 -14.201207 1.3476958
A 1480760284208 -6.34655 -11.438298 0.32537174
A 1480760284408 -0.5094861 -4.5262384 1.9031506
A 1480760284606 6.843107 -2.541445 -0.7424422
A 1480760284807 0.51283807 -9.51336 1.3476958
A 1480760285005 -6.4231644 -12.022484 0.72041506
A 1480760285207 0.52480906 -11.232397 1.2279857
A 1480760285407 1.4800955 -2.0147207 -1.3362043
A 1480760285606 -2.3458388 -13.918692 12.6028385
A 1480760285807 0.78817123 -6.539762 -8.516416
A 1480760286005 -6.30106 -12.637794 -0.97946817
A 1480760286204 2.2055387 -11.8261595 -1.2883202
A 1480760286408 1.9852722 -4.305972 -0.56048286
A 1480760286606 -5.1709967 -19.600132 -2.0640416
A 1480760286807 1.946965 -6.6475015 -3.553235
A 1480760287006 -4.3019013 -11.605892 0.47141802
A 1480760287207 3.0075963 -12.915521 -3.6322436
A 1480760287409 1.901475 -3.393781 -0.42401338
A 1480760287606 -0.66989756 -14.371196 -3.7998378
A 1480760287806 2.138501 -6.9970546 -4.0201044
A 1480760288007 -3.2700007 -11.112687 0.44029343
A 1480760288206 1.9110518 -16.06629 -2.8684933
A 1480760288408 1.1066 -3.752911 -0.3114859
A 1480760288606 3.5438974 -7.3250604 -0.75920165
A 1480760288806 -2.7887661 -8.186973 -0.8262393
A 1480760289007 -3.0281863 -9.431957 0.7132324
A 1480760289207 2.5862167 -18.790892 -2.2436066
A 1480760289404 0.6014235 -3.4512417 -0.52217567
A 1480760289606 2.2486343 -6.3147073 -0.4503496
A 1480760289806 -4.079241 -6.443994 0.2726993
A 1480760290005 0.2758121 -9.956287 0.22960368
A 1480760290207 -2.2716186 -10.506954 4.1824307
A 1480760290407 0.22074546 -5.754464 0.13622981
A 1480760290606 -10.194032 -9.451111 8.453687
A 1480760290806 -6.1789556 -12.814964 1.551203
A 1480760291004 -0.5214571 -8.637082 0.22960368
A 1480760291207 -5.779124 -14.308947 1.8576608
A 1480760291409 -1.9938911 -10.638635 -0.2971207
A 1480760291607 0.1273716 -3.965995 0.8808266
A 1480760291805 5.569392 -3.5206735 -1.1542449
A 1480760292006 -1.1200075 -10.176554 -0.18698741
A 1480760292205 -4.4790726 -12.898762 1.3979741
A 1480760292408 -1.2540828 -10.911574 -0.54611766
A 1480760292602 1.9517534 -3.4560301 -1.250013
A 1480760292806 3.9413347 -6.1758437 8.231026
A 1480760293005 -1.8717868 -9.252392 -2.911589
A 1480760293206 -4.5173798 -12.376825 -0.9507378
A 1480760293406 8.112034 -13.0759325 -1.8844764
A 1480760293606 1.3843275 -2.9963434 -1.8772938
A 1480760293806 -6.344156 -15.57069 13.97711
A 1480760294006 -0.6076483 -7.380127 -2.1741748
A 1480760294208 -5.3170433 -11.900379 -1.3433869
A 1480760294408 3.8766913 -8.9124155 -0.46950322
A 1480760294607 0.03399773 -4.291607 -0.019393295
A 1480760294805 -9.784623 -19.600132 5.958928
A 1480760295006 -1.055364 -6.807913 -2.9905977
A 1480760295208 -4.2204986 -11.000159 0.9311048
A 1480760295408 4.6619897 -13.794193 0.5623977
A 1480760295607 1.901475 -3.2381577 -1.3601463
A 1480760295807 -1.8933346 -12.247539 -3.3593047
A 1480760296009 -0.90692353 -8.404845 -3.8932116
A 1480760296207 -4.069664 -8.895657 0.093134195
A 1480760296408 -0.77763665 -15.379154 3.260663
A 1480760296607 0.87196827 -4.9045224 0.12904721
A 1480760296806 -3.4663253 -7.17662 5.3460126
A 1480760297008 -7.5915346 -12.561179 1.1513714
A 1480760297206 1.1808203 -9.214085 -0.7137118
A 1480760297407 -7.8860216 -11.608287 0.8760382
A 1480760297604 -3.5046325 -8.696938 0.3780442
A 1480760297806 0.37636858 -4.377798 1.1609482
A 1480760298002 -1.9005172 -15.498864 8.602127
A 1480760298206 -3.5453339 -9.91798 -2.0592532
A 1480760298407 -3.6650438 -10.238803 0.8927976
A 1480760298606 0.8959104 -16.667234 1.8217478
A 1480760298808 1.7458519 -3.681085 0.39001518
A 1480760299006 -2.906082 -6.5230026 5.547126
A 1480760299209 -0.12880799 -6.6714435 -0.3019091
A 1480760299405 1.070687 -8.723273 0.16017184
A 1480760299606 -7.0336857 -13.059173 1.7714696
A 1480760299805 0.18004404 -8.586804 -1.3984535
A 1480760300007 -19.69183 -19.600132 6.7466207
A 1480760300208 -3.7296875 -10.214861 -3.77829
A 1480760300407 -1.9005172 -8.412027 -0.77356684
A 1480760300607 -6.439924 -14.01446 1.7858348
A 1480760300806 -1.0146626 -10.913968 2.7411213
A 1480760301006 -5.3002834 -7.3490024 5.341224
A 1480760301206 5.464047 -3.8271315 0.3708616
A 1480760301408 -3.6027946 -8.586804 1.4578291
A 1480760301606 -5.285918 -12.084733 0.387621
A 1480760301807 1.1616668 -10.93791 0.46902382
A 1480760302008 1.1616668 -4.947618 0.2607283
A 1480760302208 -4.8669333 -16.576256 -2.2531834
A 1480760302408 -3.4160469 -7.262811 -1.7767373
A 1480760302606 -0.9212888 -9.00579 0.12904721
A 1480760302807 -5.5971646 -9.048885 3.2702398
A 1480760303006 0.21835126 -6.0345855 0.60309917
A 1480760303207 -16.897797 -19.600132 7.8742895
A 1480760303408 -7.2467694 -19.600132 0.72999185
A 1480760303606 -2.111207 -7.8230543 -0.7448364
A 1480760303807 -6.2364163 -13.940239 1.0220845
A 1480760304008 -3.8613684 -9.618705 -1.9563025
A 1480760304206 -2.1662736 -7.0209966 3.9765291
A 1480760304404 7.7696633 -2.110489 -5.739141
A 1480760304606 -2.3314736 -9.106346 0.5887339
A 1480760304806 -5.798278 -12.319365 1.776258
A 1480760305007 -6.3154254 -12.012907 1.8768144
A 1480760305208 0.64451915 -2.6132712 0.090739995
A 1480760305407 7.424898 -2.7712884 1.7187971
A 1480760305606 -2.3386562 -9.448717 -0.728077
A 1480760305805 -5.4032345 -12.357672 -1.4367607
A 1480760306007 4.8535256 -12.328941 -2.1454444
A 1480760306207 1.913446 -3.690662 -1.3433869
A 1480760306407 -3.6339192 -18.92018 -2.8230035
A 1480760306608 -0.74172366 -6.951565 -1.0297464
A 1480760306806 -3.9667134 -11.43351 -0.04094112
A 1480760307007 3.5941756 -17.950527 -4.345716
A 1480760307207 1.1449074 -3.0921116 -0.57724226
A 1480760307407 2.9261935 -4.605247 -1.7527953
A 1480760307604 -0.47117883 -8.258799 0.42832243
A 1480760307807 -2.5924416 -9.43914 -1.024958
A 1480760308007 -3.844609 -11.88362 2.786611
A 1480760308207 1.0994174 -4.4041343 0.05722116
A 1480760308406 -7.881233 -7.126342 7.4768524
A 1480760308606 -7.3880277 -19.489998 2.9230807
A 1480760308806 5.069004 -7.8517847 -3.0241165
A 1480760309007 -7.134242 -12.970588 1.2447453
A 1480760309207 -1.2277466 -7.4375877 -0.20614102
A 1480760309407 -3.3490093 -8.49343 7.275739
A 1480760309606 -0.674686 -5.021838 -9.797313
A 1480760309807 -2.9467833 -8.352173 2.8895617
A 1480760310006 -5.8916516 -12.199655 0.9526526
A 1480760310206 -6.7487755 -11.658565 1.5919044
A 1480760310407 1.5160086 -3.50152 -0.62512636
A 1480760310606 0.42425257 -9.946711 7.673177
A 1480760310803 0.2710237 -8.467094 -1.9515141
A 1480760311007 -8.9538355 -10.724826 -1.0991783
A 1480760311207 -1.6203957 -14.04319 1.1394004
A 1480760311405 2.7945123 -4.2173867 -0.8621523
A 1480760311604 6.0745687 -16.475698 4.8599896
A 1480760311803 1.082658 -7.9810715 -0.40007138
A 1480760312005 -6.940312 -11.708843 0.5791571
A 1480760312207 1.2167333 -12.355278 0.74914545
A 1480760312407 1.4657303 -3.515885 -1.2021289
A 1480760312607 3.10097 -17.337612 16.10316
A 1480760312806 -2.183033 -6.8270664 -5.3369155
A 1480760313005 -6.7128625 -10.5524435 -0.2899381
A 1480760313206 6.744945 -15.201983 -3.352122
A 1480760313407 1.7650056 -4.07134 -1.3194448
A 1480760313606 0.057939753 -6.4128695 -1.7599779
A 1480760313807 -4.605965 -8.098387 0.59831077
A 1480760314002 -2.087265 -10.296265 -0.35697573
A 1480760314206 -6.480625 -9.173384 1.8169594
A 1480760314407 0.9006988 -6.1471133 1.0579975
A 1480760314607 -12.44937 -10.885238 7.211096
A 1480760314807 -2.5589228 -9.046491 2.4466345
A 1480760315008 -0.78003085 -10.064027 0.96701777
A 1480760315206 -3.3059137 -11.950658 2.927869
A 1480760315407 -0.064164534 -5.670667 -0.8477871
A 1480760315606 -2.7025747 -5.553351 7.270951
A 1480760315807 -2.1806388 -7.2891474 3.1241934
A 1480760316008 3.991613 -8.498219 -1.4223955
A 1480760316204 -9.147766 -11.723208 -0.3066975
A 1480760316404 -0.2892195 -6.4511766 -0.8956711
A 1480760316608 -14.570633 -19.600132 13.64671
A 1480760316806 2.9022512 -4.969166 -7.2642474
A 1480760317008 -1.1726799 -7.9595237 3.8137236
A 1480760317205 -5.604347 -12.635399 2.2646751
A 1480760317405 -9.64576 -12.45344 0.8137889
A 1480760317606 0.67324954 -3.50152 0.9550468
A 1480760317805 6.064992 -1.2222401 0.19847906
A 1480760318008 -3.0688877 -9.479841 0.3804384
A 1480760318208 -4.900452 -11.696872 -0.79511464
A 1480760318407 5.9979544 -13.09748 -2.1430502
A 1480760318605 1.0658987 -4.497508 -0.56527126
A 1480760318807 -3.6626496 -19.600132 -0.3282453
A 1480760319008 -1.4001291 -7.248446 -2.626679
A 1480760319208 -1.8478448 -10.492589 0.684502
A 1480760319402 -2.7193341 -11.886014 3.5264194
A 1480760319609 1.3292608 -4.8470616 0.12904721
A 1480760319806 -5.946718 -8.711303 7.5486784
A 1480760320008 -4.385699 -9.211691 0.5623977
A 1480760320207 2.9525297 -9.307459 -0.4335902
A 1480760320407 -6.8014483 -11.160571 0.8520961
A 1480760320606 0.14413102 -7.25084 -0.8358161
A 1480760320806 -19.76605 -19.600132 9.085755
A 1480760321006 -5.3170433 -18.769344 -1.6594214
A 1480760321208 -0.20302823 -8.742427 -0.2995149
A 1480760321407 -6.811025 -12.448651 3.0858862
A 1480760321607 -1.706587 -9.247603 -0.9603146
A 1480760321806 -3.4088643 -9.736021 4.826471
A 1480760322008 10.00106 -2.5845408 -7.3671985
A 1480760322208 -1.6060305 -8.519767 0.351708
A 1480760322408 -5.604347 -11.933898 0.75632805
A 1480760322602 -8.474995 -10.981006 1.0579975
A 1480760322808 0.20638026 -5.076905 0.08116317
A 1480760323007 7.9085274 -1.765724 1.953429
A 1480760323208 -2.4104822 -9.755175 0.957441
A 1480760323408 -7.15579 -11.294646 -0.7472306
A 1480760323606 3.6133292 -12.61864 -1.3649347
A 1480760323809 2.3491907 -3.6332011 -1.0704479
A 1480760324007 -4.6251187 -10.80623 5.41305
A 1480760324208 -0.88058734 -8.129512 -3.9267304
A 1480760324408 -3.5932178 -12.1924715 -0.46710902
A 1480760324606 6.2541337 -15.295358 -5.2363586
A 1480760324806 1.1856087 -3.1830912 -0.68498135
A 1480760325007 0.40270478 -5.9124813 -3.352122
A 1480760325207 -5.599559 -8.01459 0.3732558
A 1480760325407 -3.3490093 -10.411186 0.05482696
A 1480760325606 -4.048116 -16.353594 1.8504782
A 1480760325802 2.74184 -3.9013517 -0.9315841
A 1480760326006 -1.9962853 -3.1998506 3.7299266
A 1480760326208 -6.5955467 -7.5525093 0.6773194
A 1480760326402 -0.37062234 -9.252392 -0.14149758
A 1480760326606 -4.227681 -10.023325 2.1473591
A 1480760326808 1.3651738 -5.0721164 -0.13431498
A 1480760327006 -7.783071 -7.0904284 7.934145
A 1480760327205 -6.3297906 -14.435839 3.770628
A 1480760327408 3.2996888 -8.76158 0.5576093
A 1480760327604 -7.608294 -9.946711 0.46184123
A 1480760327806 0.9102756 -6.3147073 -0.40725398
A 1480760328007 -19.76605 -19.600132 10.215819
A 1480760328206 1.4657303 -4.638766 -5.1405907
A 1480760328403 -1.280419 -8.895657 0.14341241
A 1480760328607 -6.8301787 -13.600263 2.736333
A 1480760328806 -2.0848708 -8.165424 -1.2571956
A 1480760329004 -5.8533444 -14.651317 8.640434
A 1480760329208 3.065057 -3.2788591 -7.790972
A 1480760329408 -2.8055255 -8.407239 -1.6522388
A 1480760329606 -5.616318 -13.032837 3.3492484
A 1480760329806 -6.8038425 -10.365696 -0.25641927
A 1480760330004 -0.49990922 -5.242105 2.0084956
A 1480760330207 7.4488406 -1.3587096 -5.3967705
A 1480760330407 -2.2333112 -9.343372 1.2016495
A 1480760330606 -7.050445 -12.1685295 1.0436323
A 1480760330807 -5.4870315 -11.572373 -0.8717291
A 1480760331006 0.65170175 -3.669114 -0.46950322
A 1480760331208 5.5622096 -10.691307 10.402567
A 1480760331406 -0.18626882 -7.904457 -3.8357508
A 1480760331607 -6.2005033 -11.320983 -0.4359844
A 1480760331807 -0.35625714 -9.362526 -3.4838033
A 1480760332007 2.7633877 -3.3315318 -0.9100363
A 1480760332204 -5.575617 -19.600132 0.9167396
A 1480760332408 -0.2892195 -7.7775645 -3.411977
A 1480760332607 -4.814261 -11.218032 1.4099451
A 1480760332806 -1.3977349 -14.601039 0.33494854
A 1480760333007 1.307713 -4.0976763 -0.088825144
A 1480760333207 -4.2300754 -3.6882677 4.3117175
A 1480760333406 -9.528444 -10.9426985 5.6859894
A 1480760333607 -1.1391611 -9.700108 0.5815513
A 1480760333807 -4.888481 -10.732009 1.752316
A 1480760334007 -1.1176133 -7.5405383 0.59831077
A 1480760334207 -19.76605 -19.600132 10.024282
A 1480760334405 0.1297658 -9.465476 -6.5148625
A 1480760334606 -3.2077513 -8.692149 0.29185292
A 1480760334808 -4.5748405 -12.88679 0.48578328
A 1480760335006 -7.510132 -10.952275 3.830483
A 1480760335208 0.62297136 -4.243723 -0.2755729
A 1480760335402 -4.4766784 -19.523518 0.42113984
A 1480760335606 0.53438586 -6.760029 -3.6537914
A 1480760335807 -3.5189977 -10.581174 1.3046002
A 1480760336005 1.3986927 -17.826029 0.41156298
A 1480760336208 1.994849 -5.565322 -0.5963959
A 1480760336407 -0.19584563 -3.5733461 2.89435
A 1480760336606 -8.927499 -14.902708 2.3436837
A 1480760336806 2.183991 -9.458294 1.3764263
A 1480760337006 -2.7696126 -8.177396 -0.46232063
A 1480760337209 3.029144 -5.519832 -0.2827555
A 1480760337407 -19.169893 -17.260998 6.631699
A 1480760337605 -5.8916516 -16.308105 -2.4686615
A 1480760337808 -1.1822567 -8.230068 -0.9172189
A 1480760338001 -4.9770665 -13.190854 0.29185292
A 1480760338205 0.14891942 -9.850943 0.8137889
A 1480760338406 0.19440924 -4.2365403 0.60070497
A 1480760338607 -0.5837063 -17.744625 1.2854466
A 1480760338806 -2.14712 -7.1574664 -0.9603146
A 1480760339006 -1.4551958 -9.745598 -0.8525755
A 1480760339207 -2.7576416 -9.218873 2.8775907
A 1480760339407 1.6596607 -8.60117 0.46423542
A 1480760339606 -9.985737 -9.386468 5.896679
A 1480760339806 -0.89016414 -3.8510735 -7.2067866
A 1480760340006 -2.206975 -8.095993 -0.19177581
A 1480760340207 -7.584352 -11.438298 -0.4599264
A 1480760340407 4.8511314 -12.779052 -4.549223
A 1480760340606 1.3244724 -3.9109285 -0.10797876
A 1480760340802 -1.7353173 -6.1590843 3.9477987
A 1480760341007 15.754326 -4.957195 -5.8492746
A 1480760341206 -0.5142745 -9.144653 0.65577155
A 1480760341475 0.122583196 -16.073473 -0.19417003
A 1480760341677 2.4305937 -4.6220064 -0.3114859
A 1480760341874 1.4920665 -3.4344823 1.8576608
A 1480760342078 -7.63463 -9.27394 3.1050398
A 1480760342278 -2.906082 -10.011354 0.05961536
A 1480760342475 -2.2093692 -11.1653595 2.8153415
A 1480760342678 2.1863852 -4.638766 -0.21332364
A 1480760342873 -7.026503 -6.7815766 5.702749
A 1480760343079 -6.004179 -13.856442 1.2279857
A 1480760343279 0.96773636 -8.675389 1.4554349
A 1480760343475 -7.3042307 -13.372813 1.8887854
A 1480760343675 -0.45681363 -8.435969 -2.1981168
A 1480760343877 -6.040092 -13.083115 9.222225
A 1480760344079 4.85592 -0.4106057 -10.355162
A 1480760344278 -4.4072466 -8.49343 0.08355737
A 1480760344476 -5.0249505 -13.396755 2.2431273
A 1480760344678 -1.5677233 -8.091205 -0.5892133
A 1480760344877 0.35482073 -3.4009635 1.0196903
A 1480760345074 6.211038 -0.2525884 -0.8980653
A 1480760345277 -3.6578612 -9.589974 0.8880092
A 1480760345476 -5.3194375 -12.496535 0.2439689
A 1480760345678 -2.944389 -12.046426 2.1593304
A 1480760345878 -0.025857314 -3.072958 -0.76877844
A 1480760346077 1.1903971 -9.139865 6.4377685
A 1480760346279 -0.001915291 -8.158242 -1.1279087
A 1480760346484 -5.2140923 -12.079945 -1.3385985
A 1480760346686 4.3172245 -11.907562 -1.8126503
A 1480760346886 2.0499156 -3.4943373 -1.0489
A 1480760347087 -2.4128764 -15.218743 -0.55090606
A 1480760347286 -1.3809755 -7.523779 -1.9251778
A 1480760347486 -4.862145 -10.638635 1.2040437
A 1480760347684 1.6261419 -17.562666 -4.9921503
A 1480760347886 2.1552603 -3.1783028 0.15538344
A 1480760348087 -0.64595556 -10.55005 -0.98665076
A 1480760348284 -1.886152 -7.8015065 -1.4774622
A 1480760348487 -5.791095 -9.657012 1.1154583
A 1480760348685 0.87436247 -17.589003 -3.076789
A 1480760348886 2.5024197 -3.7337575 -0.117555566
A 1480760349086 3.1392772 -4.684256 0.7132324
A 1480760349286 -7.0791755 -7.9236107 1.9941304
A 1480760349486 -3.4974499 -10.29387 -0.55808866
A 1480760349686 -1.730529 -9.764751 2.9661763
A 1480760349938 1.3460202 -4.0497923 0.22960368
A 1480760350136 -0.7010222 -10.087969 -0.1726222
A 1480760350338 -1.9555839 -7.9068513 0.9957483
A 1480760350536 -0.65553236 -10.188525 -0.3306395
A 1480760350738 -5.0010085 -8.792706 1.812171
A 1480760350935 -0.78481925 -6.774394 0.47620648
A 1480760351136 -19.349459 -19.600132 9.705854
A 1480760351336 -3.4567482 -13.727156 -1.1638217
A 1480760351537 -1.4599842 -7.949947 0.05243276
A 1480760351736 -5.0848055 -13.619416 1.4506465
A 1480760351935 -5.6570196 -13.107057 0.5671861
A 1480760352137 -0.5908889 -1.3706806 2.4729707
A 1480760352337 3.337996 -4.8710036 -1.2571956
A 1480760352534 -3.1000123 -11.356895 -2.2962792
A 1480760352738 -2.9012935 -8.158242 0.9023744
A 1480760352937 -1.7879897 -17.459715 -0.014604896
A 1480760353137 1.8871098 -3.1902738 0.12186462
A 1480760353337 -3.011427 -2.7018566 3.380373
A 1480760353536 -4.8812985 -8.407239 4.5128307
A 1480760353738 -1.9412187 -9.43914 -0.1774106
A 1480760353937 -0.75369465 -13.35366 5.41305
A 1480760354137 0.31651354 -4.7608705 0.28706452
A 1480760354337 -9.516473 -6.1495075 3.9645581
A 1480760354536 -2.8246791 -7.98586 0.2631225
A 1480760354737 -1.766442 -8.471883 -0.49105102
A 1480760354936 -5.944324 -13.248315 1.6326059
A 1480760355137 0.46495402 -10.181342 0.44029343
A 1480760355336 -0.9691728 -3.192668 0.73956865
A 1480760355536 10.6379175 2.043451 -5.9187064
A 1480760355734 -3.8709452 -9.992201 0.897586
A 1480760355937 -7.7471576 -13.257892 1.776258
A 1480760356136 -1.6275783 -11.565191 2.5902865
A 1480760356337 0.9174582 -3.1016884 -0.89327693
A 1480760356536 1.8918982 -10.387244 7.069838
A 1480760356736 0.76901764 -8.22528 0.095528394
A 1480760356936 -5.635472 -12.324153 0.5528209
A 1480760357137 3.3930626 -12.494142 -2.710476
A 1480760357337 2.0020316 -2.8000188 -1.2643782
A 1480760357536 -3.8230612 -19.600132 3.1289818
A 1480760357736 -0.98114383 -6.8534026 -2.8253977
A 1480760357938 -3.3753455 -11.428721 1.0316613
A 1480760358136 -0.8470685 -16.341623 -2.1238966
A 1480760358386 2.102588 -3.5565867 -0.52696407
A 1480760358585 -3.073676 -18.95609 -0.026575908
A 1480760358787 -1.1056423 -6.494272 -2.9570787
A 1480760358983 -3.7153223 -10.626664 0.10271099
A 1480760359188 -1.625184 -15.249867 0.74914545
A 1480760359388 1.0275915 -4.3610387 0.47620648
A 1480760359586 -6.8062367 -7.734469 6.0786386
A 1480760359786 -6.858909 -9.451111 0.62225276
A 1480760359986 1.259829 -9.036914 -0.6969524
A 1480760360189 -7.0336857 -12.472593 1.1753134
A 1480760360388 -0.08571235 -8.268375 -0.716106
A 1480760360586 -7.0456567 -10.808623 10.029071
A 1480760360788 5.3395486 0.4249707 -8.753441
A 1480760360988 -3.8829162 -8.943541 1.0101135
A 1480760361188 -4.826232 -12.915521 1.7092203
A 1480760361387 3.2015266 -12.206837 -4.870046
A 1480760361588 2.3180661 -3.594894 -0.5940017
A 1480760361788 -5.37211 -19.600132 1.302206
A 1480760361988 -1.1750741 -6.9132576 -3.151009
A 1480760362182 -2.7313054 -10.6003275 -0.34979314
A 1480760362388 -1.7640477 -12.230779 3.1146166
A 1480760362586 1.0132263 -4.959589 0.5528209
A 1480760362787 -10.380779 -7.600394 8.063432
A 1480760362986 -4.1606436 -13.116633 0.75153965
A 1480760363187 1.84162 -7.760805 -2.425566
A 1480760363383 -8.62583 -13.863625 0.28945872
A 1480760363587 -2.1447258 -10.138247 -2.485421
A 1480760363788 -2.6642675 -7.5165963 5.4753
A 1480760363988 1.0611103 -3.9875429 -10.307278
A 1480760364187 -2.6882095 -8.996213 0.9358932
A 1480760364388 -5.1207185 -12.968193 3.1385586
A 1480760364586 -1.079306 -10.478224 0.32058334
A 1480760364787 0.46255982 -3.3674448 0.21284425
A 1480760364988 6.914933 -6.834249 2.346078
A 1480760365187 -3.868551 -8.900445 -5.545211
A 1480760365382 -4.2683825 -11.332953 -0.49105102
A 1480760365586 5.358702 -13.734338 -3.0935483
A 1480760365788 1.9445708 -3.503914 -1.0201696
A 1480760365987 -3.5980062 -14.466964 -0.6035785
A 1480760366187 -0.1503558 -7.001843 0.12665302
A 1480760366387 -0.7991845 -10.6482115 1.1250352
A 1480760366586 -5.8317966 -9.216479 1.4099451
A 1480760366788 1.6524781 -5.052963 -0.36415833
A 1480760366988 -11.846031 -17.713501 9.861477
A 1480760367188 -1.8430564 -11.682507 -4.381629
A 1480760367388 0.5655105 -8.86932 0.090739995
A 1480760367586 0.20877446 -16.83483 -2.6889281
A 1480760367786 1.4537593 -6.977901 -1.2141
A 1480760367987 -0.54539907 -12.00333 0.28467032
A 1480760368187 -3.1838093 -8.541314 3.0140603
A 1480760368385 -1.838268 -9.846154 2.1258113
A 1480760368586 -0.11683698 -10.049662 1.0867279
A 1480760368788 -1.6299725 -9.944317 -1.5205578
A 1480760368986 -1.850239 -9.635465 -1.2428304
A 1480760369187 -2.5421634 -9.491813 -1.1566391
A 1480760369388 -3.442383 -11.139023 5.630923
A 1480760369586 -4.201345 -11.335348 0.6581658
A 1480760369789 -4.239652 -7.600394 2.585498
A 1480760369988 6.539044 -4.092888 -3.3425453
A 1480760370186 -1.86221 -10.190919 -0.46471483
A 1480760370387 0.94379437 -9.307459 0.08355737
A 1480760370586 -6.0712166 -11.55322 0.72280926
A 1480760370788 -2.4823084 -11.100716 -1.0943899
A 1480760370986 -4.495832 -6.951565 6.0044184
A 1480760371187 7.8103647 -0.18076235 -7.9130764
A 1480760371388 -3.7775714 -9.635465 1.812171
A 1480760371586 -4.862145 -12.448651 1.6733073
A 1480760371785 -3.2149339 -11.105504 2.903927
A 1480760371986 1.8990808 -2.9604304 -0.8166625
A 1480760372187 -1.8550274 -12.57315 3.5192368
A 1480760372388 -1.7520767 -8.165424 -4.10869
A 1480760372587 -4.510197 -9.8677025 0.34452534
A 1480760372787 2.74184 -16.480488 -0.34500474
A 1480760372986 1.2143391 -2.8790276 -0.42161918
A 1480760373187 2.5455153 -2.2900538 8.101739
A 1480760373388 -5.7049036 -9.779117 3.4282572
A 1480760373585 -1.9843143 -8.333019 -0.6059727
A 1480760373787 -4.8836927 -10.8708725 2.7171793
A 1480760373988 2.0977995 -3.027468 -0.47429162
A 1480760374186 -9.2243805 -8.251616 8.135258
A 1480760374388 -1.9723433 -11.684901 -1.1255145
A 1480760374585 -2.738488 -8.347384 1.6110581
A 1480760374787 -5.554069 -13.377602 1.907939
A 1480760374982 -7.1605783 -11.414356 1.8983622
A 1480760375186 -3.2436645 -7.1239476 1.6158465
A 1480760375388 1.7171215 -10.126276 14.563689
A 1480760375585 5.8590903 -10.226832 2.5208547
A 1480760375787 -1.4863204 -12.202048 0.2583341
A 1480760375986 3.7234626 -15.673641 -6.349663
A 1480760376187 -1.850239 0.90381104 0.30142972
A 1480760376387 -9.028056 -2.505532 2.5687387
A 1480760376585 -5.563646 -4.7010155 -1.1925521
A 1480760376788 -4.651455 -6.252458 3.4952948
A 1480760376988 -13.433387 -7.2532344 3.095463