1476794162069 100 4273 -7 0
1476795247034 100 4273 -7 0
1476796147060 100 4269 -27 0
1476797046973 100 4269 -7 0
1476797947056 100 4273 -7 0
1476798847027 100 4273 -7 0
1476799747058 100 4269 -7 0
1476800647087 100 4269 -7 0
1476801546865 100 4257 -7 0
1476802447096 100 4265 -7 0
1476803347045 100 4269 -7 0
1476804247089 100 4269 -7 0
1476805146899 100 4265 -19 0
1476806047038 100 4269 -7 0
1476806947088 100 4265 -7 0
1476807847040 100 4265 -46 0
1476808746891 100 4265 -7 0
1476809647041 100 4265 -7 0
1476810547063 100 4265 -7 0
1476811446867 100 4261 -7 0
1476812347043 100 4261 -19 0
1476813247039 100 4261 -7 0
1476814147038 100 4265 -7 0
1476815047037 100 4261 -7 0
1476815947040 100 4265 -7 0
1476816847039 100 4265 -7 0
1476817747039 100 4261 -7 0
1476818646993 100 4265 -7 0
1476819547056 100 4265 -7 0
1476820447051 100 4265 -7 0
1476821347039 100 4261 -15 0
1476822247040 100 4261 -42 0
1476823147044 100 4261 -11 0
1476824047115 100 4261 -7 0
1476824947062 100 4261 -7 0
1476825847041 100 4261 -7 0
1476826747041 100 4261 -50 0
1476827647043 100 4261 -19 0
1476828547049 100 4261 -7 0
1476829447039 100 4257 -7 0
1476830347042 100 4261 -7 0
1476831247116 100 4257 -7 0
1476832147061 100 4257 -7 0
1476833047042 100 4257 -7 0
1476833947108 100 4253 -7 0
1476834847040 100 4261 -7 0
1476835747041 100 4257 -7 0
1476836647171 100 4253 -7 0
1476837547041 100 4257 -7 0
1476838446978 100 4253 -7 0
1476839347039 100 4253 -7 0
1476840247039 100 4257 -7 0
1476841147039 100 4257 -7 0
1476842047116 100 4253 -7 0
1476842946866 100 4253 -19 0
1476843847037 100 4253 -7 0
1476844747100 100 4250 -7 0
1476845647040 100 4253 -11 0
1476846546867 100 4253 -66 0
1476847446937 100 4253 -42 0
1476848347057 100 4257 -7 0
1476849247045 100 4253 -7 0
1476850147069 100 4250 -7 0
1476851047046 100 4253 -7 0
1476851947039 100 4253 -19 0
1476852847040 100 4253 -15 0
1476853747084 100 4253 -7 0
1476854647043 100 4253 -7 0
1476855547064 100 4253 -7 0
1476856447039 100 4253 -7 0
1476857347072 100 4253 -7 0
1476858247039 100 4250 -7 0
1476859147067 100 4250 -7 0
1476860047238 100 4253 -7 0
1476860946929 100 4250 -7 0
1476861847042 100 4253 -7 0
1476862747076 100 4253 -15 0
1476863647040 100 4250 -7 0
1476864547026 100 4250 -3 0
1476865447041 100 4250 -7 0
1476866347032 100 4250 -54 0
1476867247031 100 4250 -7 0
1476868148125 100 4246 -66 0
1476869046871 100 4242 -164 0
1476869947047 100 4246 -7 0
1476870847059 100 4246 -7 0
1476871747074 100 4246 -7 0
1476872647021 100 4246 -7 0
1476873547045 100 4250 -11 0
1476874447041 100 4242 -7 0
1476875347065 100 4250 -7 0
1476876247041 100 4242 -15 0
1476877147094 100 4250 -19 0
1476878047052 100 4250 -7 0
1476878947042 100 4246 -7 0
1476879848166 100 4246 -7 0
1476880747069 100 4246 -27 0
1476881647026 100 4246 -7 0
1476882547026 100 4246 -7 0
1476883447037 100 4242 -7 0
1476884347084 100 4246 -7 0
1476885247023 100 4246 -7 0
1476886147082 100 4246 -7 0
1476887047029 100 4246 -7 0
1476887947037 100 4246 -19 0
1476888847080 100 4246 -7 0
1476889747076 100 4242 -7 0
1476890647080 100 4242 -7 0
1476891547048 100 4238 -7 0
1476892447083 100 4242 -19 0
1476893347092 100 4242 -7 0
1476894247080 100 4242 -7 0
1476895147040 100 4238 -7 0
1476896047152 100 4238 -7 0
1476896947039 100 4242 -7 0
1476897847039 100 4242 -7 0
1476898747043 100 4238 -7 0
1476899647038 100 4242 -7 0
1476900547041 100 4238 -7 0
1476901447041 100 4242 -7 0
1476902347033 100 4242 -7 0
1476903247041 100 4234 -54 0
1476904147064 100 4238 -7 0
1476905047067 100 4238 -7 0
1476905947041 100 4234 -7 0
1476906847046 100 4238 -7 0
1476907747038 100 4238 -7 0
1476908647040 100 4238 -50 0
1476909547041 100 4238 -7 0
1476910447040 100 4238 -7 0
1476911347059 100 4234 -7 0
1476912247044 100 4238 -7 0
1476913147040 100 4238 -7 0
1476914047039 100 4234 -7 0
1476914947046 100 4234 -7 0
1476915847221 100 4234 -7 0
1476916747043 100 4238 -7 0
1476917647041 100 4238 -7 0
1476918547039 100 4238 -70 0
1476919447051 100 4234 -58 0
1476920347039 100 4230 -7 0
1476921247034 100 4238 -7 0
1476922147045 100 4238 -7 0
1476923047103 100 4234 -7 0
1476923947045 100 4234 -7 0
1476924847040 100 4234 -58 0
1476925747041 100 4234 -7 0
1476926647043 100 4234 -7 0
1476927547043 100 4230 -7 0
1476928447091 100 4234 -7 0
1476929347063 100 4230 -7 0
1476930247064 100 4234 -23 0
1476931147041 100 4234 -7 0
1476932047041 100 4230 -7 0
1476932947040 100 4234 -7 0
1476933847039 100 4234 -7 0
1476934747044 100 4230 -7 0
1476935646944 100 4230 -19 0
1476936547058 100 4234 -7 0
1476937447039 100 4234 -27 0
1476938346943 100 4230 -42 0
1476939247099 100 4226 -27 0
1476940147039 100 4234 -7 0
1476941047202 100 4230 -7 0
1476941947069 100 4230 -15 0
1476942847039 100 4230 -7 0
1476943747062 100 4230 -7 0
1476944647076 100 4226 -7 0
1476945547107 100 4230 -35 0
1476946447084 100 4230 -7 0
1476947347042 100 4230 -7 0
1476948247084 100 4230 -7 0
1476949147132 100 4226 -7 0
1476950048075 100 4230 -7 0
1476950947065 100 4230 -27 0
1476951847076 100 4230 -7 0
1476952747083 100 4230 -39 0
1476953646866 100 4226 -19 0
1476954548119 100 4230 -7 0
1476955447035 100 4226 -7 0
1476956347048 100 4230 -7 0
1476957248026 100 4226 -7 0
1476958146899 100 4226 -42 0
1476959048031 100 4226 -7 0
1476959947031 100 4226 -7 0
1476960847042 100 4226 -23 0
1476961747040 100 4222 -7 0
1476962647113 100 4226 -7 0
1476963547041 100 4222 -7 0
1476964447040 100 4218 -7 0
1476965347083 100 4226 -7 0
1476966247056 100 4226 -7 0
1476967147031 100 4226 -7 0
1476968047035 100 4222 -23 0
1476968947029 100 4226 -15 0
1476969848123 100 4226 -7 0
1476970748083 100 4222 -35 0
1476971647034 100 4222 -74 0
1476972547055 100 4222 -11 0
1476973447083 100 4222 -7 0
1476974347077 100 4222 -7 0
1476975246908 100 4218 -7 0
1476976148031 100 4218 -42 0
1476977047090 99 4222 -62 0
1476977948028 99 4222 -7 0
1476978847073 99 4222 -7 0
1476979747041 99 4222 -19 0
1476980647035 99 4218 -7 0
1476981547062 99 4218 -7 0
1476982447035 99 4218 -27 0
1476983347044 99 4218 -7 0
1476984247044 99 4222 -7 0
1476985147040 99 4214 -7 0
1476986047040 99 4222 -7 0
1476986947039 99 4222 -7 0
1476987847044 99 4218 -7 0
1476988747045 99 4214 -58 0
1476989647120 99 4214 -7 0
1476990546869 99 4214 -11 0
1476991447051 99 4218 -7 0
1476992347039 99 4218 -7 0
1476993247052 99 4218 -7 0
1476994147103 99 4218 -46 0
1476995047041 99 4214 -7 0
1476995947042 99 4218 -50 0
1476996847106 99 4218 -7 0
1476997747050 99 4214 -19 0
1476998646868 99 4214 -7 0
1476999547040 99 4218 -7 0
1477000447040 99 4218 -15 0
1477001347039 99 4214 -7 0
1477002247131 99 4218 -7 0
1477003147043 99 4214 -7 0
1477004047040 99 4218 -7 0
1477004947042 99 4210 -58 0
1477005847040 99 4214 -7 0
1477006747105 99 4214 -7 0
1477007647040 99 4210 -7 0
1477008547054 99 4214 -7 0
1477009447096 99 4214 -50 0
1477010347043 99 4214 -7 0
1477011247051 99 4214 -7 0
1477012147042 99 4210 -42 0
1477013047117 99 4214 -7 0
1477013947040 99 4214 -7 0
1477014847040 99 4214 -7 0
1477015747038 99 4214 -7 0
1477016647127 99 4214 -7 0
1477017547040 99 4214 -7 0
1477018447041 98 4214 -7 0
1477019347040 98 4210 -7 0
1477020247077 98 4207 -7 0
1477021147045 98 4214 -7 0
1477022047039 98 4214 -54 0
1477022946869 98 4210 -7 0
1477023847112 98 4210 -7 0
1477024747039 98 4210 -7 0
1477025647042 98 4210 -7 0
1477026547040 98 4210 -7 0
1477027447045 98 4210 -7 0
1477028347063 98 4210 -7 0
1477029247041 98 4210 -7 0
1477030147082 98 4210 -7 0
1477031047040 98 4210 -7 0
1477031947081 98 4207 -7 0
1477032847043 98 4210 -27 0
1477033321298 98 4210 -19 0
