1480424196925 100 4328 -277 0
1480424256930 100 4296 -23 0
1480424525184 100 4292 -23 0
1480424825212 100 4292 -23 0
1480425125198 100 4292 -23 0
1480425425184 100 4289 -19 0
1480425725186 100 4292 -23 0
1480426025210 100 4292 -42 0
1480426325183 100 4292 -19 0
1480426625433 100 4292 -19 0
1480426925226 100 4292 -23 0
1480427225185 100 4292 -23 0
1480427525183 100 4289 -23 0
1480427825183 100 4292 -19 0
1480428125185 100 4289 -19 0
1480428425185 100 4289 -23 0
1480428725303 100 4289 -23 0
1480429025186 100 4289 -23 0
1480429325183 100 4289 -23 0
1480429625183 100 4289 -19 0
1480429925183 100 4289 -19 0
1480430225621 100 4289 -23 0
1480430525234 100 4289 -19 0
1480430825235 100 4289 -19 0
1480431125245 100 4289 -23 0
1480431425239 100 4289 -19 0
1480431725255 100 4289 -23 0
1480432025232 100 4289 -19 0
1480432325238 100 4289 -23 0
1480432625229 100 4285 -19 0
1480432925253 100 4285 -19 0
1480433225243 100 4285 -23 0
1480433525227 100 4285 -19 0
1480433825385 100 4285 -19 0
1480434125221 100 4285 -23 0
1480434425251 100 4285 -19 0
1480434725235 100 4285 -19 0
1480435025242 100 4285 -19 0
1480435325229 100 4285 -19 0
1480435625240 100 4285 -23 0
1480435925338 100 4285 -23 0
1480436225237 100 4285 -19 0
1480436525237 100 4285 -19 0
1480436825238 100 4285 -23 0
1480437125238 100 4281 -23 0
1480437425255 100 4281 -19 0
1480437725241 100 4281 -19 0
1480438025239 100 4281 -19 0
1480438325383 100 4281 -23 0
1480438625241 100 4281 -19 0
1480438925241 100 4281 -19 0
1480439225230 100 4281 -23 0
1480439525240 100 4281 -23 0
1480439825243 100 4281 -19 0
1480440125234 100 4281 -19 0
1480440425244 100 4281 -19 0
1480440725236 100 4281 -19 0
1480441025387 100 4277 -19 0
1480441325234 100 4277 -19 0
1480441625222 100 4277 -23 0
1480441925239 100 4277 -19 0
1480442225228 100 4277 -19 0
1480442525236 100 4277 -23 0
1480442825203 100 4277 -23 0
1480443125267 100 4277 -19 0
1480443425184 100 4277 -19 0
1480443725183 100 4277 -19 0
1480444025183 100 4277 -23 0
1480444325183 100 4277 -19 0
1480444625193 100 4277 -78 0
1480444925183 100 4277 -19 0
1480445225182 100 4277 -19 0
1480445525183 100 4277 -19 0
1480445825220 100 4277 -19 0
1480446125184 100 4277 -19 0
1480446425185 100 4277 -23 0
1480446725182 100 4273 -19 0
1480447025183 100 4273 -19 0
1480447325283 100 4273 -19 0
1480447625185 100 4273 -19 0
1480447925182 99 4273 -19 0
1480448225239 99 4273 -23 0
1480448525183 99 4273 -19 0
1480448825184 99 4273 -19 0
1480449125183 99 4273 -23 0
1480449425183 99 4273 -27 0
1480449725183 99 4273 -19 0
1480450025285 99 4273 -19 0
1480450325184 99 4273 -19 0
1480450625183 99 4273 -19 0
1480450925182 99 4273 -19 0
1480451225183 99 4269 -19 0
1480451525183 99 4269 -19 0
1480451825192 99 4269 -42 0
1480452125183 99 4269 -19 0
1480452425183 99 4269 -19 0
1480452725183 99 4265 -19 0
1480453025183 99 4269 -19 0
1480453325183 99 4269 -74 0
1480453625199 99 4269 -31 0
1480453925182 99 4269 -23 0
1480454225185 99 4261 -19 0
1480454525183 99 4269 -19 0
1480454825183 99 4269 -23 0
1480455125184 99 4269 -46 0
1480455425184 99 4269 -19 0
1480455725183 99 4265 -19 0
1480456025183 99 4265 -19 0
1480456325182 99 4265 -19 0
1480456625186 99 4265 -19 0
1480456925185 99 4265 -23 0
1480457225197 99 4265 -19 0
1480457525182 99 4265 -19 0
1480457825183 99 4265 -19 0
1480458125184 99 4265 -23 0
1480458425183 99 4265 -19 0
1480458725182 99 4265 -19 0
1480459025288 99 4265 -19 0
1480459325182 99 4265 -19 0
1480459625182 99 4265 -19 0
1480459925183 99 4265 -19 0
1480460225182 99 4265 -23 0
1480460525208 99 4265 -23 0
1480460825233 99 4261 -31 0
1480461125185 99 4261 -19 0
1480461425183 99 4261 -19 0
1480461725285 99 4261 -19 0
1480462025185 99 4261 -23 0
1480462325183 98 4261 -42 0
1480462625184 98 4261 -19 0
1480462925185 98 4261 -19 0
1480463225183 98 4261 -23 0
1480463525183 98 4261 -19 0
1480463825183 98 4261 -19 0
1480464125184 98 4261 -19 0
1480464425280 98 4253 -19 0
1480464725186 98 4261 -23 0
1480465025182 98 4261 -19 0
1480465325182 98 4261 -23 0
1480465625182 98 4261 -19 0
1480465925184 98 4257 -19 0
1480466225185 98 4257 -23 0
1480466525269 98 4257 -19 0
1480466825184 98 4257 -19 0
1480467125183 98 4257 -19 0
1480467425183 98 4257 -19 0
1480467725182 98 4257 -19 0
1480468025264 98 4257 -23 0
1480468325183 98 4257 -19 0
1480468625261 98 4257 -23 0
1480468925182 98 4257 -19 0
1480469225183 98 4257 -19 0
1480469525182 98 4257 -23 0
1480469825197 98 4257 -19 0
1480470125183 98 4257 -23 0
1480470425183 98 4253 -19 0
1480470725183 98 4253 -23 0
1480471025183 98 4253 -19 0
1480471325182 98 4253 -19 0
1480471625408 98 4253 -19 0
1480471925184 98 4253 -19 0
1480472225182 98 4253 -19 0
1480472525182 98 4253 -19 0
1480472825183 98 4253 -23 0
1480473125183 98 4253 -23 0
1480473425184 98 4253 -19 0
1480473725268 98 4253 -19 0
1480474025187 98 4253 -19 0
1480474325183 98 4253 -19 0
1480474625185 98 4253 -19 0
1480474925183 98 4253 -19 0
1480475225211 98 4253 -23 0
1480475525181 98 4250 -19 0
1480475825183 98 4250 -19 0
1480476125182 98 4250 -19 0
1480476425186 98 4250 -19 0
1480476725184 98 4250 -23 0
1480477025184 98 4250 -19 0
1480477325188 98 4250 -19 0
1480477625195 98 4250 -23 0
1480477925183 97 4250 -19 0
1480478225183 97 4250 -23 0
1480478525184 97 4250 -19 0
1480478825278 97 4246 -19 0
1480479125182 97 4250 -19 0
1480479425183 97 4250 -19 0
1480479725183 97 4250 -19 0
1480480025190 97 4250 -19 0
1480480325183 97 4250 -19 0
1480480625185 97 4246 -19 0
1480480925183 97 4246 -23 0
1480481225183 97 4246 -19 0
1480481525182 97 4246 -19 0
1480481825475 97 4246 -19 0
1480482125187 97 4246 -19 0
1480482425182 97 4246 -23 0
1480482725214 97 4246 -39 0
1480483025183 97 4250 -27 0
1480483325183 97 4250 -19 0
1480483625183 97 4242 -19 0
1480483925185 97 4246 -23 0
1480484225262 97 4246 -19 0
1480484525186 97 4242 -23 0
1480484825185 97 4246 -19 0
1480485125183 97 4246 -23 0
1480485425183 97 4246 -27 0
1480485725183 97 4242 -19 0
1480486025254 97 4242 -19 0
1480486325255 97 4242 -19 0
1480486625183 97 4242 -19 0
1480486925183 97 4242 -23 0
1480487225229 97 4242 -23 0
1480487525240 97 4242 -19 0
1480487825247 97 4242 -19 0
1480488125229 97 4238 -19 0
1480488425263 97 4242 -19 0
1480488725232 97 4242 -19 0
1480489025229 97 4242 -42 0
1480489325239 97 4242 -19 0
1480489625235 97 4242 -19 0
1480489925228 97 4238 -19 0
1480490225236 97 4242 -19 0
1480490525392 97 4238 -19 0
1480490825226 97 4238 -23 0
1480490970649 97 4238 -23 0
