P 1477397743597
S 1477397744047 13
L 1477397744000 35.899692 14.5156508
S 1477397745047 14
L 1477397745000 35.8996922 14.5156616
L 1477397746000 35.899688 14.5156473
S 1477397746058 14
S 1477397747046 15
S 1477397748048 14
L 1477397748000 35.8996738 14.515631
S 1477397749045 14
L 1477397749000 35.8996542 14.5155897
S 1477397750050 14
L 1477397750000 35.8996471 14.5155667
S 1477397751049 14
L 1477397751000 35.8996429 14.515553
S 1477397752052 14
S 1477397753048 13
L 1477397753000 35.8996173 14.5155504
S 1477397754058 12
L 1477397755000 35.8996016 14.5155492
S 1477397755055 12
S 1477397756047 12
L 1477397756000 35.8995914 14.5155513
S 1477397757053 12
L 1477397758000 35.8996476 14.5154986
S 1477397758058 12
S 1477397759046 13
S 1477397760048 12
L 1477397760000 35.8995629 14.5154541
S 1477397761046 12
S 1477397762047 12
L 1477397762000 35.8995533 14.5154147
S 1477397763048 12
L 1477397764000 35.8995469 14.5153802
S 1477397764052 12
S 1477397765046 11
L 1477397765000 35.8995552 14.5153741
L 1477397766000 35.8995067 14.5153884
S 1477397766052 11
S 1477397767056 12
S 1477397768047 12
L 1477397768000 35.8994918 14.5153466
S 1477397769049 12
L 1477397769000 35.8994738 14.5153415
S 1477397770049 12
L 1477397770000 35.8994658 14.5153197
S 1477397771048 12
L 1477397771000 35.8994477 14.5153033
S 1477397772047 12
L 1477397773000 35.8994292 14.5152867
S 1477397773055 11
S 1477397774053 11
L 1477397775000 35.8994134 14.5152675
S 1477397775057 11
L 1477397776000 35.8994105 14.5152556
S 1477397776056 11
S 1477397777056 11
S 1477397778047 11
L 1477397778000 35.8994026 14.5152344
S 1477397779054 11
L 1477397780000 35.8993701 14.5152136
S 1477397780050 11
S 1477397781052 12
L 1477397781000 35.8993646 14.5151998
S 1477397782049 12
L 1477397782000 35.8993542 14.5151848
S 1477397783048 12
L 1477397784000 35.899322 14.5151444
S 1477397784056 12
S 1477397785050 14
L 1477397785000 35.8993177 14.5151306
S 1477397786059 14
S 1477397787049 14
L 1477397787000 35.8992815 14.5151176
S 1477397788060 14
L 1477397789000 35.8992571 14.5150872
S 1477397789053 14
L 1477397790000 35.8992398 14.5150742
S 1477397790057 14
L 1477397791000 35.899197 14.5150516
S 1477397791054 12
L 1477397792000 35.8991901 14.5150203
S 1477397792059 12
S 1477397793053 12
L 1477397794000 35.8991716 14.5150136
S 1477397794053 12
L 1477397795000 35.8991698 14.5149887
S 1477397795056 12
S 1477397796051 12
L 1477397797000 35.8991792 14.5149538
S 1477397797055 12
S 1477397798049 12
L 1477397798000 35.8991611 14.5149501
L 1477397799000 35.8991759 14.5149348
S 1477397799055 11
S 1477397800047 12
L 1477397800000 35.8991718 14.5149293
S 1477397801054 12
L 1477397802000 35.8991446 14.5148937
S 1477397802053 12
S 1477397803047 12
L 1477397803000 35.8991453 14.514873
S 1477397804053 12
L 1477397805000 35.8991085 14.5148416
S 1477397805053 12
S 1477397806056 10
S 1477397807048 10
L 1477397807000 35.8990814 14.5148178
S 1477397808050 10
S 1477397809046 10
L 1477397809000 35.8990463 14.5147824
L 1477397810000 35.8990161 14.5147743
S 1477397810053 10
S 1477397811056 10
L 1477397812000 35.8990035 14.5147392
S 1477397812051 11
S 1477397813046 11
L 1477397813000 35.8990069 14.5147215
S 1477397814046 11
L 1477397814000 35.8990008 14.5147072
S 1477397815053 11
S 1477397816048 11
L 1477397816000 35.898973 14.5146741
S 1477397817056 11
S 1477397818052 11
L 1477397818000 35.8989604 14.5146431
S 1477397819046 11
S 1477397820060 11
L 1477397820000 35.8989453 14.5146069
S 1477397821056 11
L 1477397822000 35.8989272 14.5145858
S 1477397822058 11
S 1477397823048 11
L 1477397823000 35.8989117 14.5145899
S 1477397824049 11
L 1477397824000 35.8989101 14.5145861
S 1477397825051 11
S 1477397826051 11
L 1477397826000 35.8988849 14.514572
S 1477397827061 11
S 1477397828045 12
L 1477397828000 35.8989091 14.5145686
S 1477397829046 11
L 1477397829000 35.898919 14.5145458
L 1477397830000 35.8989047 14.514554
S 1477397830057 11
S 1477397831048 11
L 1477397831000 35.8989087 14.5145498
S 1477397832048 12
L 1477397833000 35.8989147 14.5145334
S 1477397833058 12
P 1477397833378
