P 1477397743597
L 1477397744000 35.8997297 14.51581
S 1477397744601 12
L 1477397745000 35.8997478 14.5157965
S 1477397745603 12
L 1477397747000 35.8997429 14.5157613
S 1477397746597 12
S 1477397747600 12
L 1477397748000 35.8997458 14.5157548
S 1477397748597 12
L 1477397750000 35.8997446 14.5157173
S 1477397749604 12
S 1477397750593 12
S 1477397751588 12
L 1477397752000 35.8997441 14.5156292
S 1477397752587 12
L 1477397754000 35.8997458 14.5155419
S 1477397753606 12
S 1477397754600 12
L 1477397755000 35.8997501 14.5155302
S 1477397755608 12
S 1477397756596 12
L 1477397757000 35.8997639 14.5155083
L 1477397758000 35.8997799 14.5155327
S 1477397757603 12
S 1477397758598 12
L 1477397760000 35.8997751 14.5154507
S 1477397759595 13
L 1477397761000 35.8997801 14.5154258
S 1477397760597 13
S 1477397761602 13
L 1477397763000 35.8996214 14.5154372
S 1477397762600 13
L 1477397764000 35.8996312 14.515418
S 1477397763599 13
S 1477397764594 13
L 1477397765000 35.8996009 14.5154156
L 1477397766000 35.8996158 14.5153727
S 1477397765599 13
L 1477397767000 35.8996422 14.5153353
S 1477397766608 13
S 1477397767595 13
L 1477397768000 35.8996041 14.5153607
S 1477397768591 13
L 1477397769000 35.8996096 14.5153439
S 1477397769598 11
S 1477397770596 11
L 1477397771000 35.8995461 14.5153352
S 1477397771610 11
L 1477397773000 35.8994124 14.5153463
S 1477397772595 11
S 1477397773602 11
S 1477397774594 11
L 1477397775000 35.8993833 14.5153189
S 1477397775596 11
S 1477397776595 11
L 1477397777000 35.8993359 14.5153106
S 1477397777592 11
L 1477397778118 35.8993294 14.515284
S 1477397778603 11
S 1477397779598 11
L 1477397780000 35.8993221 14.515252
S 1477397780602 11
S 1477397781599 11
L 1477397782000 35.8993125 14.5152268
L 1477397783000 35.899311 14.5151984
S 1477397782604 11
L 1477397784000 35.8993295 14.5152178
S 1477397783611 11
S 1477397784607 11
L 1477397786000 35.8993283 14.5151635
S 1477397785610 11
L 1477397787000 35.8993358 14.5151442
S 1477397786608 11
S 1477397787609 11
L 1477397788000 35.899352 14.5151335
S 1477397788614 11
L 1477397790000 35.8993265 14.5151122
S 1477397789610 11
S 1477397790595 11
L 1477397792000 35.8992947 14.5150806
S 1477397791604 11
L 1477397793000 35.8992694 14.5150743
S 1477397792609 11
S 1477397793608 11
L 1477397795000 35.8992225 14.5150601
S 1477397794600 11
S 1477397795596 11
S 1477397796592 11
L 1477397797000 35.8991856 14.5150462
L 1477397798000 35.8991791 14.5150293
S 1477397797600 11
S 1477397798590 11
L 1477397799000 35.8991893 14.5150189
S 1477397799591 11
L 1477397800000 35.8991606 14.5150399
S 1477397800602 11
S 1477397801592 11
L 1477397802000 35.8991383 14.5150227
S 1477397802594 11
L 1477397804000 35.8990973 14.5149919
S 1477397803608 11
S 1477397804596 11
L 1477397805000 35.8990671 14.5149972
S 1477397805602 11
S 1477397806593 10
L 1477397807000 35.8990689 14.5149168
S 1477397807595 11
L 1477397808000 35.8990638 14.5148741
S 1477397808592 11
S 1477397809595 11
L 1477397810000 35.8990402 14.5148412
S 1477397810605 11
L 1477397811000 35.8990157 14.5148307
S 1477397811591 11
L 1477397812000 35.8990185 14.5148087
S 1477397812594 11
S 1477397813592 11
L 1477397814000 35.8990611 14.5147475
S 1477397814595 9
L 1477397816000 35.8990646 14.5147209
S 1477397815597 9
L 1477397817000 35.8990583 14.514705
S 1477397816605 9
S 1477397817592 9
S 1477397818591 11
L 1477397819000 35.8990117 14.5146895
L 1477397820000 35.8990293 14.5146775
S 1477397819600 11
S 1477397820595 11
L 1477397822000 35.8990272 14.5146436
S 1477397821594 11
S 1477397822597 11
L 1477397823000 35.8990165 14.5146292
L 1477397824000 35.8990087 14.5146051
S 1477397823606 11
S 1477397824603 11
L 1477397826000 35.8989825 14.5145758
S 1477397825608 11
L 1477397827000 35.8989716 14.5145643
S 1477397826605 11
S 1477397827611 11
L 1477397828000 35.8989829 14.5145387
L 1477397829000 35.8989226 14.5145436
S 1477397828610 11
S 1477397829602 11
S 1477397830592 11
L 1477397831000 35.8989105 14.5145221
S 1477397831600 11
L 1477397832000 35.8988732 14.514546
P 1477397833378
