P 1477397743597
L 1477397743998 35.8996945 14.5157508
S 1477397744645 12
L 1477397744998 35.8996954 14.5157605
S 1477397745645 12
S 1477397746646 11
L 1477397747000 35.8997026 14.5157702
S 1477397747641 10
S 1477397748641 11
L 1477397748998 35.8996876 14.5157371
S 1477397749645 11
L 1477397750000 35.899668 14.5156934
S 1477397750645 11
S 1477397751642 9
L 1477397751998 35.899639 14.5156347
S 1477397752637 10
S 1477397753638 10
L 1477397754000 35.8996318 14.5155961
S 1477397754637 10
S 1477397755636 9
L 1477397755998 35.8995882 14.5155431
S 1477397756637 8
L 1477397756998 35.8995844 14.5155369
S 1477397757631 9
S 1477397758634 11
L 1477397759000 35.8995641 14.5155054
S 1477397759629 11
L 1477397759998 35.8995519 14.515498
S 1477397760631 11
L 1477397760998 35.8995435 14.5154908
S 1477397761632 11
L 1477397762000 35.8995341 14.5154775
S 1477397762632 11
L 1477397763000 35.8995218 14.5154604
S 1477397763630 11
L 1477397763998 35.8995072 14.5154461
S 1477397764628 11
L 1477397764998 35.8994905 14.5154304
S 1477397765633 11
L 1477397766000 35.8994748 14.515419
S 1477397766631 10
L 1477397767000 35.899464 14.515406
S 1477397767630 11
L 1477397767998 35.8994571 14.5153943
S 1477397768631 11
L 1477397768998 35.899452 14.5153837
S 1477397769638 11
L 1477397770000 35.8994382 14.515371
S 1477397770639 11
L 1477397771000 35.8994286 14.51536
S 1477397771637 11
S 1477397772649 12
L 1477397772998 35.8994096 14.5153295
S 1477397773640 12
L 1477397774000 35.899392 14.51532
S 1477397774638 12
S 1477397775637 12
L 1477397775998 35.8993646 14.5153018
S 1477397776637 12
L 1477397776998 35.8993558 14.515287
S 1477397777635 12
S 1477397778630 12
L 1477397779000 35.8993374 14.5152617
S 1477397779635 12
L 1477397779998 35.899328 14.5152437
S 1477397780641 12
L 1477397780998 35.8993203 14.5152273
S 1477397781630 13
S 1477397782629 13
L 1477397783000 35.8993125 14.5152016
S 1477397783636 13
L 1477397783998 35.8993147 14.5151844
S 1477397784637 13
L 1477397784998 35.8993154 14.5151765
S 1477397785664 13
L 1477397786000 35.8993173 14.5151602
S 1477397786662 12
S 1477397787661 11
L 1477397787998 35.8992946 14.5151364
S 1477397788662 11
L 1477397788998 35.8992869 14.5151191
S 1477397789664 11
L 1477397790000 35.8992779 14.5151036
S 1477397790666 11
L 1477397791000 35.899268 14.5150838
S 1477397791663 10
S 1477397792655 10
L 1477397792998 35.8992496 14.5150507
S 1477397793659 10
L 1477397794000 35.8992446 14.5150315
S 1477397794649 10
L 1477397795000 35.8992403 14.5150139
S 1477397795649 9
L 1477397795998 35.8992327 14.5149978
S 1477397796649 10
L 1477397796998 35.8992224 14.5149798
S 1477397797649 10
L 1477397798000 35.8992072 14.5149642
S 1477397798649 10
L 1477397799000 35.8991968 14.5149472
S 1477397799649 10
L 1477397799998 35.8991888 14.5149282
S 1477397800629 9
S 1477397801630 10
L 1477397802000 35.8991627 14.5149023
S 1477397802631 9
L 1477397803000 35.8991533 14.5148887
S 1477397803633 10
L 1477397803998 35.8991382 14.5148738
S 1477397804632 10
L 1477397804998 35.8991236 14.5148624
S 1477397805633 10
L 1477397806000 35.8991178 14.5148491
S 1477397806636 10
L 1477397807000 35.8991076 14.5148325
S 1477397807631 9
S 1477397808629 9
L 1477397808998 35.8990835 14.5148024
S 1477397809633 10
L 1477397810000 35.8990761 14.5147918
S 1477397810633 10
L 1477397811000 35.8990692 14.5147795
S 1477397811629 10
L 1477397811998 35.8990668 14.514758
S 1477397812630 10
L 1477397812998 35.8990549 14.5147371
S 1477397813633 10
S 1477397814632 10
L 1477397815000 35.8990328 14.5147084
S 1477397815630 10
L 1477397815998 35.8990265 14.5146962
S 1477397816631 10
L 1477397816998 35.8990218 14.5146893
S 1477397817631 10
L 1477397818000 35.8990062 14.514685
S 1477397818634 10
L 1477397819000 35.8989946 14.5146785
S 1477397819629 10
S 1477397820632 10
L 1477397820998 35.8989809 14.514648
S 1477397821631 10
L 1477397822000 35.8989674 14.5146394
S 1477397822631 10
L 1477397823000 35.8989531 14.5146319
S 1477397823630 10
L 1477397823998 35.898937 14.51462
S 1477397824630 10
L 1477397824998 35.8989268 14.5146042
S 1477397825632 10
L 1477397826000 35.8989194 14.5145883
S 1477397826632 10
L 1477397827000 35.8989109 14.514576
S 1477397827630 10
L 1477397827998 35.8988998 14.514562
S 1477397828631 10
L 1477397828998 35.8988855 14.5145479
S 1477397829636 10
L 1477397830000 35.8988774 14.5145247
S 1477397830632 11
S 1477397831632 11
L 1477397831998 35.898858 14.5144847
S 1477397832638 10
L 1477397832998 35.8988526 14.5144724
P 1477397833378
