P 1477397743597
L 1477397744000 35.8997143 14.5156462
S 1477397746450 12
S 1477397747450 12
L 1477397746000 35.8997037 14.515672
S 1477397748452 10
L 1477397747000 35.8997026 14.5156816
S 1477397749452 11
S 1477397750452 10
L 1477397749000 35.8997079 14.5157148
S 1477397751454 12
L 1477397750000 35.8997057 14.5157136
S 1477397752449 11
S 1477397753450 10
L 1477397752000 35.8996927 14.5156972
S 1477397754450 7
S 1477397755449 8
L 1477397754000 35.899678 14.5156866
S 1477397756449 8
S 1477397757447 7
L 1477397756000 35.8996655 14.5156676
S 1477397758444 11
S 1477397759446 10
L 1477397758000 35.8996663 14.5156398
S 1477397760445 8
S 1477397761449 11
L 1477397760000 35.8996591 14.5156114
S 1477397762453 10
S 1477397763452 8
L 1477397762000 35.8996378 14.5155854
S 1477397764447 9
S 1477397765447 8
L 1477397764000 35.8996135 14.5155654
S 1477397766448 11
S 1477397767447 8
L 1477397766000 35.8995941 14.5155399
S 1477397768453 9
L 1477397767000 35.8995849 14.5155224
S 1477397769448 11
S 1477397770447 13
L 1477397769000 35.8995697 14.5154928
S 1477397771446 11
L 1477397771000 35.8995516 14.5154699
S 1477397772449 12
S 1477397773444 12
L 1477397772000 35.89955 14.5154486
S 1477397774443 12
L 1477397773000 35.8995362 14.515434
S 1477397775446 10
L 1477397774000 35.8995278 14.5154226
S 1477397776444 13
S 1477397777444 12
L 1477397776000 35.8994968 14.5153898
S 1477397778442 10
S 1477397779443 12
L 1477397778000 35.8994792 14.5153462
S 1477397780442 10
S 1477397781444 12
L 1477397780000 35.8994587 14.5153156
S 1477397782441 11
S 1477397783439 12
L 1477397782000 35.899439 14.5152669
S 1477397784437 14
S 1477397785438 15
L 1477397784000 35.8994307 14.5152344
S 1477397786438 13
L 1477397785000 35.8994208 14.5152252
S 1477397787441 13
L 1477397786000 35.8994074 14.5152143
S 1477397788438 13
S 1477397789443 12
L 1477397788000 35.8993847 14.5151936
S 1477397790439 9
L 1477397790000 35.8993568 14.515171
S 1477397791445 10
S 1477397792438 9
L 1477397791000 35.8993439 14.5151563
S 1477397793441 9
L 1477397792000 35.8993292 14.5151412
S 1477397794437 12
S 1477397795439 10
L 1477397794000 35.8993013 14.5151111
S 1477397796435 10
S 1477397797436 11
L 1477397796000 35.89928 14.5150706
S 1477397798436 7
S 1477397799438 7
L 1477397798000 35.8992606 14.5150478
S 1477397800438 10
S 1477397801434 8
L 1477397800000 35.8992438 14.51501
L 1477397801000 35.8992308 14.5149884
S 1477397802440 10
S 1477397803434 10
L 1477397802000 35.8992185 14.5149674
S 1477397804432 8
S 1477397805434 10
L 1477397804000 35.899202 14.5149193
S 1477397806425 11
S 1477397807432 11
L 1477397806000 35.8991869 14.5148837
S 1477397808432 10
S 1477397809434 11
L 1477397808000 35.8991727 14.5148551
S 1477397810432 11
S 1477397811422 11
L 1477397810000 35.8991602 14.514831
S 1477397812431 11
L 1477397811000 35.8991504 14.5148203
S 1477397813432 10
L 1477397812000 35.8991367 14.5148103
S 1477397814432 11
S 1477397815429 10
L 1477397814000 35.899116 14.5147827
S 1477397816428 8
S 1477397817430 10
L 1477397816000 35.8990924 14.5147525
S 1477397818428 10
S 1477397819430 11
L 1477397818000 35.8990695 14.5147257
S 1477397820427 11
S 1477397821429 11
L 1477397820000 35.8990486 14.5146881
S 1477397822428 11
S 1477397823432 11
L 1477397822000 35.8990325 14.5146541
S 1477397824429 11
S 1477397825431 11
L 1477397824000 35.899013 14.5146136
S 1477397826430 11
L 1477397825000 35.8990014 14.5145955
S 1477397827431 12
L 1477397826000 35.8989892 14.5145829
S 1477397828434 13
S 1477397829430 11
L 1477397828000 35.8989668 14.5145559
S 1477397830428 11
S 1477397831428 10
L 1477397830000 35.8989353 14.5145389
S 1477397832427 10
L 1477397831000 35.8989287 14.5145196
S 1477397833431 10
L 1477397832000 35.89892 14.5145057
P 1477397833378
