P 1477397979099
S 1477397980046 13
L 1477397980000 35.8996477 14.5155529
S 1477397981046 13
L 1477397981000 35.8996541 14.5155542
S 1477397982045 14
L 1477397982000 35.8996536 14.5155549
S 1477397983050 14
S 1477397984046 14
L 1477397984000 35.8996488 14.5155547
L 1477397985000 35.899644 14.5155399
S 1477397985055 14
S 1477397986051 14
L 1477397987000 35.8996224 14.5155283
S 1477397987055 11
S 1477397988051 11
S 1477397989052 11
L 1477397989000 35.8996008 14.5155177
L 1477397990000 35.8995816 14.5155006
S 1477397990060 10
S 1477397991048 10
L 1477397992000 35.8995353 14.515525
S 1477397992053 10
S 1477397993059 8
L 1477397994000 35.8994679 14.51546
S 1477397994058 10
S 1477397995050 10
L 1477397995000 35.8994377 14.5155088
S 1477397996054 10
S 1477397997045 10
L 1477397997000 35.8994779 14.5154734
L 1477397998000 35.8994832 14.5154725
S 1477397998053 10
L 1477397999000 35.8994878 14.5154626
S 1477397999060 10
S 1477398000053 10
L 1477398000000 35.8994755 14.5154547
L 1477398001000 35.8994768 14.5154543
S 1477398001056 12
L 1477398002000 35.8994708 14.5154447
S 1477398002055 12
S 1477398003048 12
L 1477398003000 35.8994729 14.515432
S 1477398004067 12
S 1477398005046 13
L 1477398005000 35.8994684 14.5154281
L 1477398006000 35.8994738 14.5154217
S 1477398006053 13
L 1477398007000 35.8994709 14.5154218
S 1477398007065 11
S 1477398008048 11
L 1477398008000 35.8994255 14.5153884
S 1477398009049 11
L 1477398009000 35.8994164 14.5153868
S 1477398010055 11
S 1477398011047 10
L 1477398011000 35.8993961 14.5153367
S 1477398012048 12
L 1477398013000 35.8993803 14.5152962
S 1477398013059 12
S 1477398014061 12
S 1477398015047 12
L 1477398015000 35.8993751 14.5152511
L 1477398016000 35.8993727 14.5152382
S 1477398016053 12
S 1477398017047 13
L 1477398017000 35.8993638 14.5152262
S 1477398018047 12
L 1477398019000 35.8993525 14.5152169
S 1477398019059 13
S 1477398020051 13
L 1477398021000 35.8993196 14.5151885
S 1477398021055 12
L 1477398022000 35.8993171 14.5151759
S 1477398022059 13
L 1477398023000 35.8993061 14.5151573
S 1477398023064 13
L 1477398024000 35.8992806 14.5151285
S 1477398024056 14
S 1477398025047 14
L 1477398025000 35.8992597 14.5151001
S 1477398026053 14
L 1477398027000 35.8992261 14.5150554
S 1477398027059 12
S 1477398028051 12
L 1477398028000 35.8992117 14.5150536
S 1477398029045 12
S 1477398030047 11
L 1477398030000 35.8992166 14.5150369
L 1477398031000 35.8991788 14.5150176
S 1477398031054 11
L 1477398032000 35.8991939 14.5149899
S 1477398032053 11
L 1477398033000 35.8991914 14.5149507
S 1477398033053 11
S 1477398034056 11
S 1477398035048 11
L 1477398035000 35.8991655 14.5149171
S 1477398036052 11
S 1477398037048 11
L 1477398037000 35.8991531 14.5148823
L 1477398038000 35.8991393 14.5148729
S 1477398038056 11
S 1477398039048 11
L 1477398039000 35.8991402 14.5148569
S 1477398040047 11
L 1477398040000 35.899118 14.5148416
S 1477398041049 11
L 1477398041000 35.899118 14.5148238
S 1477398042052 11
L 1477398043000 35.8991102 14.5148035
S 1477398043057 10
S 1477398044047 10
L 1477398044000 35.8991028 14.5147836
S 1477398045048 10
L 1477398045000 35.899079 14.5147826
S 1477398046054 10
L 1477398047000 35.8990809 14.5147436
S 1477398047053 10
L 1477398048000 35.8990486 14.5147381
S 1477398048055 10
L 1477398049000 35.8990376 14.514734
S 1477398049056 11
S 1477398050053 11
L 1477398051000 35.8990163 14.514704
S 1477398051060 11
S 1477398052052 11
L 1477398053000 35.8990374 14.5147088
S 1477398053060 11
L 1477398054000 35.8990187 14.5147052
S 1477398054059 11
S 1477398055059 11
L 1477398056000 35.8990154 14.5146431
S 1477398056059 11
S 1477398057047 11
L 1477398057000 35.8990157 14.5146219
S 1477398058053 11
L 1477398059000 35.8989955 14.514596
S 1477398059051 11
S 1477398060057 11
L 1477398060000 35.8989909 14.5145847
S 1477398061047 11
L 1477398061000 35.8989788 14.5145656
S 1477398062047 11
S 1477398063049 11
L 1477398063000 35.8989607 14.5145654
S 1477398064048 11
L 1477398065000 35.89897 14.5145558
S 1477398065054 11
S 1477398066056 11
L 1477398067000 35.8989476 14.514528
S 1477398067067 11
S 1477398068049 11
L 1477398069000 35.8989497 14.5145091
S 1477398069061 11
S 1477398070053 10
L 1477398070000 35.8989562 14.514504
P 1477398070956
