P 1477397979099
L 1477397980000 35.8997179 14.5157304
L 1477397981000 35.8997006 14.5156579
S 1477397980606 12
S 1477397981597 12
L 1477397982000 35.8997075 14.5156459
S 1477397982600 12
S 1477397983590 12
L 1477397984000 35.8997051 14.5156113
S 1477397984603 12
S 1477397985596 12
L 1477397986000 35.899689 14.5155803
S 1477397986603 12
L 1477397988000 35.8996608 14.515602
S 1477397987602 12
S 1477397988597 12
S 1477397989596 12
L 1477397990000 35.8996463 14.5155387
S 1477397990601 12
L 1477397991000 35.8996359 14.5155332
S 1477397991599 12
L 1477397993000 35.8995978 14.5155325
S 1477397992595 12
S 1477397993597 12
L 1477397994000 35.8995994 14.5155006
L 1477397995000 35.8996127 14.5154919
S 1477397994608 13
S 1477397995594 13
L 1477397996000 35.8995789 14.5154953
S 1477397996598 13
L 1477397998000 35.899501 14.5155158
S 1477397997611 13
S 1477397998601 13
L 1477398000000 35.8994862 14.515514
S 1477397999603 13
L 1477398001000 35.8995028 14.5154817
S 1477398000610 13
S 1477398001596 14
L 1477398002000 35.8995005 14.5154683
S 1477398002613 10
L 1477398004000 35.8994896 14.5154327
S 1477398003600 10
S 1477398004610 8
S 1477398005600 11
L 1477398006000 35.89949 14.5153968
L 1477398007000 35.8994466 14.5154072
S 1477398006612 11
S 1477398007600 12
L 1477398008000 35.8994499 14.5153878
L 1477398009000 35.8994299 14.5153844
S 1477398008618 12
S 1477398009600 12
S 1477398010603 12
L 1477398011000 35.8994197 14.5153644
S 1477398011602 12
L 1477398012000 35.8993874 14.5153551
S 1477398012612 12
S 1477398013604 12
L 1477398014000 35.8993374 14.5153357
S 1477398014599 12
S 1477398015593 12
L 1477398016000 35.899361 14.5152967
L 1477398017000 35.8993477 14.5152825
S 1477398016599 12
S 1477398017593 12
L 1477398019000 35.8993196 14.515266
S 1477398018602 14
L 1477398020000 35.8993365 14.5152373
S 1477398019602 14
L 1477398021000 35.8993249 14.515222
S 1477398020599 14
S 1477398021595 14
L 1477398023000 35.8993152 14.515194
S 1477398022610 14
S 1477398023593 14
L 1477398025000 35.8993064 14.5151652
S 1477398024604 14
S 1477398025594 14
L 1477398026000 35.8993082 14.5151424
S 1477398026594 14
L 1477398027000 35.8992905 14.5151296
S 1477398027611 14
S 1477398028591 14
L 1477398029000 35.8992834 14.5150829
L 1477398030000 35.8992611 14.5150896
S 1477398029599 14
S 1477398030604 14
L 1477398032000 35.8992402 14.515049
S 1477398031599 14
L 1477398033000 35.8992281 14.5150422
S 1477398032604 14
S 1477398033606 14
L 1477398034000 35.8992101 14.5150371
L 1477398035000 35.8992037 14.5150303
S 1477398034605 14
S 1477398035594 14
S 1477398036596 14
L 1477398037000 35.8992055 14.5149977
S 1477398037597 14
S 1477398038592 14
L 1477398039000 35.8992179 14.5149435
S 1477398039593 14
L 1477398041000 35.8992361 14.5148867
S 1477398040596 14
S 1477398041605 14
L 1477398042000 35.8991995 14.5148751
S 1477398042594 14
L 1477398044000 35.8991123 14.5148872
S 1477398043593 14
L 1477398045000 35.8990931 14.5148849
S 1477398044605 14
S 1477398045594 14
L 1477398046000 35.8990736 14.5148726
S 1477398046607 14
L 1477398048000 35.8990384 14.5148493
S 1477398047600 14
L 1477398049000 35.8990235 14.5148398
S 1477398048603 14
S 1477398049610 14
L 1477398051000 35.8990325 14.5148259
S 1477398050605 12
L 1477398052000 35.8990436 14.514815
S 1477398051607 12
S 1477398052601 12
L 1477398053000 35.899074 14.5147792
S 1477398053604 12
L 1477398055000 35.8990664 14.5147465
S 1477398054609 11
L 1477398056000 35.8990644 14.5147209
S 1477398055606 12
S 1477398056599 12
S 1477398057600 12
L 1477398058000 35.8990304 14.5146944
L 1477398059000 35.8990292 14.5146775
S 1477398058603 12
S 1477398059601 12
S 1477398060595 12
L 1477398061000 35.8989873 14.514641
S 1477398061603 12
L 1477398063000 35.8989545 14.514614
S 1477398062611 12
S 1477398063600 12
L 1477398065000 35.8989423 14.5145911
S 1477398064608 12
L 1477398066000 35.8989361 14.514567
S 1477398065611 12
S 1477398066603 11
L 1477398068000 35.8989356 14.514544
S 1477398067609 11
S 1477398068604 11
L 1477398069000 35.8989358 14.5145423
P 1477398070956
