P 1477397979099
L 1477397979998 35.899647 14.5157523
S 1477397980638 12
S 1477397981639 10
L 1477397982000 35.8996449 14.5157438
S 1477397982639 10
L 1477397983000 35.8996391 14.5157232
S 1477397983639 11
L 1477397983998 35.8996216 14.5157118
S 1477397984639 10
S 1477397985639 10
L 1477397986000 35.899597 14.5156954
S 1477397986640 10
L 1477397987000 35.8995948 14.5156698
S 1477397987637 8
S 1477397988640 10
L 1477397988998 35.899584 14.51562
S 1477397989643 9
L 1477397990000 35.8995705 14.515604
S 1477397990642 9
L 1477397991000 35.8995549 14.5155939
S 1477397991650 10
L 1477397991998 35.8995442 14.5155846
S 1477397992648 10
S 1477397993671 11
L 1477397994000 35.8995343 14.515549
S 1477397994641 11
S 1477397995640 11
L 1477397995998 35.8995139 14.5155186
S 1477397996640 11
L 1477397996998 35.899502 14.5155065
S 1477397997642 11
L 1477397998000 35.8994914 14.5154856
S 1477397998642 11
L 1477397999000 35.8994854 14.515464
S 1477397999640 11
S 1477398000641 11
L 1477398000998 35.8994893 14.5154159
S 1477398001642 11
L 1477398002000 35.8994921 14.5153954
S 1477398002637 11
S 1477398003641 11
L 1477398003998 35.8994803 14.5153621
S 1477398004642 11
S 1477398005645 11
L 1477398006000 35.8994601 14.5153375
S 1477398006642 11
L 1477398007000 35.8994547 14.5153189
S 1477398007641 11
L 1477398007998 35.8994531 14.5152967
S 1477398008642 11
L 1477398008998 35.8994397 14.5152845
S 1477398009644 11
L 1477398010000 35.8994234 14.5152747
S 1477398010643 11
L 1477398011000 35.8994098 14.5152664
S 1477398011641 11
L 1477398011998 35.8994004 14.5152541
S 1477398012634 11
S 1477398013633 11
L 1477398014000 35.8993876 14.5152265
S 1477398014637 11
L 1477398015000 35.8993761 14.5152179
S 1477398015634 11
S 1477398016635 12
L 1477398016998 35.8993546 14.5152017
S 1477398017635 12
S 1477398018645 13
L 1477398019000 35.89934 14.5151702
S 1477398019643 13
L 1477398019998 35.8993347 14.5151605
S 1477398020640 13
L 1477398020998 35.8993287 14.5151557
S 1477398021642 12
L 1477398022000 35.8993113 14.5151536
S 1477398022641 11
L 1477398023000 35.8992933 14.5151463
S 1477398023642 11
L 1477398023998 35.8992776 14.5151354
S 1477398024645 12
L 1477398024998 35.8992697 14.5151133
S 1477398025642 11
S 1477398026644 10
L 1477398027000 35.8992524 14.5150759
S 1477398027635 10
S 1477398028634 10
L 1477398028998 35.8992046 14.5150446
S 1477398029637 10
L 1477398030000 35.8991892 14.5150323
S 1477398030635 10
S 1477398031636 10
L 1477398031998 35.8991692 14.5149974
S 1477398032637 11
L 1477398032998 35.8991604 14.5149804
S 1477398033637 11
L 1477398034000 35.8991443 14.5149631
S 1477398034636 10
S 1477398035638 11
L 1477398035998 35.8991242 14.5149365
S 1477398036636 10
S 1477398037636 9
L 1477398038000 35.8990825 14.5148934
P 1477397979099
S 1477398038638 10
L 1477398039000 35.899082 14.5148742
S 1477398039636 10
S 1477398040635 11
L 1477398040998 35.8990613 14.5148545
S 1477398041636 10
L 1477398042000 35.8990612 14.5148407
S 1477398042635 11
S 1477398043635 10
L 1477398043998 35.8990597 14.5148108
S 1477398044634 10
S 1477398045637 10
L 1477398046000 35.8990204 14.5148066
S 1477398046634 10
S 1477398047635 10
L 1477398047998 35.8989996 14.5147746
S 1477398048634 10
S 1477398049637 10
L 1477398050000 35.898979 14.5147442
S 1477398050640 10
L 1477398051000 35.8989722 14.5147221
S 1477398051635 10
S 1477398052635 10
L 1477398052998 35.8989504 14.5146891
S 1477398053637 10
L 1477398054000 35.898934 14.5146733
S 1477398054636 10
S 1477398055637 10
L 1477398055998 35.8989113 14.5146336
S 1477398056635 10
S 1477398057636 10
L 1477398058000 35.898899 14.5145926
S 1477398058634 10
S 1477398059634 10
L 1477398059998 35.8988866 14.5145635
S 1477398060611 10
S 1477398061637 10
L 1477398062000 35.8988693 14.5145412
S 1477398062635 11
S 1477398063635 11
L 1477398063998 35.898858 14.5145154
S 1477398064635 11
L 1477398064998 35.8988475 14.5145004
S 1477398065636 11
L 1477398066000 35.8988398 14.5144832
S 1477398066639 11
L 1477398067000 35.8988348 14.5144711
S 1477398067636 11
S 1477398068643 10
L 1477398068998 35.8988252 14.5144446
S 1477398069644 10
L 1477398070000 35.8988232 14.5144287
P 1477398070956
