P 1477397979099
L 1477397980000 35.8996964 14.5156869
S 1477397982473 13
L 1477397981000 35.8996953 14.5156974
S 1477397983475 11
L 1477397982000 35.899693 14.5157058
S 1477397984474 9
S 1477397985476 11
L 1477397984000 35.8996946 14.5157065
S 1477397986458 9
S 1477397987472 11
L 1477397986000 35.8996836 14.5156824
S 1477397988471 7
S 1477397989472 8
L 1477397988000 35.899664 14.5156344
S 1477397990469 9
L 1477397990000 35.8996517 14.5156088
S 1477397991488 7
S 1477397992474 7
S 1477397993475 10
L 1477397992000 35.89964 14.5155833
S 1477397994477 10
S 1477397995474 8
L 1477397994000 35.8996312 14.5155549
S 1477397996470 7
S 1477397997474 10
L 1477397996000 35.8996162 14.515526
S 1477397998475 9
L 1477397998000 35.8995785 14.515512
S 1477397999474 11
S 1477398000474 9
L 1477397999000 35.8995669 14.5155093
S 1477398001470 8
L 1477398000000 35.8995615 14.5154988
S 1477398002469 10
S 1477398003473 10
L 1477398002000 35.8995353 14.5154862
S 1477398004470 10
L 1477398004000 35.8995148 14.5154656
S 1477398005476 10
S 1477398006469 11
L 1477398006000 35.8995122 14.5154319
S 1477398007477 10
S 1477398008468 12
L 1477398007000 35.8995109 14.5154103
S 1477398009471 12
L 1477398008000 35.8995001 14.515392
S 1477398010472 12
S 1477398011469 11
L 1477398010000 35.8994786 14.5153579
S 1477398012468 11
S 1477398013467 12
L 1477398012000 35.8994521 14.5153277
S 1477398014465 12
S 1477398015469 12
L 1477398014000 35.8994398 14.5152939
S 1477398016468 12
S 1477398017465 10
L 1477398016000 35.8994164 14.5152782
S 1477398018463 9
S 1477398019470 13
L 1477398018000 35.8994152 14.5152371
S 1477398020462 15
S 1477398021472 15
L 1477398020000 35.8993982 14.5152099
S 1477398022469 16
S 1477398023467 14
L 1477398022000 35.8993853 14.5151902
S 1477398024465 12
S 1477398025465 12
L 1477398024000 35.8993708 14.5151553
S 1477398026464 12
L 1477398025000 35.8993603 14.5151377
S 1477398027464 13
S 1477398028463 12
L 1477398027000 35.8993366 14.5151045
S 1477398029463 9
L 1477398028000 35.8993229 14.5150918
S 1477398030462 11
L 1477398029000 35.8993079 14.5150763
S 1477398031462 10
S 1477398032461 11
L 1477398031000 35.8992846 14.5150451
S 1477398033464 10
L 1477398032000 35.8992723 14.5150307
S 1477398034459 9
S 1477398035461 9
L 1477398034000 35.8992505 14.5150084
S 1477398036482 8
L 1477398035000 35.8992406 14.5149939
S 1477398037465 9
S 1477398038458 9
L 1477398037000 35.8992192 14.5149592
S 1477398039457 7
L 1477398038000 35.8992083 14.5149444
S 1477398040456 10
S 1477398041457 10
L 1477398040000 35.8991939 14.5149078
S 1477398042460 12
S 1477398043455 12
L 1477398042000 35.8991817 14.5148775
L 1477398043000 35.8991703 14.5148648
S 1477398044461 11
S 1477398045458 9
L 1477398044000 35.8991559 14.514854
S 1477398046454 10
S 1477398047455 11
L 1477398046000 35.8991362 14.5148242
S 1477398048453 10
S 1477398049453 11
L 1477398048000 35.8991136 14.5147964
S 1477398050452 11
S 1477398051454 10
L 1477398050000 35.8990864 14.5147701
S 1477398052453 11
S 1477398053452 10
L 1477398052000 35.899058 14.51475
S 1477398054453 11
S 1477398055452 11
L 1477398054000 35.8990285 14.5147293
S 1477398056451 10
S 1477398057452 10
L 1477398056000 35.8990063 14.5147083
S 1477398058447 11
S 1477398059449 11
L 1477398058000 35.8989844 14.5146921
S 1477398060447 11
L 1477398059000 35.8989743 14.5146834
S 1477398061449 11
L 1477398060000 35.8989586 14.5146746
S 1477398062450 11
L 1477398061000 35.8989465 14.5146634
S 1477398063452 11
L 1477398062000 35.8989366 14.514652
S 1477398064449 10
L 1477398064000 35.8989277 14.5146179
S 1477398065455 10
S 1477398066447 11
L 1477398065000 35.8989227 14.5146009
L 1477398066000 35.8989175 14.5145868
S 1477398067460 10
S 1477398068450 11
S 1477398069451 11
L 1477398068000 35.8988999 14.5145637
S 1477398070452 11
S 1477398071445 12
L 1477398070000 35.8988971 14.5145264
P 1477398070956
