P 1477398497157
L 1477398498000 35.8982718 14.5114225
S 1477398498051 12
S 1477398499047 12
L 1477398499000 35.8982697 14.5114178
L 1477398500000 35.898267 14.5114106
S 1477398500053 13
S 1477398501046 13
L 1477398501000 35.8982626 14.5114074
S 1477398502053 13
L 1477398503000 35.8982373 14.5114033
S 1477398503063 13
S 1477398504062 13
L 1477398505000 35.8981761 14.5113411
S 1477398505055 13
L 1477398506000 35.8981602 14.511321
S 1477398506055 12
S 1477398507046 12
L 1477398508000 35.8981655 14.5113056
S 1477398508056 12
S 1477398509047 12
L 1477398509000 35.8981566 14.5112915
S 1477398510052 11
S 1477398511045 12
L 1477398511000 35.8981637 14.5112484
S 1477398512051 12
L 1477398513000 35.8981634 14.5111994
S 1477398513055 12
S 1477398514048 12
L 1477398514000 35.8981438 14.5111977
S 1477398515057 12
L 1477398516000 35.8981522 14.5111696
S 1477398516064 13
S 1477398517046 14
L 1477398517000 35.8981459 14.5111589
S 1477398518055 14
L 1477398519000 35.8981037 14.5111447
S 1477398519055 14
S 1477398520047 14
L 1477398520000 35.8980929 14.5111342
L 1477398521000 35.8980758 14.511125
S 1477398521060 13
S 1477398522053 13
L 1477398522000 35.8980641 14.5111104
S 1477398523054 12
L 1477398524000 35.8980734 14.5110832
S 1477398524052 12
S 1477398525049 11
L 1477398525000 35.8980798 14.5110612
S 1477398526058 11
L 1477398527000 35.8980624 14.5110121
S 1477398527056 12
L 1477398528000 35.8980452 14.5109957
S 1477398528053 12
L 1477398529000 35.898047 14.5109907
S 1477398529059 12
S 1477398530047 12
L 1477398530000 35.8980378 14.5109802
S 1477398531066 12
S 1477398532046 12
L 1477398532000 35.8979906 14.5109411
S 1477398533044 13
L 1477398534000 35.8979636 14.5109159
S 1477398534054 13
S 1477398535053 13
S 1477398536045 13
L 1477398536000 35.8979393 14.5108931
S 1477398537061 13
L 1477398538000 35.8979343 14.5108669
S 1477398538062 13
L 1477398539000 35.897936 14.5108505
S 1477398539059 13
S 1477398540052 13
S 1477398541045 13
L 1477398541000 35.8978964 14.5108329
S 1477398542059 13
L 1477398543000 35.8979034 14.5107902
S 1477398543055 13
L 1477398544000 35.8979019 14.5107784
S 1477398544054 13
S 1477398545046 13
L 1477398545000 35.8979034 14.5107603
S 1477398546048 11
L 1477398546000 35.8978958 14.5107491
S 1477398547066 12
S 1477398548048 12
L 1477398548000 35.897864 14.510727
S 1477398549052 12
S 1477398550052 12
L 1477398550000 35.8978566 14.5107013
S 1477398551048 12
L 1477398551000 35.8978478 14.5106836
S 1477398552046 12
L 1477398553000 35.8978236 14.5106633
S 1477398553051 12
S 1477398554046 12
L 1477398554000 35.8978212 14.5106634
L 1477398555000 35.8978134 14.510677
S 1477398555056 12
S 1477398556048 12
L 1477398556000 35.8978227 14.5106533
P 1477398556322