P 1477398497157
L 1477398499000 35.898274 14.5114635
S 1477398498595 15
S 1477398499593 15
L 1477398500000 35.8982719 14.5114587
S 1477398500605 15
S 1477398501595 15
L 1477398502000 35.8982697 14.5114492
S 1477398502590 15
L 1477398503000 35.8982638 14.5114483
S 1477398503603 15
L 1477398504000 35.8982562 14.5114486
S 1477398504593 15
L 1477398506000 35.8982549 14.511441
S 1477398505604 15
L 1477398507000 35.8982575 14.5114412
S 1477398506600 15
S 1477398507595 15
L 1477398508000 35.8982569 14.5114383
S 1477398508596 15
L 1477398510000 35.898239 14.5113952
S 1477398509600 15
S 1477398510592 15
L 1477398511000 35.8981936 14.5113729
S 1477398511683 13
L 1477398512115 35.8981739 14.5113508
S 1477398512591 13
S 1477398513593 13
L 1477398514000 35.8981687 14.5113012
S 1477398514595 13
L 1477398515000 35.8981732 14.5112734
S 1477398515592 13
L 1477398516000 35.898149 14.5112547
S 1477398516593 13
L 1477398518000 35.8981225 14.5112424
S 1477398517593 13
S 1477398518588 13
L 1477398519000 35.8981052 14.5112237
S 1477398519591 13
L 1477398520000 35.8980745 14.5112076
S 1477398520600 13
S 1477398521596 13
L 1477398522000 35.8980779 14.5111702
S 1477398522592 13
L 1477398524000 35.8980511 14.5111342
S 1477398523601 11
S 1477398524596 11
L 1477398525000 35.8980709 14.5111062
L 1477398526000 35.8980836 14.5110637
S 1477398525599 11
S 1477398526592 12
L 1477398527000 35.898048 14.5110574
S 1477398527601 13
L 1477398528000 35.8980437 14.5110451
S 1477398528604 14
L 1477398530000 35.8980405 14.5109856
S 1477398529600 14
L 1477398531000 35.8979636 14.5109848
S 1477398530614 14
S 1477398531600 14
L 1477398533000 35.8979418 14.5109984
S 1477398532612 14
S 1477398533592 14
S 1477398534590 14
L 1477398535000 35.8979435 14.5109671
S 1477398535595 14
L 1477398537000 35.8980002 14.5108874
S 1477398536596 14
L 1477398538000 35.8980175 14.5108607
S 1477398537597 14
S 1477398538600 14
L 1477398540000 35.8979753 14.5108383
S 1477398539598 14
S 1477398540597 14
L 1477398542000 35.8979734 14.5107902
S 1477398541605 14
S 1477398542607 14
L 1477398544000 35.8979341 14.510769
S 1477398543602 14
S 1477398544599 14
L 1477398545000 35.8979171 14.510758
S 1477398545601 14
S 1477398546591 14
L 1477398547000 35.8979145 14.5107542
S 1477398547599 14
L 1477398549000 35.8978817 14.5107233
S 1477398548599 14
S 1477398549592 14
L 1477398550000 35.897896 14.510687
S 1477398550600 14
S 1477398551595 14
L 1477398552000 35.8978664 14.5106674
S 1477398552601 14
L 1477398553000 35.8978433 14.5106583
S 1477398553596 14
L 1477398555000 35.8978433 14.5106343
S 1477398554614 14
L 1477398556000 35.8978457 14.5106288
P 1477398556322