P 1477398497157
L 1477398498000 35.8982633 14.5114789
S 1477398498634 11
L 1477398499000 35.8982684 14.5114832
S 1477398499632 11
S 1477398500631 11
L 1477398501000 35.8982693 14.5114881
S 1477398501631 11
L 1477398502000 35.8982682 14.5114859
S 1477398502631 10
S 1477398503632 11
L 1477398504000 35.8982422 14.5114542
S 1477398504634 11
L 1477398505000 35.8982049 14.5114214
S 1477398505634 11
L 1477398506000 35.8981848 14.5113824
S 1477398506634 10
S 1477398507633 10
L 1477398508000 35.8981697 14.5113403
S 1477398508633 11
L 1477398509000 35.8981425 14.511312
S 1477398509633 12
L 1477398510000 35.898135 14.5113026
S 1477398510632 11
S 1477398511633 9
L 1477398512000 35.898114 14.5112789
S 1477398512632 10
S 1477398513633 10
L 1477398514000 35.898073 14.5112497
S 1477398514633 11
L 1477398515000 35.8980628 14.5112377
S 1477398515636 11
L 1477398516000 35.898054 14.5112194
S 1477398516635 10
S 1477398517636 10
L 1477398518000 35.898036 14.511186
S 1477398518635 10
S 1477398519635 10
L 1477398520000 35.8980133 14.511163
S 1477398520634 10
S 1477398521638 10
L 1477398522000 35.8979974 14.5111335
S 1477398522636 10
S 1477398523636 10
L 1477398524000 35.8979822 14.5111093
S 1477398524636 10
S 1477398525636 9
L 1477398526000 35.8979663 14.5110904
S 1477398526635 10
L 1477398527000 35.8979609 14.511084
S 1477398527635 11
L 1477398528000 35.8979511 14.5110626
S 1477398528635 10
L 1477398529000 35.8979365 14.5110469
S 1477398529636 11
L 1477398530000 35.8979311 14.5110373
S 1477398530635 11
L 1477398531000 35.8979227 14.5110264
S 1477398531634 11
S 1477398532632 11
L 1477398533000 35.8978956 14.5109991
S 1477398533633 11
L 1477398534000 35.8978861 14.5109862
S 1477398534633 11
L 1477398535000 35.8978785 14.5109642
S 1477398535632 11
S 1477398536633 11
L 1477398537000 35.8978587 14.5109303
S 1477398537632 11
S 1477398538634 10
L 1477398539000 35.8978407 14.5109012
S 1477398539632 10
S 1477398540634 11
L 1477398541000 35.8978295 14.5108754
S 1477398541633 11
S 1477398542634 11
L 1477398543000 35.8978155 14.5108487
S 1477398543633 10
S 1477398544634 10
L 1477398545000 35.8978008 14.5108264
S 1477398545634 10
L 1477398546000 35.8977951 14.5108081
S 1477398546635 10
L 1477398547000 35.897786 14.5107868
S 1477398547635 10
S 1477398548633 10
L 1477398549000 35.8977569 14.5107697
S 1477398549633 10
L 1477398550000 35.8977375 14.5107577
S 1477398550635 10
L 1477398551000 35.8977289 14.5107455
S 1477398551634 10
L 1477398552000 35.8977205 14.510731
S 1477398552633 10
L 1477398553000 35.8977106 14.5107123
S 1477398553635 10
L 1477398554000 35.8977015 14.510695
S 1477398554633 10
S 1477398555633 10
L 1477398556000 35.8976888 14.5106708
P 1477398556322