P 1477398497157
L 1477398497000 35.8983344 14.5114921
S 1477398499517 15
L 1477398498000 35.8983367 14.5114996
S 1477398500512 14
S 1477398501514 13
L 1477398500000 35.8983384 14.5115119
S 1477398502513 14
L 1477398501000 35.8983363 14.511513
S 1477398503513 12
L 1477398502000 35.8983363 14.511513
S 1477398504512 12
S 1477398505513 13
L 1477398504000 35.8983168 14.5114959
S 1477398506505 10
S 1477398507510 10
L 1477398506000 35.8982938 14.511452
S 1477398508505 10
L 1477398508000 35.8982684 14.5114317
S 1477398509513 12
S 1477398510507 10
L 1477398509000 35.8982618 14.5114173
S 1477398511504 12
S 1477398512504 12
L 1477398511000 35.8982299 14.5113903
S 1477398513513 10
L 1477398512000 35.8982137 14.5113792
S 1477398514507 12
L 1477398513000 35.8981998 14.511367
S 1477398515507 9
L 1477398514000 35.8981861 14.5113568
S 1477398516507 11
L 1477398515000 35.8981742 14.511354
S 1477398517504 12
S 1477398518514 13
L 1477398517000 35.8981639 14.5113281
S 1477398519503 13
S 1477398520508 13
L 1477398519000 35.898131 14.5112988
S 1477398521503 13
S 1477398522505 12
L 1477398521000 35.8981166 14.5112694
S 1477398523507 11
L 1477398522000 35.8981006 14.5112632
S 1477398524503 13
S 1477398525504 13
L 1477398524000 35.8980787 14.5112519
S 1477398526503 12
L 1477398525000 35.8980747 14.5112267
S 1477398527504 12
L 1477398526000 35.8980768 14.5111994
S 1477398528503 12
S 1477398529504 13
L 1477398528000 35.8980758 14.5111715
S 1477398530502 13
S 1477398531504 13
L 1477398530000 35.8980621 14.5111448
S 1477398532502 11
S 1477398533502 10
L 1477398532000 35.8980538 14.5111233
S 1477398534504 11
S 1477398535502 12
L 1477398534000 35.898032 14.5110965
S 1477398536498 12
S 1477398537501 12
L 1477398536000 35.8980141 14.5110724
S 1477398538499 11
L 1477398538000 35.8979967 14.5110378
S 1477398539510 13
S 1477398540498 12
S 1477398541499 11
L 1477398540000 35.8979779 14.511011
S 1477398542499 13
S 1477398543499 13
L 1477398542000 35.8979623 14.510984
S 1477398544497 12
S 1477398545499 13
L 1477398544000 35.8979464 14.5109589
S 1477398546498 12
L 1477398546000 35.8979333 14.5109357
S 1477398547504 13
S 1477398548494 13
S 1477398549501 13
L 1477398548000 35.8979167 14.510912
S 1477398550501 12
S 1477398551496 13
L 1477398550000 35.8979097 14.5108737
S 1477398552494 11
S 1477398553494 12
L 1477398552000 35.8978898 14.5108448
S 1477398554493 13
L 1477398554000 35.8978651 14.5108281
S 1477398555508 12
S 1477398556497 12
L 1477398555000 35.897859 14.5108143
P 1477398556322