P 1477398671216
L 1477398672000 35.8983488 14.511411
S 1477398672052 14
S 1477398673050 14
S 1477398674046 14
L 1477398674000 35.8982972 14.5113992
S 1477398675045 14
S 1477398676047 14
L 1477398676000 35.8982515 14.5113623
S 1477398677060 14
S 1477398678049 14
L 1477398678000 35.8982288 14.5113418
L 1477398679000 35.8982143 14.5113234
S 1477398679053 14
S 1477398680049 13
L 1477398680000 35.8981967 14.5112994
S 1477398681059 13
L 1477398682000 35.8981881 14.511292
S 1477398682055 13
L 1477398683000 35.8981643 14.5112749
S 1477398683053 13
L 1477398684000 35.8981517 14.5112633
S 1477398684054 13
S 1477398685047 13
L 1477398685000 35.8981323 14.5112611
S 1477398686050 14
S 1477398687045 14
L 1477398687000 35.8981187 14.5112447
L 1477398688000 35.8981072 14.511236
S 1477398688060 14
S 1477398689044 13
L 1477398690000 35.8981132 14.5111901
S 1477398690058 12
S 1477398691048 13
L 1477398691000 35.8981016 14.5111897
S 1477398692049 12
L 1477398692000 35.8980718 14.5111872
S 1477398693046 12
L 1477398693000 35.8980503 14.5111738
S 1477398694058 13
S 1477398695044 13
L 1477398695000 35.8980429 14.5111575
S 1477398696044 13
L 1477398696000 35.8980256 14.511158
L 1477398697000 35.8980416 14.511134
S 1477398697053 13
L 1477398698000 35.8980328 14.5111295
S 1477398698061 12
L 1477398699000 35.8980379 14.5111087
S 1477398699054 13
S 1477398700051 13
L 1477398700000 35.8980327 14.5110955
S 1477398701049 13
L 1477398701000 35.8980444 14.5110724
S 1477398702045 13
L 1477398703000 35.8980235 14.5110303
S 1477398703056 13
L 1477398704000 35.8980096 14.5110475
S 1477398704058 13
L 1477398705000 35.8980005 14.5110415
S 1477398705057 13
L 1477398706000 35.8979919 14.5110259
S 1477398706055 13
S 1477398707058 13
L 1477398708000 35.8979525 14.5109758
S 1477398708061 13
L 1477398709000 35.8979392 14.5109644
S 1477398709058 13
S 1477398710053 13
L 1477398711000 35.8979233 14.5109308
S 1477398711058 13
S 1477398712066 13
S 1477398713048 13
L 1477398713000 35.8979041 14.5109113
S 1477398714052 13
L 1477398715000 35.8978837 14.5108904
S 1477398715058 12
S 1477398716050 12
L 1477398717000 35.897875 14.5108511
S 1477398717056 12
S 1477398718057 13
S 1477398719045 13
L 1477398719000 35.8978491 14.5108406
L 1477398720000 35.8978332 14.5108324
S 1477398720058 12
L 1477398721000 35.8978425 14.5108175
S 1477398721056 12
S 1477398722045 12
L 1477398722000 35.8978379 14.5108004
S 1477398723050 12
L 1477398724000 35.8978132 14.5107868
S 1477398724052 12
L 1477398725000 35.8977914 14.510776
S 1477398725055 12
S 1477398726044 11
L 1477398726000 35.8977837 14.5107728
S 1477398727044 12
L 1477398728000 35.897774 14.5107481
S 1477398728052 12
S 1477398729047 12
L 1477398729000 35.8977555 14.5107381
S 1477398730047 12
L 1477398731000 35.8977564 14.5107276
P 1477398731422