P 1477398671216
L 1477398672000 35.898511 14.5113117
S 1477398671608 10
S 1477398672595 12
L 1477398673000 35.8984896 14.5113842
S 1477398673592 12
L 1477398674000 35.89844 14.5113597
L 1477398675000 35.8983934 14.5113773
S 1477398674592 13
S 1477398675594 13
L 1477398676000 35.8983709 14.5113506
L 1477398677000 35.8982931 14.5114089
S 1477398676595 12
S 1477398677601 12
S 1477398678597 14
L 1477398679000 35.8982774 14.5113961
L 1477398680000 35.8982499 14.5113533
S 1477398679600 15
S 1477398680602 13
L 1477398681000 35.8982241 14.5113228
S 1477398681600 13
L 1477398682000 35.8982032 14.5113236
L 1477398683000 35.8981872 14.5113142
S 1477398682605 15
L 1477398684000 35.8981678 14.5112798
S 1477398683604 15
S 1477398684599 15
L 1477398686000 35.8981491 14.5112516
S 1477398685612 15
S 1477398686598 15
L 1477398687000 35.8981447 14.5112273
S 1477398687600 15
L 1477398688000 35.8981393 14.5112148
S 1477398688609 15
S 1477398689591 15
L 1477398690000 35.8981341 14.5111913
S 1477398690601 15
S 1477398691595 15
L 1477398692000 35.8981063 14.5111688
S 1477398692592 13
S 1477398693587 13
L 1477398694000 35.8980979 14.5111466
S 1477398694588 13
L 1477398695000 35.8980846 14.5111364
S 1477398695595 13
L 1477398697000 35.8980918 14.5110969
S 1477398696594 13
S 1477398697599 13
S 1477398698592 13
L 1477398699000 35.8980989 14.5110591
S 1477398699595 13
S 1477398700599 11
L 1477398701000 35.8980674 14.5110377
S 1477398701605 12
S 1477398702616 12
L 1477398703000 35.898034 14.5110174
S 1477398703614 14
S 1477398704592 14
L 1477398705000 35.8980369 14.5109834
S 1477398705591 14
L 1477398706000 35.8980244 14.5109756
S 1477398706599 14
S 1477398707589 14
L 1477398708000 35.8979994 14.5109508
S 1477398708591 14
S 1477398709595 14
L 1477398710000 35.8979834 14.5109109
S 1477398710599 14
L 1477398712000 35.8979539 14.5108688
S 1477398711595 14
L 1477398713000 35.8979361 14.5108606
S 1477398712598 14
S 1477398713593 14
L 1477398714000 35.897899 14.5108474
S 1477398714596 14
L 1477398715000 35.8978806 14.510844
S 1477398715599 14
S 1477398716594 14
L 1477398717000 35.8978671 14.5107933
S 1477398717601 14
S 1477398718590 14
L 1477398719000 35.8978635 14.5107702
S 1477398719609 14
L 1477398721000 35.8978503 14.5107479
S 1477398720603 12
S 1477398721598 12
L 1477398722000 35.8978412 14.5107405
L 1477398723000 35.8978439 14.5107182
S 1477398722602 12
S 1477398723601 12
L 1477398724000 35.8978236 14.5107115
S 1477398724598 12
L 1477398726000 35.8978088 14.5106934
S 1477398725603 12
L 1477398727000 35.8977986 14.5106862
S 1477398726605 12
S 1477398727605 12
S 1477398728591 12
L 1477398729000 35.8977574 14.5106538
S 1477398729603 12
L 1477398730000 35.8977615 14.5106374
P 1477398731422