P 1477398671216
L 1477398672000 35.8981886 14.5114318
S 1477398672638 10
S 1477398673642 10
L 1477398674000 35.8981555 14.5113979
S 1477398674638 10
S 1477398675639 10
L 1477398676000 35.8981452 14.5113749
S 1477398676640 11
S 1477398677638 11
L 1477398678000 35.8981312 14.5113542
S 1477398678639 11
L 1477398679000 35.8981234 14.5113468
S 1477398679639 11
L 1477398680000 35.8981134 14.5113367
S 1477398680637 11
S 1477398681639 9
L 1477398682000 35.89809 14.5113022
S 1477398682638 10
L 1477398683000 35.89809 14.5112745
S 1477398683640 10
L 1477398684000 35.8980876 14.5112479
S 1477398684636 9
S 1477398685639 9
L 1477398686000 35.8980687 14.5112362
S 1477398686637 9
S 1477398687640 10
L 1477398688000 35.8980461 14.5111974
S 1477398688637 10
S 1477398689638 10
L 1477398690000 35.8980373 14.5111874
S 1477398690633 10
S 1477398691640 9
L 1477398692000 35.8980191 14.5111706
S 1477398692634 9
S 1477398693638 9
L 1477398694000 35.8979979 14.5111441
S 1477398694634 9
S 1477398695638 10
L 1477398696000 35.8979969 14.5111271
S 1477398696632 9
S 1477398697640 10
L 1477398698000 35.8979902 14.5110961
S 1477398698635 11
S 1477398699638 11
L 1477398700000 35.8979787 14.5110608
S 1477398700636 11
S 1477398701638 11
L 1477398702000 35.8979578 14.5110277
S 1477398702634 10
S 1477398703639 10
L 1477398704000 35.8978978 14.5109949
S 1477398704634 9
S 1477398705639 10
L 1477398706000 35.8978878 14.5109917
S 1477398706636 11
S 1477398707639 11
L 1477398708000 35.8978746 14.510976
S 1477398708635 11
S 1477398709639 11
L 1477398710000 35.8978605 14.5109625
S 1477398710634 11
S 1477398711653 11
L 1477398712000 35.8978455 14.5109421
S 1477398712639 11
S 1477398713640 11
L 1477398714000 35.8978356 14.5109147
S 1477398714639 11
S 1477398715638 11
L 1477398716000 35.8978254 14.510896
S 1477398716640 12
L 1477398717000 35.8978164 14.51088
S 1477398717639 12
S 1477398718639 13
L 1477398719000 35.8977948 14.51086
S 1477398719638 11
S 1477398720638 12
L 1477398721000 35.8977808 14.510847
S 1477398721641 12
L 1477398722000 35.8977766 14.5108368
S 1477398722640 12
S 1477398723640 12
L 1477398724000 35.897767 14.5108131
S 1477398724637 10
S 1477398725640 11
L 1477398726000 35.8977404 14.5107656
S 1477398726637 11
S 1477398727638 10
L 1477398728000 35.8977254 14.5107433
S 1477398728637 9
S 1477398729637 10
L 1477398730000 35.8977143 14.5107102
S 1477398730638 10
L 1477398731000 35.8977145 14.5106902
P 1477398731422