P 1477398671216
L 1477398673000 35.8983491 14.511307
S 1477398675461 11
L 1477398674000 35.8983308 14.5113114
S 1477398676456 12
S 1477398677461 12
L 1477398676000 35.8983079 14.5113123
S 1477398678458 12
S 1477398679454 13
L 1477398678000 35.8982879 14.511315
S 1477398680457 12
L 1477398679000 35.898276 14.5113153
S 1477398681461 10
L 1477398680000 35.898267 14.5113155
S 1477398682451 11
S 1477398683454 10
L 1477398682000 35.8982377 14.5113169
S 1477398684453 11
S 1477398685453 11
L 1477398684000 35.8982214 14.5113129
S 1477398686450 10
S 1477398687453 9
L 1477398686000 35.898209 14.5112931
S 1477398688450 11
S 1477398689450 11
L 1477398688000 35.8981878 14.5112852
S 1477398690449 11
L 1477398689000 35.8981795 14.5112773
S 1477398691451 10
L 1477398690000 35.8981685 14.511273
S 1477398692450 11
L 1477398692000 35.8981398 14.5112639
S 1477398693461 12
S 1477398694450 11
S 1477398695449 11
L 1477398694000 35.8981182 14.5112573
S 1477398696448 12
S 1477398697447 11
L 1477398696000 35.8981027 14.5112404
S 1477398698446 12
S 1477398699450 12
L 1477398698000 35.898099 14.5112324
S 1477398700445 11
S 1477398701446 13
L 1477398700000 35.8980848 14.5112145
S 1477398702445 13
L 1477398701000 35.8980825 14.5112019
S 1477398703444 13
S 1477398704444 12
L 1477398703000 35.8980728 14.5111751
S 1477398705445 12
L 1477398704000 35.898066 14.5111632
S 1477398706444 11
S 1477398707443 12
L 1477398706000 35.8980675 14.5111247
S 1477398708442 11
S 1477398709443 12
L 1477398708000 35.8980499 14.5110931
S 1477398710442 12
L 1477398710000 35.8980309 14.5110587
S 1477398711447 11
S 1477398712442 12
S 1477398713443 12
L 1477398712000 35.8980034 14.5110309
S 1477398714442 12
S 1477398715442 12
L 1477398714000 35.8979737 14.511007
S 1477398716442 11
S 1477398717443 12
L 1477398716000 35.8979556 14.5109728
S 1477398718441 12
S 1477398719441 12
L 1477398718000 35.897932 14.510944
S 1477398720440 11
L 1477398719000 35.8979227 14.5109316
S 1477398721442 12
L 1477398720000 35.8979069 14.5109214
S 1477398722443 13
L 1477398721000 35.8978892 14.5109124
S 1477398723442 12
L 1477398722000 35.8978798 14.5109011
S 1477398724440 13
S 1477398725440 13
L 1477398724000 35.8978653 14.5108708
S 1477398726438 12
S 1477398727437 11
L 1477398726000 35.8978477 14.5108476
S 1477398728443 13
S 1477398729439 12
L 1477398728000 35.8978372 14.5108212
S 1477398730437 12
S 1477398731435 13
L 1477398730000 35.8978178 14.5108138
P 1477398731422