P 1477397624891
L 1477397625000 35.8991957 14.5141526
S 1477397625054 11
S 1477397626048 12
L 1477397626000 35.8992025 14.5141536
S 1477397627064 12
S 1477397628045 12
L 1477397628000 35.8992074 14.5141537
S 1477397629049 12
L 1477397629000 35.8992096 14.5141577
L 1477397630000 35.8992242 14.5141576
S 1477397630056 12
S 1477397631051 12
L 1477397632000 35.899228 14.5141944
S 1477397632057 13
S 1477397633050 13
L 1477397633000 35.8992184 14.51421
S 1477397634049 13
L 1477397634000 35.8992391 14.5142162
S 1477397635064 13
S 1477397636048 13
L 1477397636000 35.8992555 14.5142438
L 1477397637000 35.8992657 14.5142484
S 1477397637058 11
L 1477397638000 35.8992613 14.5142777
S 1477397638057 11
S 1477397639051 13
L 1477397639000 35.8992614 14.5142883
S 1477397640049 13
L 1477397640000 35.8992726 14.5143052
S 1477397641049 13
L 1477397642000 35.8992612 14.51434
S 1477397642054 15
S 1477397643051 15
L 1477397644000 35.8992711 14.514362
S 1477397644058 15
S 1477397645050 15
L 1477397645000 35.899266 14.5143833
L 1477397646000 35.8992856 14.5143887
S 1477397646059 15
S 1477397647049 15
L 1477397648000 35.8993064 14.5144188
S 1477397648067 13
L 1477397649000 35.8993218 14.5144348
S 1477397649053 13
S 1477397650048 12
L 1477397650000 35.8993329 14.5144506
S 1477397651054 11
S 1477397652049 11
L 1477397652000 35.8993415 14.5144857
S 1477397653047 11
S 1477397654049 9
L 1477397654000 35.8993384 14.5145263
L 1477397655000 35.8993527 14.514537
S 1477397655057 10
S 1477397656050 10
L 1477397656000 35.8993524 14.5145538
S 1477397657061 13
S 1477397658054 13
L 1477397658000 35.89938 14.5145828
S 1477397659046 13
L 1477397660000 35.8993915 14.5146107
S 1477397660059 13
L 1477397661000 35.8993961 14.5146312
S 1477397661057 13
S 1477397662049 13
S 1477397663048 12
L 1477397663000 35.8994448 14.5146447
S 1477397664054 13
S 1477397665054 13
L 1477397665000 35.8994474 14.514686
S 1477397666048 12
L 1477397667000 35.8994705 14.5147178
S 1477397667061 12
S 1477397668049 12
L 1477397668000 35.8994888 14.514726
S 1477397669048 12
L 1477397669000 35.8995249 14.5147274
S 1477397670057 14
S 1477397671048 14
L 1477397671000 35.8995531 14.5147529
S 1477397672048 14
S 1477397673050 14
L 1477397673000 35.8995883 14.5147755
S 1477397674049 14
L 1477397674000 35.8995985 14.5147891
S 1477397675055 14
S 1477397676046 14
L 1477397676000 35.8995966 14.5148306
L 1477397677000 35.8996099 14.5148393
S 1477397677058 14
S 1477397678050 14
L 1477397678000 35.8996383 14.5148413
S 1477397679050 14
L 1477397679000 35.8996457 14.514853
S 1477397680060 14
S 1477397681049 14
L 1477397681000 35.8996649 14.5148773
S 1477397682047 15
L 1477397682000 35.89967 14.5149047
L 1477397683000 35.8996822 14.5149132
S 1477397683058 15
S 1477397684058 15
L 1477397685000 35.8997106 14.5149399
S 1477397685062 15
S 1477397686056 12
S 1477397687050 13
L 1477397687000 35.899756 14.5149605
S 1477397688049 14
L 1477397688000 35.8997579 14.514977
S 1477397689059 13
S 1477397690050 14
L 1477397690000 35.8997797 14.5150027
S 1477397691049 14
S 1477397692046 14
L 1477397692000 35.8998142 14.5150163
S 1477397693049 14
L 1477397693000 35.8998014 14.5150371
S 1477397694048 13
L 1477397695000 35.8998274 14.5150573
S 1477397695056 13
S 1477397696049 13
L 1477397696000 35.899861 14.5150543
S 1477397697065 12
L 1477397698000 35.8998735 14.5150915
S 1477397698058 12
S 1477397699050 13
L 1477397700000 35.8999268 14.5151047
S 1477397700064 13
S 1477397701068 13
L 1477397702000 35.8999384 14.5151276
S 1477397702061 13
S 1477397703053 13
S 1477397704050 15
L 1477397704000 35.8999184 14.5151816
S 1477397705061 15
L 1477397706000 35.8999407 14.5152041
S 1477397706067 15
S 1477397707045 15
S 1477397708047 15
L 1477397708000 35.899957 14.5152423
L 1477397709000 35.8999698 14.5152585
S 1477397709065 15
L 1477397710000 35.8999756 14.5152745
S 1477397710062 14
L 1477397711000 35.8999925 14.515294
S 1477397711057 12
L 1477397712000 35.9000029 14.5153116
S 1477397712059 12
S 1477397713049 12
L 1477397713000 35.900003 14.5153227
S 1477397714048 12
P 1477397714241
