P 1477397624891
L 1477397626000 35.8990038 14.5143019
S 1477397626596 14
S 1477397627596 14
L 1477397628000 35.8990664 14.5143351
S 1477397628592 14
L 1477397629000 35.8991028 14.5142974
S 1477397629605 14
L 1477397630000 35.899131 14.5142877
S 1477397630595 14
L 1477397632000 35.899164 14.5142866
S 1477397631605 14
S 1477397632601 14
S 1477397633602 14
L 1477397634000 35.899209 14.5143173
L 1477397635000 35.8992231 14.5143305
S 1477397634597 14
L 1477397636000 35.8992387 14.5143355
S 1477397635603 16
S 1477397636597 18
L 1477397638000 35.8992639 14.5143545
S 1477397637600 18
S 1477397638594 18
L 1477397639000 35.8992746 14.5143712
S 1477397639596 18
L 1477397640000 35.8992904 14.5143826
S 1477397640594 18
L 1477397642000 35.8993293 14.5143955
S 1477397641601 18
S 1477397642593 18
L 1477397643000 35.8993494 14.5143899
S 1477397643608 18
S 1477397644610 18
L 1477397645000 35.8993808 14.5144009
L 1477397646000 35.899395 14.5144027
S 1477397645615 18
S 1477397646615 18
S 1477397647597 18
L 1477397648000 35.8994163 14.5144303
L 1477397649000 35.8994334 14.514437
S 1477397648616 18
S 1477397649604 18
L 1477397650000 35.8994438 14.51444
L 1477397651000 35.8994505 14.5144432
S 1477397650615 18
S 1477397651605 16
L 1477397652000 35.8994504 14.5144795
L 1477397653000 35.8994603 14.5144928
S 1477397652612 16
S 1477397653602 16
L 1477397654000 35.8994744 14.5145065
S 1477397654615 14
L 1477397656000 35.8994785 14.5145487
S 1477397655605 14
S 1477397656610 14
S 1477397657589 14
L 1477397658000 35.8994787 14.5145957
S 1477397658601 14
S 1477397659599 14
L 1477397660000 35.8995016 14.5146165
S 1477397660600 14
L 1477397662000 35.8995329 14.5146383
S 1477397661600 14
S 1477397662598 14
L 1477397663000 35.8995396 14.5146483
S 1477397663600 13
L 1477397665000 35.8995588 14.5146649
S 1477397664601 15
S 1477397665600 15
L 1477397667000 35.8995674 14.514701
S 1477397666605 15
S 1477397667592 15
L 1477397669000 35.899577 14.5147297
S 1477397668612 15
L 1477397670000 35.8995807 14.5147516
S 1477397669604 15
S 1477397670625 15
L 1477397671000 35.8995814 14.5147792
S 1477397671621 15
L 1477397673000 35.8995859 14.5148164
S 1477397672602 15
S 1477397673594 15
S 1477397674605 15
L 1477397675000 35.8996156 14.5148322
S 1477397675597 17
L 1477397677000 35.8996525 14.5148421
S 1477397676601 17
S 1477397677605 17
L 1477397678000 35.8996625 14.5148537
S 1477397678606 17
S 1477397679605 17
L 1477397680000 35.8996848 14.5148879
S 1477397680601 18
L 1477397682000 35.8997025 14.514914
S 1477397681600 16
L 1477397683000 35.899709 14.5149327
S 1477397682602 16
L 1477397684000 35.8997222 14.5149473
S 1477397683601 16
S 1477397684606 16
L 1477397685000 35.8997478 14.5149441
S 1477397685597 16
S 1477397686603 15
L 1477397687000 35.8997581 14.5149826
S 1477397687601 15
S 1477397688594 15
L 1477397689000 35.8997622 14.5150338
L 1477397690000 35.8997729 14.5150453
S 1477397689617 15
S 1477397690605 15
S 1477397691596 15
L 1477397692000 35.8997777 14.5150803
L 1477397693000 35.8997967 14.5150898
S 1477397692601 15
S 1477397693605 15
L 1477397695000 35.8997909 14.515121
S 1477397694601 15
S 1477397695600 15
L 1477397696000 35.8998005 14.5151295
S 1477397696598 13
L 1477397698000 35.8998184 14.5151599
S 1477397697601 13
L 1477397699000 35.8998334 14.5151697
S 1477397698603 13
L 1477397700000 35.8998458 14.5151765
S 1477397699599 13
S 1477397700600 13
S 1477397701603 13
L 1477397702000 35.8998793 14.5151933
S 1477397702607 13
L 1477397704000 35.8998992 14.5152359
S 1477397703598 13
L 1477397705000 35.8998978 14.515259
S 1477397704604 11
S 1477397705600 11
L 1477397707000 35.8999246 14.5152704
S 1477397706601 11
L 1477397708000 35.8999524 14.5152681
S 1477397707615 11
S 1477397708599 11
L 1477397710000 35.8999717 14.5153003
S 1477397709606 11
S 1477397710602 11
S 1477397711594 11
L 1477397712000 35.8999988 14.5153147
S 1477397712589 11
L 1477397713000 35.9000057 14.5153309
S 1477397713599 11
L 1477397714000 35.9000115 14.5153503
P 1477397714241
