P 1477397624891
L 1477397624998 35.8991521 14.5141572
S 1477397625627 11
S 1477397626628 11
L 1477397627000 35.8991627 14.5141619
S 1477397627629 11
L 1477397627998 35.899174 14.5141739
S 1477397628633 11
L 1477397628998 35.8991788 14.5141779
S 1477397629641 11
L 1477397630000 35.8991793 14.5141853
S 1477397630643 11
L 1477397631000 35.8991806 14.5141918
S 1477397631640 11
S 1477397632647 12
L 1477397632998 35.8991987 14.5142154
S 1477397633641 12
S 1477397634641 11
L 1477397635000 35.899216 14.5142314
S 1477397635640 12
S 1477397636650 12
L 1477397636998 35.8992373 14.5142671
S 1477397637641 12
L 1477397638000 35.8992505 14.5142671
S 1477397638642 13
L 1477397639000 35.8992557 14.514279
S 1477397639641 13
S 1477397640642 12
L 1477397640998 35.8992833 14.5143064
S 1477397641641 12
S 1477397642641 12
L 1477397643000 35.8992957 14.5143239
S 1477397643641 13
S 1477397644635 13
L 1477397644998 35.8993065 14.5143529
S 1477397645638 13
L 1477397646000 35.8993321 14.5143638
S 1477397646636 13
L 1477397647000 35.8993412 14.5143841
S 1477397647634 13
S 1477397648637 13
L 1477397648998 35.8993592 14.5144175
S 1477397649636 13
L 1477397650000 35.8993614 14.514428
S 1477397650636 13
L 1477397651000 35.8993907 14.5144322
S 1477397651633 12
S 1477397652633 12
L 1477397652998 35.8994161 14.5144498
S 1477397653637 12
L 1477397654000 35.899436 14.5144505
S 1477397654629 12
S 1477397655627 12
L 1477397655998 35.8994673 14.5144563
S 1477397656648 12
L 1477397656998 35.8994878 14.5144627
S 1477397657637 12
L 1477397658000 35.8994988 14.5144828
S 1477397658637 12
L 1477397659000 35.8995166 14.5144933
S 1477397659635 12
S 1477397660635 12
L 1477397660998 35.8995411 14.5145312
S 1477397661636 12
L 1477397662000 35.8995591 14.5145421
S 1477397662635 12
L 1477397663000 35.899573 14.5145469
S 1477397663636 12
L 1477397663998 35.8996022 14.5145447
S 1477397664633 12
S 1477397665629 12
L 1477397666000 35.8996164 14.5146112
S 1477397666630 12
L 1477397667000 35.8996361 14.5146352
S 1477397667627 12
S 1477397668624 12
L 1477397668998 35.8996498 14.5146585
S 1477397669637 12
L 1477397670000 35.8996647 14.5146666
S 1477397670636 12
L 1477397671000 35.8996694 14.5146732
S 1477397671637 12
L 1477397671998 35.899688 14.5146677
S 1477397672636 12
S 1477397673638 12
L 1477397674000 35.8997088 14.5146967
S 1477397674636 12
L 1477397675000 35.8997152 14.5147067
S 1477397675637 13
L 1477397675998 35.8997285 14.514729
S 1477397676637 13
S 1477397677638 13
L 1477397678000 35.899742 14.5147548
S 1477397678629 13
L 1477397679000 35.8997509 14.5147716
S 1477397679627 13
S 1477397680626 13
L 1477397680998 35.8997585 14.5147923
S 1477397681628 13
L 1477397682000 35.8997676 14.5148067
S 1477397682628 13
L 1477397683000 35.8997698 14.514839
S 1477397683627 13
S 1477397684626 13
L 1477397684998 35.8997845 14.5148853
S 1477397685627 13
L 1477397686000 35.8997856 14.5149081
S 1477397686630 12
L 1477397687000 35.8997934 14.5149171
S 1477397687627 13
S 1477397688631 12
L 1477397688998 35.8998086 14.514944
S 1477397689629 12
L 1477397690000 35.8998119 14.5149687
S 1477397690631 12
L 1477397691000 35.8998182 14.5149839
S 1477397691628 12
S 1477397692630 12
L 1477397692998 35.8998188 14.5149876
S 1477397693630 13
S 1477397694631 12
L 1477397695000 35.8998469 14.5150118
S 1477397695628 12
S 1477397696628 13
L 1477397696998 35.8998738 14.5150393
S 1477397697629 12
L 1477397698000 35.8998895 14.5150519
S 1477397698629 13
S 1477397699627 13
L 1477397699998 35.8999077 14.5150745
S 1477397700629 13
L 1477397700998 35.8999142 14.5150856
S 1477397701628 13
L 1477397702000 35.899921 14.5150956
S 1477397702629 13
L 1477397703000 35.8999283 14.5151116
S 1477397703626 13
S 1477397704627 13
L 1477397704998 35.8999406 14.5151504
S 1477397705629 13
L 1477397706000 35.8999512 14.5151617
S 1477397706628 13
L 1477397707000 35.8999593 14.5151721
S 1477397707625 13
S 1477397708630 13
L 1477397708998 35.899968 14.5152005
S 1477397709631 12
L 1477397710000 35.8999744 14.5152118
S 1477397710629 12
L 1477397711000 35.8999802 14.515233
S 1477397711629 12
L 1477397711998 35.8999883 14.5152457
S 1477397712632 12
S 1477397713630 13
L 1477397714000 35.9000092 14.5152787
P 1477397714241
