P 1477397624891
L 1477397626000 35.8991977 14.5141723
S 1477397628480 13
S 1477397629481 11
L 1477397628000 35.8992205 14.5141457
S 1477397630482 12
S 1477397631485 13
L 1477397630000 35.8992336 14.5141411
S 1477397632485 12
S 1477397633483 14
L 1477397632000 35.899246 14.5141436
S 1477397634482 16
L 1477397633000 35.899255 14.5141456
S 1477397635482 14
L 1477397634000 35.8992689 14.5141517
S 1477397636479 15
S 1477397637483 16
L 1477397636000 35.8992926 14.5141694
S 1477397638480 15
S 1477397639481 15
L 1477397638000 35.899311 14.5141962
S 1477397640480 16
S 1477397641478 15
L 1477397640000 35.8993264 14.5142179
S 1477397642476 13
S 1477397643482 13
L 1477397642000 35.8993418 14.5142407
S 1477397644480 13
S 1477397645481 15
L 1477397644000 35.899363 14.5142521
S 1477397646478 13
S 1477397647479 13
L 1477397646000 35.8993956 14.5142686
S 1477397648474 13
S 1477397649481 13
L 1477397648000 35.8994211 14.5142956
L 1477397649000 35.8994366 14.514313
S 1477397650488 14
S 1477397651474 13
L 1477397651000 35.8994641 14.5143423
S 1477397652486 12
S 1477397653485 13
L 1477397652000 35.8994739 14.5143538
S 1477397654473 14
S 1477397655479 13
L 1477397654000 35.8994939 14.5143765
S 1477397656478 13
L 1477397655000 35.8995041 14.514392
S 1477397657477 14
S 1477397658476 14
L 1477397657000 35.8995179 14.5144148
S 1477397659478 13
L 1477397658000 35.8995254 14.514433
S 1477397660472 15
S 1477397661479 15
L 1477397660000 35.8995439 14.5144718
S 1477397662483 15
S 1477397663475 15
L 1477397662000 35.8995529 14.5144999
L 1477397663000 35.8995647 14.5145111
S 1477397664483 14
S 1477397665475 14
S 1477397666469 15
L 1477397665000 35.8995855 14.5145372
S 1477397667475 13
L 1477397666000 35.8995928 14.5145531
S 1477397668475 14
S 1477397669475 15
L 1477397668000 35.8996114 14.5145826
S 1477397670474 13
L 1477397669000 35.8996204 14.5145974
S 1477397671474 14
L 1477397670000 35.8996292 14.5146136
S 1477397672472 14
S 1477397673476 14
L 1477397672000 35.8996504 14.5146466
S 1477397674473 13
S 1477397675474 15
L 1477397674000 35.8996702 14.5146805
S 1477397676474 14
L 1477397675000 35.8996786 14.5147021
L 1477397676000 35.8996869 14.5147225
S 1477397677477 15
S 1477397678472 15
S 1477397679476 13
L 1477397678000 35.8996939 14.5147475
S 1477397680473 13
S 1477397681474 14
L 1477397680000 35.8997136 14.5147676
S 1477397682473 13
S 1477397683473 11
L 1477397682000 35.8997342 14.5147969
S 1477397684473 14
L 1477397683000 35.8997435 14.5148115
S 1477397685475 15
L 1477397684000 35.8997525 14.514822
S 1477397686470 14
S 1477397687474 13
L 1477397686000 35.8997666 14.5148478
S 1477397688471 13
S 1477397689472 12
L 1477397688000 35.8997816 14.5148774
S 1477397690473 15
S 1477397691471 14
L 1477397690000 35.8997985 14.514906
S 1477397692470 14
L 1477397691000 35.8998026 14.5149213
S 1477397693471 15
L 1477397692000 35.899807 14.5149338
S 1477397694468 15
S 1477397695469 14
L 1477397694000 35.8998221 14.51495
S 1477397696468 14
S 1477397697472 14
L 1477397696000 35.8998383 14.5149758
S 1477397698468 14
L 1477397698000 35.899859 14.5150154
S 1477397699475 14
S 1477397700468 14
S 1477397701469 15
L 1477397700000 35.8998803 14.5150542
S 1477397702467 14
S 1477397703467 14
L 1477397702000 35.8998931 14.5150835
S 1477397704465 15
S 1477397705467 15
L 1477397704000 35.8999169 14.5151175
S 1477397706467 14
L 1477397705000 35.8999354 14.515134
S 1477397707465 14
S 1477397708464 14
L 1477397707000 35.899956 14.5151554
S 1477397709470 14
L 1477397708000 35.899964 14.5151639
S 1477397710464 15
S 1477397711464 13
L 1477397710000 35.8999791 14.5151831
S 1477397712464 15
S 1477397713464 15
L 1477397712000 35.8999953 14.5152054
L 1477397714000 35.9000079 14.5152294
P 1477397714241
