P 1477397861760
S 1477397862047 13
L 1477397862000 35.899223 14.5141417
S 1477397863053 14
L 1477397864000 35.899251 14.5141621
S 1477397864052 14
L 1477397865000 35.8992408 14.5141626
S 1477397865058 16
L 1477397866000 35.899246 14.5141756
S 1477397866053 16
L 1477397867000 35.8992429 14.5141811
S 1477397867055 16
S 1477397868049 15
L 1477397868000 35.8992482 14.514196
S 1477397869053 15
L 1477397870000 35.8992564 14.5142223
S 1477397870055 15
S 1477397871047 15
S 1477397872047 14
L 1477397872000 35.8992554 14.5142663
S 1477397873047 13
L 1477397874000 35.8992953 14.5142826
S 1477397874057 13
S 1477397875047 13
L 1477397875000 35.8993119 14.5142919
S 1477397876046 13
S 1477397877047 13
L 1477397877000 35.8993237 14.5143227
S 1477397878046 13
L 1477397879000 35.8993604 14.5143353
S 1477397879059 14
S 1477397880055 17
L 1477397880000 35.8993688 14.5143445
S 1477397881061 17
S 1477397882046 17
L 1477397882000 35.8993626 14.5143936
S 1477397883051 16
S 1477397884046 16
L 1477397884000 35.8993558 14.5144345
S 1477397885048 16
S 1477397886048 12
L 1477397886000 35.8993661 14.5144709
S 1477397887047 12
L 1477397887000 35.8993801 14.5144896
S 1477397888048 12
L 1477397888000 35.8993598 14.5145218
S 1477397889052 12
S 1477397890050 12
L 1477397890000 35.8993635 14.5145626
S 1477397891053 12
L 1477397891000 35.8993345 14.514601
S 1477397892048 12
L 1477397892000 35.899306 14.5146368
S 1477397893048 12
L 1477397893000 35.8993529 14.5146276
S 1477397894064 13
S 1477397895052 13
L 1477397895000 35.8994012 14.5146386
S 1477397896047 13
L 1477397896000 35.8994173 14.5146531
S 1477397897047 13
L 1477397897000 35.8994392 14.5146574
S 1477397898048 13
L 1477397898000 35.8994422 14.5146751
S 1477397899052 13
S 1477397900047 13
L 1477397900000 35.8994692 14.5147064
S 1477397901051 13
L 1477397901000 35.8994855 14.5147225
S 1477397902048 12
L 1477397902000 35.8995054 14.5147395
L 1477397903000 35.8995285 14.5147593
S 1477397903055 12
S 1477397904053 11
L 1477397905000 35.8995536 14.514785
S 1477397905056 11
L 1477397906000 35.8995789 14.5147925
S 1477397906059 10
S 1477397907046 10
L 1477397907000 35.8995688 14.5148123
L 1477397908000 35.8995702 14.5148301
S 1477397908060 10
S 1477397909047 10
S 1477397910048 12
L 1477397910000 35.8995716 14.5148767
S 1477397911054 13
L 1477397912000 35.8996243 14.5148795
S 1477397912059 13
L 1477397913000 35.8996485 14.5148796
S 1477397913058 15
S 1477397914049 15
L 1477397914000 35.8996666 14.5148861
S 1477397915049 16
L 1477397915000 35.8996774 14.5148982
S 1477397916054 17
S 1477397917048 17
L 1477397917000 35.8996961 14.5149365
S 1477397918048 17
L 1477397918000 35.8997087 14.514936
S 1477397919053 17
S 1477397920049 17
L 1477397920000 35.8997367 14.5149652
S 1477397921048 16
L 1477397921000 35.8997415 14.5149681
S 1477397922053 15
L 1477397923000 35.89974 14.5149893
S 1477397923063 15
S 1477397924048 16
L 1477397925000 35.8997601 14.5150037
S 1477397925054 15
S 1477397926047 15
L 1477397926000 35.8997813 14.5150179
S 1477397927054 15
L 1477397928000 35.8998 14.5150323
S 1477397928062 14
S 1477397929047 14
L 1477397930000 35.8998196 14.5150587
S 1477397930063 14
S 1477397931048 13
L 1477397931000 35.8998343 14.5150661
S 1477397932047 12
S 1477397933049 12
L 1477397933000 35.8998546 14.5150901
S 1477397934054 13
S 1477397935048 13
L 1477397935000 35.8998744 14.5151248
S 1477397936047 13
S 1477397937048 13
L 1477397937000 35.899896 14.5151456
S 1477397938047 14
S 1477397939048 14
L 1477397939000 35.8999231 14.5151699
S 1477397940048 13
L 1477397940000 35.8999232 14.5151935
S 1477397941053 13
L 1477397942000 35.8999565 14.5152086
S 1477397942056 13
L 1477397943000 35.8999813 14.5152101
S 1477397943055 14
L 1477397944000 35.8999848 14.5152252
S 1477397944056 13
S 1477397945047 13
S 1477397946047 13
L 1477397946000 35.8999946 14.5152497
L 1477397947000 35.9000011 14.5152774
S 1477397947058 13
L 1477397948000 35.9000124 14.5152945
S 1477397948056 13
L 1477397949000 35.9000195 14.5153034
S 1477397949053 12
S 1477397950047 13
L 1477397950000 35.9000267 14.5153168
S 1477397951060 13
P 1477397951714
