P 1477397861760
L 1477397862000 35.8990746 14.514259
S 1477397862603 12
S 1477397863589 12
L 1477397864000 35.8991152 14.5142738
L 1477397865000 35.8991449 14.5142419
S 1477397864599 14
S 1477397865601 14
L 1477397866000 35.8991621 14.5142507
S 1477397866601 14
L 1477397867000 35.8991744 14.5142588
S 1477397867616 14
S 1477397868606 14
L 1477397869000 35.8992189 14.5142775
S 1477397869604 16
S 1477397870593 16
L 1477397871000 35.8992424 14.5142881
S 1477397871603 16
S 1477397872597 16
L 1477397873000 35.8992517 14.51431
S 1477397873593 16
L 1477397875000 35.8992819 14.5143309
S 1477397874601 15
L 1477397876000 35.8992915 14.5143531
S 1477397875603 15
S 1477397876598 15
L 1477397877000 35.8993001 14.5143619
S 1477397877598 15
L 1477397879000 35.8993383 14.5143663
S 1477397878598 15
S 1477397879596 15
L 1477397880000 35.8993554 14.51437
S 1477397880588 15
S 1477397881618 15
L 1477397882000 35.8993679 14.5144055
S 1477397882590 15
L 1477397883000 35.8993866 14.5144172
S 1477397883594 15
L 1477397885000 35.8993935 14.5144475
S 1477397884601 15
L 1477397886000 35.8994043 14.514459
S 1477397885605 15
S 1477397886590 15
L 1477397887000 35.8994125 14.5144777
S 1477397887595 15
S 1477397888592 15
L 1477397889000 35.8994225 14.514517
S 1477397889598 15
L 1477397890000 35.899433 14.5145354
S 1477397890598 15
S 1477397891596 15
L 1477397892000 35.8994431 14.5145653
L 1477397893000 35.8994597 14.5145737
S 1477397892611 15
L 1477397894000 35.8994668 14.5145881
S 1477397893615 15
S 1477397894623 15
S 1477397895613 15
L 1477397896000 35.899489 14.5146056
L 1477397897000 35.8994989 14.5146228
S 1477397896609 15
S 1477397897593 13
S 1477397898592 13
L 1477397899000 35.8995052 14.5146699
L 1477397900000 35.8995208 14.5146794
S 1477397899603 13
L 1477397901000 35.8995354 14.5146916
S 1477397900607 13
S 1477397901593 13
L 1477397903000 35.8995459 14.514728
S 1477397902602 13
S 1477397903600 13
L 1477397904000 35.8995528 14.5147443
S 1477397904597 13
L 1477397905000 35.8995646 14.5147546
S 1477397905611 13
L 1477397907000 35.8996005 14.5147611
S 1477397906595 13
S 1477397907596 13
L 1477397908000 35.8996191 14.5147717
S 1477397908590 13
L 1477397909000 35.8996106 14.5148022
S 1477397909605 13
L 1477397911000 35.8996349 14.5148254
S 1477397910602 13
L 1477397912000 35.8996455 14.5148384
S 1477397911598 15
S 1477397912593 15
L 1477397913000 35.8996523 14.5148565
S 1477397913600 15
L 1477397914000 35.8996562 14.51488
L 1477397915000 35.8996672 14.5149004
S 1477397914602 15
S 1477397915594 16
S 1477397916593 16
L 1477397917000 35.8996762 14.5149367
L 1477397918000 35.899704 14.5149395
S 1477397917601 16
S 1477397918599 16
S 1477397919600 16
L 1477397920000 35.899713 14.5149846
S 1477397920597 16
L 1477397922000 35.8997298 14.5150174
S 1477397921603 16
S 1477397922591 16
L 1477397923000 35.8997334 14.515038
S 1477397923595 16
L 1477397924000 35.8997401 14.5150533
S 1477397924600 16
L 1477397925000 35.899768 14.5150452
S 1477397925603 16
L 1477397927000 35.8997873 14.5150737
S 1477397926598 16
L 1477397928000 35.8997938 14.5150906
S 1477397927606 13
S 1477397928603 13
S 1477397929592 13
L 1477397930000 35.8998111 14.5151107
S 1477397930590 13
L 1477397931000 35.8998197 14.5151288
S 1477397931590 13
L 1477397932000 35.8998297 14.5151355
S 1477397932589 13
L 1477397934000 35.8998255 14.5151718
S 1477397933615 13
S 1477397934600 13
L 1477397936000 35.8998443 14.5151988
S 1477397935614 13
L 1477397937000 35.8998566 14.5152074
S 1477397936611 13
S 1477397937600 13
L 1477397939000 35.899874 14.5152359
S 1477397938613 13
L 1477397940000 35.8998886 14.5152464
S 1477397939621 11
S 1477397940610 11
L 1477397942000 35.8999101 14.5152773
S 1477397941620 11
S 1477397942600 10
L 1477397944000 35.8999481 14.5152828
S 1477397943615 10
S 1477397944620 11
S 1477397945602 11
L 1477397946000 35.8999666 14.5153004
L 1477397947000 35.8999753 14.5153101
S 1477397946614 11
S 1477397947611 11
L 1477397949000 35.8999947 14.5153361
S 1477397948613 11
L 1477397950000 35.9000072 14.5153464
S 1477397949606 11
L 1477397951000 35.9000067 14.5153744
P 1477397951714
