P 1477397861760
L 1477397862000 35.8991303 14.5141988
S 1477397862647 12
L 1477397863000 35.8991315 14.5142014
S 1477397863649 12
L 1477397863998 35.8991327 14.5141924
S 1477397864645 12
S 1477397865646 13
L 1477397866000 35.8991331 14.5142066
S 1477397866646 12
L 1477397867000 35.8991483 14.514211
S 1477397867645 13
S 1477397868643 13
L 1477397868998 35.8991626 14.514237
S 1477397869645 13
L 1477397870000 35.8991703 14.5142531
S 1477397870643 13
L 1477397871000 35.8991779 14.5142631
S 1477397871643 13
L 1477397871998 35.899187 14.5142816
S 1477397872643 13
L 1477397872998 35.8992086 14.5142872
S 1477397873646 13
L 1477397874000 35.8992232 14.5142892
S 1477397874646 13
L 1477397875000 35.8992312 14.5142965
S 1477397875643 13
S 1477397876642 13
L 1477397876998 35.8992499 14.5143124
S 1477397877644 13
L 1477397878000 35.8992526 14.5143284
S 1477397878644 13
L 1477397879000 35.8992593 14.5143398
S 1477397879637 13
S 1477397880642 13
L 1477397880998 35.8993165 14.514339
S 1477397881639 13
L 1477397882000 35.8993234 14.5143568
S 1477397882638 13
L 1477397883000 35.8993434 14.5143764
S 1477397883637 13
S 1477397884639 13
L 1477397884998 35.8993733 14.5144179
S 1477397885642 13
L 1477397886000 35.8993852 14.5144308
S 1477397886640 12
S 1477397887639 12
L 1477397887998 35.8994056 14.5144588
S 1477397888647 12
L 1477397888998 35.8994191 14.5144675
S 1477397889646 12
S 1477397890649 13
L 1477397891000 35.8994312 14.514491
S 1477397891648 12
S 1477397892645 13
L 1477397892998 35.8994384 14.51451
S 1477397893645 12
L 1477397894000 35.8994508 14.5145298
S 1477397894645 12
L 1477397895000 35.899461 14.5145481
S 1477397895644 12
S 1477397896645 12
L 1477397896998 35.8994967 14.5145723
S 1477397897638 12
S 1477397898640 12
L 1477397899000 35.8995082 14.5146039
S 1477397899631 12
S 1477397900633 12
L 1477397900998 35.8995452 14.5146256
S 1477397901631 12
L 1477397902000 35.8995643 14.514633
S 1477397902634 12
L 1477397903000 35.8995748 14.5146477
S 1477397903630 12
S 1477397904633 12
L 1477397904998 35.8995958 14.5146683
S 1477397905632 12
S 1477397906634 12
L 1477397907000 35.8996346 14.5146915
S 1477397907631 12
L 1477397907998 35.8996516 14.5147048
S 1477397908632 12
L 1477397908998 35.8996629 14.514722
S 1477397909633 12
L 1477397910000 35.8996735 14.5147358
S 1477397910634 12
L 1477397911000 35.8996822 14.5147422
S 1477397911632 13
L 1477397911998 35.8996906 14.5147524
S 1477397912631 13
S 1477397913632 13
L 1477397914000 35.8997094 14.5147793
S 1477397914633 12
L 1477397915000 35.8997091 14.5148022
S 1477397915632 13
L 1477397915998 35.8997095 14.5148165
S 1477397916627 13
S 1477397917630 13
L 1477397918000 35.8997247 14.514835
S 1477397918631 13
L 1477397919000 35.8997336 14.5148487
S 1477397919632 13
L 1477397919998 35.8997351 14.5148697
S 1477397920632 13
L 1477397920998 35.8997437 14.5148814
S 1477397921635 13
L 1477397922000 35.8997487 14.5148919
S 1477397922634 12
L 1477397923000 35.8997577 14.5149004
S 1477397923631 12
S 1477397924632 12
L 1477397924998 35.8997674 14.5149338
S 1477397925631 12
L 1477397926000 35.8997794 14.5149413
S 1477397926636 12
L 1477397927000 35.8997843 14.5149576
S 1477397927631 12
S 1477397928634 12
L 1477397928998 35.899809 14.514962
S 1477397929641 12
L 1477397930000 35.8998169 14.5149701
S 1477397930664 12
S 1477397931638 12
L 1477397931998 35.8998466 14.514993
S 1477397932640 12
L 1477397932998 35.8998612 14.5150102
S 1477397933640 12
L 1477397934000 35.8998702 14.5150307
S 1477397934641 13
L 1477397935000 35.8998852 14.51504
S 1477397935638 13
S 1477397936639 13
L 1477397936998 35.8999001 14.5150724
S 1477397937641 13
L 1477397938000 35.899912 14.5150813
S 1477397938633 13
S 1477397939630 13
L 1477397939998 35.8999337 14.5151188
S 1477397940633 13
L 1477397940998 35.8999431 14.5151307
S 1477397941631 13
L 1477397942000 35.8999549 14.5151467
S 1477397942631 13
L 1477397943000 35.8999577 14.5151588
S 1477397943631 13
L 1477397943998 35.8999615 14.5151705
S 1477397944633 13
L 1477397944998 35.8999637 14.5151764
S 1477397945634 13
L 1477397946000 35.899973 14.5152072
S 1477397946634 13
L 1477397947000 35.8999757 14.515227
S 1477397947633 12
S 1477397948633 12
L 1477397948998 35.8999912 14.5152423
S 1477397949641 12
L 1477397950000 35.9000043 14.5152556
S 1477397950641 12
L 1477397951000 35.9000157 14.5152851
P 1477397951714
