P 1477397861760
L 1477397862000 35.8991887 14.5141373
S 1477397864417 13
S 1477397865423 12
L 1477397864000 35.8992166 14.5141329
S 1477397866516 16
L 1477397865000 35.8992245 14.5141283
S 1477397867516 15
L 1477397866000 35.8992318 14.5141318
S 1477397868519 14
L 1477397867000 35.8992318 14.5141318
S 1477397869523 13
L 1477397868000 35.8992318 14.5141318
S 1477397870421 13
S 1477397871524 14
L 1477397870000 35.8992421 14.5141593
S 1477397872517 15
S 1477397873522 15
L 1477397872000 35.8992581 14.5141935
S 1477397874519 16
S 1477397875520 15
L 1477397874000 35.8992775 14.5142184
S 1477397876513 15
S 1477397877517 15
L 1477397876000 35.8993044 14.5142387
S 1477397878514 17
S 1477397879517 16
L 1477397878000 35.8993219 14.5142639
S 1477397880515 14
S 1477397881515 14
L 1477397880000 35.8993438 14.5142897
S 1477397882516 13
S 1477397883515 15
L 1477397882000 35.8993612 14.514315
S 1477397884511 15
S 1477397885520 15
L 1477397884000 35.8993852 14.5143366
S 1477397886513 13
S 1477397887514 12
L 1477397886000 35.8994023 14.5143604
S 1477397888506 14
S 1477397889513 12
L 1477397888000 35.8994206 14.5143904
S 1477397890510 15
S 1477397891513 15
L 1477397890000 35.8994361 14.5144268
S 1477397892510 16
S 1477397893511 15
L 1477397892000 35.8994479 14.5144619
S 1477397894504 14
S 1477397895513 15
L 1477397894000 35.8994674 14.5144952
S 1477397896505 14
S 1477397897510 15
L 1477397896000 35.8994851 14.5145246
S 1477397898509 16
L 1477397897000 35.8994957 14.5145398
S 1477397899508 15
S 1477397900503 15
L 1477397899000 35.8995182 14.5145643
S 1477397901511 15
L 1477397900000 35.8995283 14.5145806
S 1477397902504 14
S 1477397903505 13
L 1477397902000 35.8995517 14.5146116
S 1477397904505 15
S 1477397905503 14
L 1477397904000 35.8995701 14.514642
S 1477397906500 13
S 1477397907503 15
L 1477397906000 35.8995929 14.514667
S 1477397908501 14
S 1477397909504 15
L 1477397908000 35.8996195 14.514692
S 1477397910502 15
S 1477397911503 15
L 1477397910000 35.8996447 14.5147201
S 1477397912497 16
S 1477397913504 16
L 1477397912000 35.8996625 14.5147472
S 1477397914502 17
S 1477397915503 17
L 1477397914000 35.8996791 14.5147758
S 1477397916502 15
L 1477397916000 35.8996966 14.514804
S 1477397917491 17
S 1477397918495 14
L 1477397917000 35.8997054 14.51482
S 1477397919503 17
L 1477397918000 35.8997151 14.5148359
S 1477397920502 15
S 1477397921504 15
L 1477397920000 35.8997376 14.5148623
S 1477397922502 15
L 1477397922000 35.8997581 14.5148957
S 1477397923505 14
S 1477397924495 15
S 1477397925501 14
L 1477397924000 35.8997733 14.5149329
S 1477397926499 15
S 1477397927500 15
L 1477397926000 35.8997901 14.5149659
S 1477397928497 15
S 1477397929499 14
L 1477397928000 35.8998034 14.5149944
S 1477397930493 15
S 1477397931496 13
L 1477397930000 35.8998232 14.515025
S 1477397932492 15
S 1477397933495 14
L 1477397932000 35.8998435 14.5150489
S 1477397934495 14
S 1477397935494 15
L 1477397934000 35.8998624 14.5150643
S 1477397936490 15
S 1477397937495 15
L 1477397936000 35.8998799 14.5150913
S 1477397938493 14
S 1477397939494 15
L 1477397938000 35.8999033 14.5151209
S 1477397940492 15
S 1477397941494 14
L 1477397940000 35.8999222 14.515146
S 1477397942488 15
S 1477397943493 14
L 1477397942000 35.8999373 14.515169
S 1477397944493 14
L 1477397943000 35.8999455 14.51518
S 1477397945494 15
L 1477397944000 35.8999537 14.5151925
S 1477397946491 14
L 1477397946000 35.8999704 14.5152192
S 1477397947498 15
S 1477397948484 15
S 1477397949493 14
L 1477397948000 35.8999848 14.515241
S 1477397950491 15
S 1477397951492 15
L 1477397950000 35.8999958 14.5152612
P 1477397951714
