P 1477399421998
S 1477399422067 13
L 1477399423000 35.8999943 14.5121228
S 1477399423052 13
S 1477399424043 13
L 1477399425000 35.8999517 14.5121534
S 1477399425051 14
S 1477399426043 14
L 1477399426000 35.8999407 14.5121675
S 1477399427049 13
L 1477399428000 35.8999183 14.5121844
S 1477399428049 13
S 1477399429041 13
L 1477399429000 35.8999168 14.5121914
S 1477399430043 13
L 1477399430000 35.8999124 14.5122033
S 1477399431052 12
S 1477399432043 12
L 1477399432000 35.8998886 14.5122588
S 1477399433045 10
L 1477399433000 35.8998773 14.5122759
S 1477399434045 10
L 1477399434000 35.8998673 14.5122794
S 1477399435056 10
L 1477399436000 35.8998612 14.5122707
S 1477399436053 10
S 1477399437043 10
L 1477399437000 35.8998412 14.512291
L 1477399438000 35.8998381 14.5123016
S 1477399438051 10
S 1477399439044 11
L 1477399439000 35.8998301 14.512319
S 1477399440049 11
L 1477399440000 35.8998234 14.5123246
S 1477399441042 11
S 1477399442050 11
L 1477399442000 35.8997988 14.5123652
S 1477399443044 12
L 1477399444000 35.8997698 14.5123927
S 1477399444050 12
L 1477399445000 35.8997571 14.5123857
S 1477399445052 12
S 1477399446047 12
L 1477399447000 35.8997483 14.5123878
S 1477399447053 12
S 1477399448044 12
L 1477399448000 35.8997367 14.5123945
L 1477399449000 35.8997219 14.5123998
S 1477399449052 12
S 1477399450050 12
L 1477399451000 35.8996902 14.5124339
S 1477399451054 12
L 1477399452000 35.899687 14.5124544
S 1477399452050 11
S 1477399453046 10
L 1477399453000 35.8996786 14.512473
S 1477399454062 9
S 1477399455045 10
L 1477399455000 35.899659 14.5124683
S 1477399456052 10
L 1477399457000 35.8996213 14.5124978
P 1477399457742