P 1477399421998
S 1477399421590 13
L 1477399423000 35.8999636 14.5121275
S 1477399422600 14
S 1477399423594 16
L 1477399424000 35.8999621 14.512136
S 1477399424593 16
L 1477399425000 35.8999556 14.5121536
S 1477399425591 16
S 1477399426587 16
L 1477399427000 35.8999256 14.512201
L 1477399428000 35.8999231 14.5122007
S 1477399427602 16
S 1477399428596 16
L 1477399429000 35.8999189 14.5122183
S 1477399429592 16
L 1477399430000 35.8999106 14.5122287
S 1477399430590 16
L 1477399431000 35.8998996 14.5122246
S 1477399431596 16
L 1477399433000 35.8998785 14.5122423
S 1477399432602 16
S 1477399433599 16
L 1477399435000 35.8998519 14.5122786
S 1477399434600 16
S 1477399435594 16
L 1477399436000 35.8998185 14.5122853
S 1477399436586 16
S 1477399437594 16
L 1477399438000 35.8998073 14.5123003
L 1477399439000 35.899794 14.5123137
S 1477399438602 16
S 1477399439591 16
L 1477399440000 35.8997841 14.5123301
S 1477399440591 16
L 1477399442000 35.8997573 14.5123519
S 1477399441595 16
L 1477399443000 35.8997563 14.5123888
S 1477399442602 16
S 1477399443608 16
L 1477399444000 35.8997364 14.5123897
S 1477399444609 16
S 1477399445596 16
L 1477399446000 35.8996942 14.5123846
L 1477399447000 35.8996906 14.5123732
S 1477399446604 15
S 1477399447596 15
L 1477399448000 35.8996997 14.5124181
S 1477399448594 14
S 1477399449600 14
L 1477399450000 35.8996653 14.5124724
S 1477399450599 13
L 1477399452000 35.8996508 14.5124896
S 1477399451599 14
S 1477399452591 14
L 1477399453000 35.8996399 14.512508
S 1477399453600 14
L 1477399454000 35.8996318 14.5125234
L 1477399455000 35.8996233 14.5125249
S 1477399454605 14
L 1477399456000 35.899614 14.5125479
P 1477399457742