P 1477399421998
L 1477399422000 35.8999569 14.5121333
S 1477399422679 11
S 1477399423678 11
L 1477399424000 35.8999664 14.5121502
S 1477399424687 12
L 1477399425000 35.89997 14.512161
S 1477399425677 13
S 1477399426677 11
L 1477399427000 35.8999533 14.5121957
S 1477399427677 10
L 1477399428000 35.8999334 14.512206
S 1477399428677 10
L 1477399429000 35.8999139 14.5122196
S 1477399429679 10
L 1477399430000 35.8998977 14.5122249
S 1477399430679 10
L 1477399431000 35.8998876 14.5122398
S 1477399431678 10
L 1477399432000 35.8998801 14.5122539
S 1477399432677 10
S 1477399433678 9
L 1477399434000 35.8998583 14.5122763
S 1477399434676 9
S 1477399435678 9
L 1477399436000 35.8998237 14.5122934
S 1477399436678 9
L 1477399437000 35.8998091 14.5123124
S 1477399437678 8
L 1477399438000 35.8997838 14.5122954
S 1477399438677 10
S 1477399439678 10
L 1477399440000 35.8997608 14.5123055
S 1477399440678 10
S 1477399441680 10
L 1477399442000 35.8997389 14.5123256
S 1477399442678 10
L 1477399443000 35.8997317 14.5123299
S 1477399443680 9
L 1477399444000 35.8997238 14.5123396
S 1477399444678 11
S 1477399445682 13
L 1477399446000 35.8997109 14.5123631
S 1477399446679 11
L 1477399447000 35.8997066 14.5123735
S 1477399447680 10
L 1477399448000 35.8997015 14.5123851
S 1477399448678 10
S 1477399449679 9
L 1477399450000 35.8996776 14.5123993
S 1477399450677 9
S 1477399451679 9
L 1477399452000 35.8996499 14.5124154
S 1477399452678 10
S 1477399453678 10
L 1477399454000 35.8996339 14.5124402
S 1477399454678 10
L 1477399455000 35.8996309 14.5124566
S 1477399455680 10
L 1477399456000 35.8996206 14.5124957
P 1477399457742