P 1477399421998
L 1477399422000 35.8999629 14.5119908
S 1477399423415 12
S 1477399424409 13
S 1477399425415 16
L 1477399424000 35.8999724 14.5120234
S 1477399426412 14
S 1477399427415 15
L 1477399426000 35.8999674 14.5120656
S 1477399428412 14
S 1477399429413 13
L 1477399428000 35.8999624 14.5121101
S 1477399430411 11
L 1477399429000 35.8999632 14.5121245
S 1477399431414 13
L 1477399430000 35.8999599 14.512151
S 1477399432409 12
S 1477399433409 12
L 1477399432000 35.8999498 14.512191
S 1477399434408 10
S 1477399435406 11
L 1477399434000 35.8999446 14.512227
S 1477399436405 10
S 1477399437405 11
L 1477399436000 35.8999369 14.5122471
S 1477399438404 8
S 1477399439404 11
L 1477399438000 35.899908 14.5122716
S 1477399440404 7
S 1477399441403 9
L 1477399440000 35.8998824 14.5122946
S 1477399442402 10
S 1477399443405 8
L 1477399442000 35.8998706 14.5123289
S 1477399444400 8
S 1477399445401 8
L 1477399444000 35.8998587 14.5123638
S 1477399446400 9
L 1477399445000 35.899859 14.5123846
S 1477399447400 9
S 1477399448399 9
L 1477399447000 35.8998558 14.5124142
S 1477399449401 9
L 1477399448000 35.899853 14.5124324
S 1477399450398 7
S 1477399451399 9
L 1477399450000 35.8998381 14.5124681
S 1477399452398 9
L 1477399451000 35.8998228 14.5124897
S 1477399453397 9
S 1477399454397 9
L 1477399453000 35.8998041 14.5125363
S 1477399455504 10
L 1477399454000 35.8997936 14.5125484
S 1477399456396 10
S 1477399457397 11
L 1477399456000 35.8997601 14.5125681
S 1477399458395 10
L 1477399457000 35.89974 14.5125842
P 1477399457742