P 1477399943624
L 1477399944000 35.8999464 14.512173
S 1477399944049 11
S 1477399945045 11
S 1477399946041 12
L 1477399946000 35.8999348 14.5121872
L 1477399947000 35.8999354 14.512206
S 1477399947058 13
S 1477399948044 13
L 1477399949000 35.8999109 14.5122339
S 1477399949050 13
L 1477399950000 35.8998977 14.5122481
S 1477399950052 14
S 1477399951050 14
L 1477399952000 35.8998853 14.5122734
S 1477399952048 14
S 1477399953042 14
L 1477399953000 35.899873 14.5122738
L 1477399954000 35.8998641 14.5122802
S 1477399954048 13
L 1477399955000 35.8998623 14.5122829
S 1477399955049 12
S 1477399956044 12
L 1477399956000 35.8998522 14.5123029
S 1477399957043 11
L 1477399958000 35.8998198 14.5123098
S 1477399958049 10
S 1477399959042 10
L 1477399959000 35.8997938 14.5123181
S 1477399960043 10
L 1477399960000 35.8997889 14.5123299
S 1477399961055 10
S 1477399962042 8
L 1477399962000 35.8997547 14.5123328
S 1477399963042 8
L 1477399963000 35.8997503 14.5123516
S 1477399964051 11
L 1477399965000 35.8997231 14.5123664
S 1477399965046 11
S 1477399966041 12
L 1477399966000 35.8997143 14.5123751
L 1477399967000 35.8996986 14.5123818
S 1477399967053 13
L 1477399968000 35.8996975 14.5123776
S 1477399968052 13
L 1477399969000 35.8996892 14.5123843
S 1477399969063 13
S 1477399970055 12
L 1477399971000 35.899654 14.512349
S 1477399971050 12
L 1477399972000 35.8996513 14.5123708
S 1477399972050 11
S 1477399973043 11
L 1477399973000 35.8996364 14.5123879
S 1477399974051 10
L 1477399975000 35.8996321 14.5124229
S 1477399975049 9
S 1477399976049 11
L 1477399977000 35.8996177 14.5124856
S 1477399977048 11
L 1477399978000 35.8996099 14.5124918
S 1477399978054 13
S 1477399979044 13
L 1477399979000 35.8996023 14.5124994
S 1477399980053 13
L 1477399980000 35.8995919 14.5125105
P 1477399980811