P 1477399943624
L 1477399944000 35.8999401 14.512144
S 1477399944591 18
S 1477399945592 18
L 1477399946000 35.8999446 14.5121723
S 1477399946592 18
L 1477399947000 35.8999396 14.5121975
S 1477399947592 18
L 1477399948000 35.8999472 14.5122081
L 1477399949000 35.8999339 14.5122419
S 1477399948595 18
S 1477399949593 18
L 1477399951000 35.8998876 14.5122483
S 1477399950593 18
L 1477399952000 35.8998775 14.5122531
S 1477399951593 18
L 1477399953000 35.899878 14.51226
S 1477399952600 18
S 1477399953594 18
S 1477399954589 16
L 1477399955000 35.8998654 14.5122838
S 1477399955595 16
L 1477399956000 35.8998591 14.5122883
S 1477399956586 16
L 1477399958000 35.8998413 14.5123147
S 1477399957600 18
L 1477399959000 35.8998323 14.5123162
S 1477399958598 18
L 1477399960000 35.8998203 14.5123156
S 1477399959599 18
S 1477399960592 18
L 1477399962000 35.8998046 14.5123454
S 1477399961600 18
L 1477399963000 35.8997973 14.5123696
S 1477399962601 18
S 1477399963592 17
L 1477399965000 35.8997805 14.5123821
S 1477399964594 15
S 1477399965591 15
L 1477399967000 35.8997681 14.5124079
S 1477399966599 15
S 1477399967587 17
L 1477399968000 35.8997496 14.5124138
S 1477399968598 17
S 1477399969590 16
L 1477399970000 35.8997477 14.5124298
L 1477399971000 35.8997357 14.5124468
S 1477399970605 16
S 1477399971590 16
L 1477399973000 35.8997139 14.5124825
S 1477399972599 16
L 1477399974000 35.8996967 14.5124667
S 1477399973600 15
S 1477399974590 16
S 1477399975591 16
L 1477399976000 35.899707 14.5124886
S 1477399976608 16
L 1477399978000 35.899681 14.512546
S 1477399977594 16
L 1477399979000 35.8996685 14.5125451
S 1477399978596 16
S 1477399979592 16
L 1477399980000 35.8996659 14.5125222
P 1477399980811