P 1477399943624
L 1477399944000 35.8999608 14.5121149
S 1477399944686 13
S 1477399945688 13
L 1477399946000 35.8999624 14.5121493
S 1477399946685 13
S 1477399947687 13
L 1477399948000 35.8999482 14.5121778
S 1477399948684 12
S 1477399949686 10
L 1477399950000 35.8999363 14.5122375
S 1477399950685 11
S 1477399951688 11
L 1477399952000 35.8999417 14.5122732
S 1477399952684 10
S 1477399953688 11
L 1477399954000 35.8999031 14.5122969
S 1477399954685 11
S 1477399955689 11
L 1477399956000 35.8999074 14.5123459
S 1477399956684 10
S 1477399957687 10
L 1477399958000 35.8999252 14.5123914
S 1477399958684 10
S 1477399959685 10
L 1477399960000 35.8999164 14.5124056
S 1477399960684 9
S 1477399961685 10
L 1477399962000 35.8998784 14.5124169
S 1477399962685 10
L 1477399963000 35.8998705 14.5124348
S 1477399963687 9
L 1477399964000 35.8998647 14.5124567
S 1477399964685 10
S 1477399965684 11
L 1477399966000 35.8998394 14.5124781
S 1477399966686 11
L 1477399967000 35.8998261 14.5124944
S 1477399967687 12
L 1477399968000 35.8998115 14.5125137
S 1477399968687 11
L 1477399969000 35.8998039 14.5125299
S 1477399969663 11
S 1477399970669 9
L 1477399971000 35.899787 14.5125599
S 1477399971684 9
L 1477399972000 35.8997805 14.5125691
S 1477399972687 9
L 1477399973000 35.8997795 14.5125767
S 1477399973688 10
L 1477399974000 35.899779 14.5125902
S 1477399974687 11
S 1477399975689 11
L 1477399976000 35.8997238 14.5125948
S 1477399976688 12
S 1477399977690 12
L 1477399978000 35.8997079 14.5126331
S 1477399978689 12
S 1477399979690 12
L 1477399980000 35.899681 14.5126592
P 1477399980811