P 1477399943624
L 1477399944000 35.8999736 14.5120451
S 1477399946452 13
L 1477399946000 35.8999792 14.5120775
S 1477399947438 13
S 1477399948440 13
L 1477399947000 35.8999754 14.5120951
L 1477399948000 35.8999714 14.5121172
S 1477399949455 12
S 1477399950457 11
S 1477399951452 11
L 1477399950000 35.8999737 14.512156
S 1477399952453 12
S 1477399953452 11
L 1477399952000 35.8999735 14.5121927
S 1477399954449 10
S 1477399955448 9
L 1477399954000 35.8999612 14.512226
S 1477399956444 9
S 1477399957446 9
L 1477399956000 35.8999457 14.5122655
S 1477399958448 10
S 1477399959446 9
L 1477399958000 35.899937 14.5123034
S 1477399960442 9
S 1477399961443 7
L 1477399960000 35.8999263 14.5123343
S 1477399962447 9
L 1477399961000 35.8999208 14.5123543
S 1477399963443 8
S 1477399964442 9
L 1477399963000 35.8999036 14.5123871
S 1477399965443 10
L 1477399964000 35.899895 14.5124035
S 1477399966441 8
S 1477399967438 8
L 1477399966000 35.8998796 14.5124275
S 1477399968438 9
L 1477399967000 35.8998709 14.5124346
L 1477399968000 35.8998681 14.512454
S 1477399969445 8
S 1477399970438 8
S 1477399971440 9
L 1477399970000 35.899855 14.5124813
S 1477399972436 6
S 1477399973435 6
L 1477399972000 35.899842 14.5125106
S 1477399974434 7
S 1477399975436 7
L 1477399974000 35.8998201 14.5125353
S 1477399976436 7
L 1477399975000 35.8998144 14.5125514
L 1477399976000 35.8998119 14.5125686
S 1477399977456 9
S 1477399978438 9
S 1477399979440 8
L 1477399978000 35.8997974 14.5125964
P 1477399980811