P 1477399193108
L 1477399194000 35.898049 14.5091197
S 1477399194051 13
S 1477399195045 15
L 1477399195000 35.8980595 14.5091328
S 1477399196044 15
S 1477399197043 15
L 1477399197000 35.8980837 14.509184
S 1477399198045 15
L 1477399198000 35.8980821 14.5091996
S 1477399199044 15
S 1477399200045 13
L 1477399200000 35.89811 14.5092433
S 1477399201053 13
S 1477399202049 13
L 1477399202000 35.8981182 14.5092645
S 1477399203044 13
L 1477399203000 35.8981386 14.5092855
S 1477399204043 13
L 1477399205000 35.8981281 14.509314
S 1477399205058 13
L 1477399206000 35.8981667 14.5093188
S 1477399206051 13
S 1477399207047 12
L 1477399207000 35.898208 14.509328
S 1477399208045 14
L 1477399209000 35.8981791 14.5094002
S 1477399209055 14
L 1477399210000 35.89819 14.5094128
S 1477399210051 14
L 1477399211000 35.8981982 14.5094322
S 1477399211051 14
S 1477399212043 14
S 1477399213042 14
L 1477399213000 35.8982421 14.5094363
L 1477399214000 35.8982719 14.5094204
S 1477399214055 14
S 1477399215061 11
L 1477399216000 35.8983252 14.5093993
S 1477399216052 12
S 1477399217051 12
S 1477399218043 12
L 1477399218000 35.8983659 14.5094157
L 1477399219000 35.8983696 14.5094386
S 1477399219054 12
S 1477399220043 12
S 1477399221044 12
L 1477399221000 35.8983666 14.5094837
S 1477399222043 11
L 1477399223000 35.8983436 14.5095231
S 1477399223055 10
L 1477399224000 35.898314 14.509547
S 1477399224051 12
L 1477399225000 35.898324 14.5095424
S 1477399225053 13
S 1477399226045 13
L 1477399226000 35.8983207 14.5095504
S 1477399227052 13
S 1477399228044 13
L 1477399228000 35.8983218 14.5095776
S 1477399229044 13
L 1477399229000 35.8983198 14.5096027
S 1477399230044 12
L 1477399230000 35.8983231 14.5096194
S 1477399231046 13
L 1477399231000 35.8983192 14.5096265
S 1477399232052 13
S 1477399233045 13
L 1477399233000 35.8983618 14.5096541
S 1477399234043 13
L 1477399235000 35.8983558 14.5096918
S 1477399235050 13
L 1477399236000 35.8983628 14.5096972
S 1477399236051 12
S 1477399237044 11
L 1477399237000 35.8983732 14.5097107
S 1477399238054 11
L 1477399239000 35.8983685 14.5097509
S 1477399239049 10
S 1477399240044 10
L 1477399240000 35.8983869 14.5097583
S 1477399241044 10
L 1477399242000 35.898425 14.5097779
S 1477399242051 10
L 1477399243000 35.8984311 14.5097846
S 1477399243061 12
S 1477399244050 12
S 1477399245044 12
L 1477399245000 35.8984532 14.5098049
L 1477399246000 35.8984723 14.5098243
S 1477399246055 12
L 1477399247000 35.8985265 14.509815
S 1477399247052 15
S 1477399248046 15
L 1477399248000 35.8985391 14.5098143
S 1477399249043 15
L 1477399249000 35.8985433 14.5098278
S 1477399250045 15
L 1477399250000 35.8985521 14.5098409
S 1477399251052 15
S 1477399252042 15
L 1477399252000 35.8985445 14.5098709
L 1477399253000 35.8985586 14.5098896
S 1477399253051 15
S 1477399254043 14
L 1477399254000 35.8985718 14.5098966
S 1477399255043 12
L 1477399255000 35.8985827 14.5099143
L 1477399256000 35.8985949 14.5099078
S 1477399256059 12
S 1477399257047 10
S 1477399258045 10
L 1477399258000 35.8986279 14.5099391
S 1477399259046 11
L 1477399259000 35.8986543 14.5099468
S 1477399260046 11
L 1477399260000 35.8986482 14.5099759
S 1477399261051 12
L 1477399262000 35.8986774 14.5099851
S 1477399262055 12
S 1477399263046 12
L 1477399264000 35.8987055 14.510004
S 1477399264050 12
S 1477399265043 12
L 1477399265000 35.8987211 14.5100043
S 1477399266044 12
L 1477399266000 35.8987264 14.510004
S 1477399267043 9
L 1477399267000 35.8987626 14.5100155
S 1477399268041 10
L 1477399269000 35.8987598 14.5100527
S 1477399269051 10
L 1477399270000 35.8987384 14.5100615
S 1477399270050 10
L 1477399271000 35.8987405 14.5100726
S 1477399271053 14
S 1477399272044 14
L 1477399273000 35.8987145 14.5100747
S 1477399273054 14
S 1477399274045 15
L 1477399274000 35.8987135 14.5100863
S 1477399275053 15
L 1477399276000 35.8987257 14.5101029
S 1477399276049 15
S 1477399277045 15
L 1477399277000 35.898725 14.5101322
S 1477399278045 15
S 1477399279043 15
L 1477399279000 35.8987741 14.5101653
S 1477399280052 13
L 1477399281000 35.8987628 14.5101647
S 1477399281051 13
S 1477399282043 11
L 1477399282000 35.8987585 14.5101674
S 1477399283043 12
L 1477399283000 35.8987608 14.510169
S 1477399284049 12
S 1477399285045 12
L 1477399285000 35.8987555 14.510233
S 1477399286043 13
S 1477399287042 13
L 1477399287000 35.8987564 14.5102993
S 1477399288042 13
L 1477399288000 35.8987546 14.510319
L 1477399289000 35.89875 14.5103423
S 1477399289052 13
L 1477399290000 35.8987686 14.5103551
S 1477399290050 13
S 1477399291042 12
L 1477399291000 35.8987835 14.5103913
S 1477399292044 10
L 1477399292000 35.898801 14.5104102
S 1477399293046 10
L 1477399293000 35.8988015 14.510422
S 1477399294050 9
S 1477399295043 10
L 1477399295000 35.8987947 14.5104569
L 1477399296000 35.8987897 14.5104852
S 1477399296050 10
S 1477399297043 11
S 1477399298043 11
L 1477399298000 35.8987961 14.5105014
L 1477399299000 35.8988049 14.5105084
S 1477399299052 11
S 1477399300040 10
S 1477399301041 9
L 1477399301000 35.8988345 14.5105069
S 1477399302043 9
L 1477399302000 35.8988536 14.5105036
S 1477399303064 8
L 1477399304000 35.8988527 14.5105516
S 1477399304051 9
S 1477399305047 9
L 1477399305000 35.8988704 14.5105708
S 1477399306043 9
L 1477399306000 35.8988646 14.5105661
S 1477399307043 9
L 1477399307000 35.8988815 14.5105938
S 1477399308044 8
L 1477399309000 35.8988729 14.51063
S 1477399309050 8
S 1477399310056 8
S 1477399311042 8
L 1477399311000 35.8988853 14.5106611
L 1477399312000 35.898899 14.5106575
S 1477399312058 8
L 1477399313000 35.8988979 14.5106558
S 1477399313051 9
L 1477399314000 35.8989048 14.5106912
S 1477399314050 9
S 1477399315050 9
L 1477399316000 35.8989478 14.5107184
S 1477399316050 10
L 1477399317000 35.8990027 14.510711
S 1477399317051 12
S 1477399318044 12
L 1477399318000 35.8990207 14.5107155
S 1477399319044 11
L 1477399319000 35.8990396 14.5107303
L 1477399320000 35.8990683 14.5107399
S 1477399320056 11
S 1477399321042 11
L 1477399322000 35.8991314 14.5107701
S 1477399322049 11
S 1477399323042 11
L 1477399324000 35.8991297 14.5107971
S 1477399324050 11
L 1477399325000 35.8991392 14.5108162
S 1477399325053 11
L 1477399326000 35.8991299 14.5108476
S 1477399326051 12
S 1477399327042 12
L 1477399328000 35.899139 14.5108645
S 1477399328049 12
S 1477399329043 12
L 1477399329000 35.8991693 14.5108782
S 1477399330044 12
L 1477399330000 35.8991848 14.5108901
S 1477399331062 12
L 1477399332000 35.8992057 14.5109157
S 1477399332047 9
L 1477399333000 35.8992224 14.5109296
S 1477399333048 9
S 1477399334043 9
L 1477399334000 35.8992154 14.5109517
S 1477399335050 9
S 1477399336045 8
L 1477399336000 35.899248 14.5109746
S 1477399337052 7
L 1477399338000 35.8992531 14.5109954
S 1477399338050 9
S 1477399339044 11
L 1477399339000 35.8992559 14.5110245
L 1477399340000 35.8992584 14.5110416
S 1477399340051 13
S 1477399341052 13
L 1477399342000 35.8992725 14.5110907
S 1477399342051 13
S 1477399343043 13
S 1477399344043 13
L 1477399344000 35.8992742 14.5111202
L 1477399345000 35.8992918 14.5111465
S 1477399345049 11
S 1477399346043 10
L 1477399346000 35.8993099 14.5111424
L 1477399347000 35.8993276 14.5111804
S 1477399347049 10
L 1477399348000 35.8993386 14.5111816
S 1477399348051 10
L 1477399349000 35.8993369 14.5112036
S 1477399349053 12
S 1477399350046 12
L 1477399350000 35.8993562 14.5112255
S 1477399351057 12
S 1477399352043 12
L 1477399352000 35.8993674 14.5112099
S 1477399353047 12
S 1477399354043 12
L 1477399354000 35.8993693 14.5112388
S 1477399355044 11
L 1477399355000 35.899379 14.5112495
S 1477399356043 11
L 1477399356000 35.899396 14.5112488
S 1477399357051 10
S 1477399358044 11
L 1477399358000 35.8994286 14.5112871
L 1477399359000 35.8994501 14.5112887
S 1477399359056 11
S 1477399360043 10
L 1477399361000 35.8994723 14.5113095
S 1477399361048 10
S 1477399362044 10
L 1477399362000 35.899491 14.511328
S 1477399363050 11
S 1477399364040 11
L 1477399364000 35.8995028 14.5113694
S 1477399365042 11
L 1477399365000 35.8995088 14.511368
S 1477399366049 11
S 1477399367045 14
L 1477399367000 35.8995275 14.5113916
S 1477399368044 14
L 1477399368000 35.8995197 14.5114132
S 1477399369048 13
S 1477399370045 14
L 1477399370000 35.8995215 14.5114422
S 1477399371047 14
L 1477399371000 35.8995299 14.5114573
S 1477399372045 14
S 1477399373043 14
L 1477399373000 35.899547 14.5115014
S 1477399374052 14
L 1477399375000 35.8995754 14.5115489
S 1477399375052 13
S 1477399376043 11
L 1477399376000 35.8995919 14.5115675
L 1477399377000 35.8996133 14.511578
S 1477399377054 11
S 1477399378043 11
L 1477399378000 35.8996173 14.5115946
L 1477399379000 35.8996235 14.5116077
S 1477399379054 10
L 1477399380000 35.8996423 14.5116248
S 1477399380052 10
S 1477399381044 10
L 1477399381000 35.8995908 14.5116279
S 1477399382043 10
L 1477399382000 35.8996008 14.5116425
S 1477399383042 11
L 1477399384000 35.8995917 14.5116819
S 1477399384050 11
S 1477399385051 10
L 1477399386000 35.8996171 14.5117072
S 1477399386052 11
S 1477399387044 11
L 1477399387000 35.8996331 14.5117111
S 1477399388052 11
S 1477399389044 11
L 1477399389000 35.8996461 14.5117296
S 1477399390045 11
L 1477399391000 35.8996807 14.511746
S 1477399391058 11
L 1477399392000 35.8996742 14.5117679
S 1477399392055 11
S 1477399393051 11
S 1477399394045 10
L 1477399394000 35.8996931 14.5117715
S 1477399395053 11
L 1477399396000 35.8997112 14.5117699
S 1477399396047 11
S 1477399397042 11
L 1477399397000 35.8997312 14.5117839
S 1477399398045 13
L 1477399399000 35.8997653 14.5118057
S 1477399399045 13
L 1477399400000 35.8997844 14.5118126
S 1477399400048 13
S 1477399401043 13
L 1477399401000 35.899799 14.5118163
S 1477399402045 13
L 1477399402000 35.8997957 14.5118388
S 1477399403043 13
L 1477399404000 35.8998112 14.5118731
S 1477399404051 13
S 1477399405043 12
L 1477399405000 35.8998153 14.5118918
S 1477399406043 12
L 1477399407000 35.8998103 14.5119361
S 1477399407058 12
S 1477399408043 11
L 1477399408000 35.8998175 14.5119566
S 1477399409044 11
L 1477399409000 35.8998329 14.5119479
S 1477399410051 11
S 1477399411044 9
L 1477399411000 35.8998431 14.5119767
S 1477399412043 9
L 1477399412000 35.8998499 14.5119904
S 1477399413043 9
L 1477399413000 35.899871 14.5119971
S 1477399414048 9
L 1477399415000 35.8998894 14.5120233
S 1477399415056 9
S 1477399416050 12
L 1477399416000 35.8999119 14.5120459
S 1477399417048 12
L 1477399418000 35.8999129 14.5120656
S 1477399418055 12
S 1477399419044 12
L 1477399419000 35.8999377 14.5120888
S 1477399420045 13
L 1477399420000 35.8999637 14.5120845
L 1477399421000 35.8999825 14.5120891
S 1477399421051 13
P 1477399421998