P 1477399193108
L 1477399195000 35.8980459 14.5092406
S 1477399195600 15
L 1477399197000 35.8980638 14.5092573
S 1477399196621 12
S 1477399197594 12
L 1477399198000 35.8980594 14.509271
L 1477399199000 35.898067 14.5092774
S 1477399198620 12
S 1477399199603 12
S 1477399200590 14
L 1477399201000 35.8980877 14.5093037
S 1477399201595 14
S 1477399202595 15
L 1477399203000 35.8981063 14.5093223
L 1477399204000 35.8981335 14.5093282
S 1477399203599 15
L 1477399205000 35.8981469 14.5093292
S 1477399204611 15
S 1477399205594 15
S 1477399206594 15
L 1477399207000 35.8981294 14.5093797
S 1477399207602 15
L 1477399208000 35.8981377 14.5093863
S 1477399208599 15
L 1477399210000 35.8981526 14.5093992
S 1477399209595 15
S 1477399210596 15
S 1477399211592 15
L 1477399212000 35.8981828 14.5094206
S 1477399212599 15
L 1477399214000 35.8982388 14.5094089
S 1477399213599 15
S 1477399214600 15
L 1477399215000 35.8982629 14.5094195
S 1477399215594 15
L 1477399216000 35.8982625 14.509421
S 1477399216598 15
L 1477399218000 35.8982955 14.5094314
S 1477399217591 15
L 1477399219000 35.8982482 14.5094823
S 1477399218602 15
L 1477399220000 35.8982213 14.5095283
S 1477399219608 15
S 1477399220598 15
L 1477399222000 35.8982379 14.5095347
S 1477399221606 15
S 1477399222603 13
L 1477399223000 35.8982427 14.5095429
S 1477399223588 13
S 1477399224590 13
L 1477399225000 35.8982679 14.5095715
S 1477399225598 13
L 1477399227000 35.8982612 14.5096156
S 1477399226601 13
S 1477399227595 11
S 1477399228595 11
L 1477399229000 35.8982398 14.50964
S 1477399229602 11
L 1477399230000 35.8982541 14.5096493
S 1477399230601 11
L 1477399231000 35.8982636 14.5096556
L 1477399232000 35.8982968 14.509646
S 1477399231605 11
S 1477399232596 11
L 1477399234000 35.8983497 14.5096447
S 1477399233596 11
L 1477399235000 35.8983694 14.509645
S 1477399234596 11
S 1477399235592 11
L 1477399236000 35.898374 14.5096778
S 1477399236606 11
L 1477399238000 35.8984042 14.5097023
S 1477399237596 11
L 1477399239000 35.8984074 14.5097111
S 1477399238598 11
L 1477399240000 35.8984213 14.5097023
S 1477399239599 11
S 1477399240586 8
L 1477399242000 35.8984481 14.509731
S 1477399241607 8
S 1477399242591 8
L 1477399243000 35.8984501 14.5097491
S 1477399243593 8
L 1477399244000 35.8984469 14.5097698
S 1477399244599 8
S 1477399245596 11
L 1477399246000 35.8984492 14.5098191
S 1477399246591 12
L 1477399248000 35.8984817 14.5098558
S 1477399247597 12
S 1477399248598 12
L 1477399250000 35.898512 14.5098651
S 1477399249605 12
L 1477399251000 35.898515 14.5098773
S 1477399250596 11
L 1477399252000 35.8985501 14.5098895
S 1477399251608 11
S 1477399252594 12
L 1477399253000 35.8985623 14.5099033
L 1477399254000 35.89858 14.5099174
S 1477399253596 11
L 1477399255000 35.8986003 14.5099272
S 1477399254599 12
S 1477399255603 12
S 1477399256603 12
L 1477399257000 35.8986299 14.5099579
S 1477399257595 12
L 1477399258000 35.8986501 14.5099733
S 1477399258601 12
L 1477399260000 35.8986458 14.5100102
S 1477399259602 12
S 1477399260610 12
L 1477399261000 35.89865 14.5100254
S 1477399261598 12
L 1477399262000 35.8986418 14.5100396
S 1477399262601 12
L 1477399264000 35.8986468 14.5100566
S 1477399263602 12
S 1477399264608 12
L 1477399266000 35.8986548 14.5100913
S 1477399265603 12
S 1477399266599 12
L 1477399267000 35.8986612 14.5100992
S 1477399267592 14
L 1477399268000 35.8986571 14.5101164
S 1477399268596 14
L 1477399270000 35.8986736 14.5101469
S 1477399269603 14
S 1477399270600 13
S 1477399271590 15
L 1477399272000 35.8986872 14.5101775
S 1477399272603 15
L 1477399273000 35.8987034 14.5101877
S 1477399273598 15
L 1477399275000 35.8987309 14.510198
S 1477399274603 15
S 1477399275601 15
S 1477399276593 15
L 1477399277000 35.8987438 14.5102279
S 1477399277592 15
L 1477399279000 35.8987762 14.510258
S 1477399278605 15
S 1477399279604 15
L 1477399280000 35.8988061 14.5102633
S 1477399280593 15
L 1477399281000 35.898834 14.5102755
S 1477399281603 15
S 1477399282594 15
L 1477399283000 35.8988778 14.5102852
L 1477399284000 35.8988966 14.5102925
S 1477399283602 15
S 1477399284591 15
L 1477399285000 35.8989109 14.5103014
S 1477399285590 15
L 1477399286000 35.8989193 14.5103182
S 1477399286606 15
L 1477399288000 35.8989214 14.510352
S 1477399287596 15
L 1477399289000 35.8989295 14.5103644
S 1477399288598 15
S 1477399289592 15
L 1477399291000 35.8989329 14.5104005
S 1477399290598 15
S 1477399291595 15
L 1477399292000 35.8989172 14.510416
S 1477399292597 15
L 1477399294000 35.8988738 14.5104674
S 1477399293601 15
L 1477399295000 35.8988712 14.5104873
S 1477399294605 15
S 1477399295595 15
L 1477399297000 35.8988695 14.5105131
S 1477399296594 15
L 1477399298000 35.8988744 14.5105565
S 1477399297597 15
S 1477399298607 15
L 1477399299000 35.8989002 14.5105592
S 1477399299594 15
S 1477399300595 13
L 1477399301000 35.898908 14.5105759
L 1477399302000 35.8989302 14.5105881
S 1477399301601 13
S 1477399302593 13
L 1477399303000 35.8989413 14.5105991
S 1477399303609 13
L 1477399305000 35.8989701 14.5106021
S 1477399304598 13
L 1477399306000 35.8989757 14.5106214
S 1477399305593 11
L 1477399307000 35.8989852 14.5106299
S 1477399306602 11
L 1477399308000 35.8989659 14.5106481
S 1477399307603 8
S 1477399308593 10
L 1477399309000 35.8989581 14.5106652
L 1477399310000 35.8989474 14.5106728
S 1477399309602 10
S 1477399310592 10
L 1477399311000 35.898964 14.5106801
L 1477399312000 35.8989719 14.510688
S 1477399311607 10
S 1477399312591 10
L 1477399314000 35.8990728 14.5106568
S 1477399313593 10
S 1477399314594 10
L 1477399315000 35.8991002 14.5106604
S 1477399315595 11
L 1477399316000 35.8990983 14.5106658
L 1477399317000 35.8991094 14.5106863
S 1477399316604 11
L 1477399318000 35.8991187 14.5106957
S 1477399317599 11
L 1477399319000 35.899112 14.5107164
S 1477399318600 11
L 1477399320000 35.8991206 14.5107438
S 1477399319628 11
S 1477399320597 10
S 1477399321592 10
L 1477399322000 35.8991479 14.5107653
S 1477399322606 13
S 1477399323602 13
L 1477399324000 35.8991229 14.5107958
S 1477399324590 13
L 1477399325000 35.8991123 14.5108218
S 1477399325606 13
L 1477399327000 35.8990924 14.5108652
S 1477399326596 13
S 1477399327593 13
L 1477399328000 35.8991059 14.5108756
S 1477399328605 13
S 1477399329601 13
L 1477399330000 35.8991457 14.5108965
S 1477399330598 13
L 1477399331000 35.8991568 14.510916
S 1477399331605 15
L 1477399333000 35.8991748 14.5109495
S 1477399332600 15
S 1477399333592 15
L 1477399334000 35.8991837 14.5109707
S 1477399334599 15
S 1477399335591 15
L 1477399336000 35.899217 14.510994
S 1477399336604 15
S 1477399337597 15
L 1477399338000 35.8992368 14.5109921
S 1477399338588 15
S 1477399339595 14
L 1477399340000 35.8992661 14.5110013
S 1477399340593 14
L 1477399341000 35.8992897 14.5110159
S 1477399341602 14
L 1477399343000 35.8993201 14.5110607
S 1477399342599 14
S 1477399343598 14
S 1477399344594 14
L 1477399345000 35.8993595 14.511081
L 1477399346000 35.8993829 14.5111105
S 1477399345600 14
S 1477399346601 14
S 1477399347596 14
L 1477399348000 35.8993785 14.5111656
S 1477399348600 14
L 1477399349000 35.8993936 14.5111713
S 1477399349596 12
L 1477399350000 35.8994098 14.5111863
S 1477399350596 12
L 1477399352000 35.8994227 14.5112168
S 1477399351604 12
L 1477399353000 35.8994251 14.5112248
S 1477399352601 12
L 1477399354000 35.8994427 14.5112178
S 1477399353601 12
S 1477399354615 12
S 1477399355593 12
L 1477399356000 35.8994454 14.5112455
S 1477399356591 12
L 1477399357000 35.8994521 14.5112602
S 1477399357606 12
S 1477399358589 12
L 1477399359000 35.8994793 14.5112843
S 1477399359601 12
L 1477399361000 35.8994988 14.5113114
S 1477399360601 12
S 1477399361592 12
L 1477399362000 35.8995187 14.511313
S 1477399362615 12
L 1477399364000 35.8995198 14.5113439
S 1477399363593 12
S 1477399364592 12
L 1477399365000 35.8995261 14.5113556
S 1477399365596 14
L 1477399366000 35.8995104 14.5113728
S 1477399366595 14
L 1477399367000 35.8995196 14.5113797
S 1477399367593 14
L 1477399369000 35.8995347 14.5114078
S 1477399368605 14
L 1477399370000 35.8995396 14.5114257
S 1477399369602 14
S 1477399370591 14
L 1477399372000 35.8995379 14.5114414
S 1477399371592 14
L 1477399373000 35.8995565 14.5114666
S 1477399372596 12
S 1477399373593 12
L 1477399374000 35.8995768 14.5114856
L 1477399375000 35.8995929 14.5115001
S 1477399374598 12
S 1477399375594 12
L 1477399376000 35.8995753 14.5115158
S 1477399376592 12
S 1477399377588 14
L 1477399378000 35.8996226 14.5115249
S 1477399378615 14
L 1477399380000 35.8996232 14.5115407
S 1477399379603 14
S 1477399380601 14
L 1477399381000 35.8996676 14.5115555
S 1477399381597 14
L 1477399383000 35.8997104 14.5115602
S 1477399382608 14
S 1477399383598 14
L 1477399384000 35.8997255 14.5115718
S 1477399384602 14
L 1477399385000 35.8997574 14.5115877
S 1477399385600 14
S 1477399386601 14
L 1477399387000 35.8997536 14.5116371
S 1477399387591 14
L 1477399388000 35.8997196 14.5116571
S 1477399388595 14
L 1477399390000 35.8997588 14.5116738
S 1477399389596 14
S 1477399390597 14
L 1477399391000 35.8997584 14.5117127
S 1477399391611 14
S 1477399392595 14
L 1477399393000 35.8997719 14.5117406
L 1477399394000 35.8997783 14.5117563
S 1477399393607 14
S 1477399394602 14
L 1477399395000 35.8997794 14.5117687
S 1477399395604 14
S 1477399396595 14
L 1477399397000 35.899786 14.5117911
S 1477399397596 14
S 1477399398598 14
L 1477399399000 35.8997578 14.5118178
L 1477399400000 35.899755 14.5118371
S 1477399399603 14
S 1477399400604 14
L 1477399401000 35.8997733 14.5118549
S 1477399401598 14
S 1477399402596 14
L 1477399403000 35.8997976 14.5118715
S 1477399403594 14
L 1477399404000 35.8998054 14.5118822
S 1477399404594 14
L 1477399405000 35.8998156 14.5118861
L 1477399406000 35.8998185 14.511905
S 1477399405605 14
S 1477399406596 14
L 1477399408000 35.8998407 14.5119205
S 1477399407606 14
S 1477399408600 14
S 1477399409598 15
L 1477399410000 35.899849 14.5119545
S 1477399410598 13
L 1477399412000 35.8998646 14.5119845
S 1477399411603 13
S 1477399412601 13
S 1477399413601 13
L 1477399414000 35.8999032 14.5119966
S 1477399414598 13
S 1477399415601 13
L 1477399416000 35.8999275 14.5120212
S 1477399416605 13
L 1477399417000 35.8999362 14.5120333
S 1477399417603 13
L 1477399419000 35.8999421 14.5120741
S 1477399418614 13
S 1477399419594 13
S 1477399420591 13
L 1477399421000 35.8999545 14.5120906
P 1477399421998