P 1477399193108
L 1477399195000 35.8978947 14.5091038
S 1477399195672 13
L 1477399196000 35.8978999 14.5091426
S 1477399196670 14
S 1477399197671 13
L 1477399198000 35.897924 14.5092359
S 1477399198670 12
L 1477399199000 35.897924 14.5092573
S 1477399199670 12
L 1477399200000 35.8979269 14.5092663
S 1477399200668 12
S 1477399201671 11
L 1477399202000 35.8979555 14.5092859
S 1477399202670 12
L 1477399203000 35.8980088 14.5092733
S 1477399203672 12
L 1477399204000 35.8980215 14.5092802
S 1477399204669 12
L 1477399205000 35.8980452 14.509317
S 1477399205674 12
S 1477399206670 12
L 1477399207000 35.8980552 14.5093264
S 1477399207672 12
L 1477399208000 35.8980609 14.509331
S 1477399208670 12
L 1477399209000 35.8980663 14.5093414
S 1477399209672 12
L 1477399210000 35.8980745 14.5093494
S 1477399210672 12
L 1477399211000 35.8980841 14.5093593
S 1477399211672 12
L 1477399212000 35.8980993 14.5093667
S 1477399212671 12
L 1477399213000 35.89812 14.5093871
S 1477399213673 11
L 1477399214000 35.8981222 14.5093977
S 1477399214671 11
S 1477399215671 11
L 1477399216000 35.898131 14.5094214
S 1477399216672 12
S 1477399217674 12
L 1477399218000 35.8981491 14.5094417
S 1477399218675 12
L 1477399219000 35.898159 14.5094598
S 1477399219674 11
L 1477399220000 35.8981794 14.5094837
S 1477399220671 11
L 1477399221000 35.8981897 14.5094899
S 1477399221675 11
L 1477399222000 35.8981963 14.5095024
S 1477399222672 11
L 1477399223000 35.8982033 14.509513
S 1477399223677 11
L 1477399224000 35.8982077 14.509523
S 1477399224670 11
S 1477399225672 11
L 1477399226000 35.8982304 14.509562
S 1477399226674 11
L 1477399227000 35.8982452 14.5095788
S 1477399227672 11
S 1477399228673 11
L 1477399229000 35.8982583 14.5096257
S 1477399229673 11
L 1477399230000 35.8982752 14.5096365
S 1477399230672 11
S 1477399231676 11
L 1477399232000 35.8982952 14.5096637
S 1477399232672 11
S 1477399233671 11
L 1477399234000 35.898335 14.5097039
S 1477399234672 11
L 1477399235000 35.8983444 14.5097139
S 1477399235673 11
L 1477399236000 35.8983492 14.5097215
S 1477399236673 11
S 1477399237674 11
L 1477399238000 35.8983446 14.5097602
S 1477399238672 11
L 1477399239000 35.8983664 14.509762
S 1477399239675 12
L 1477399240000 35.8983922 14.509749
S 1477399240672 12
L 1477399241000 35.8984015 14.5097531
S 1477399241674 12
L 1477399242000 35.8984119 14.5097577
S 1477399242671 11
L 1477399243000 35.8984221 14.509763
S 1477399243677 11
L 1477399244000 35.898431 14.5097723
S 1477399244674 12
S 1477399245675 13
L 1477399246000 35.8984443 14.5097917
S 1477399246673 14
S 1477399247674 14
L 1477399248000 35.8984627 14.5098253
S 1477399248672 15
L 1477399249000 35.8984717 14.5098358
S 1477399249676 14
S 1477399250673 14
L 1477399251000 35.8984812 14.5098553
S 1477399251675 12
L 1477399252000 35.8984837 14.5098634
S 1477399252672 11
L 1477399253000 35.898489 14.5098687
S 1477399253676 12
L 1477399254000 35.8984909 14.509873
S 1477399254669 11
L 1477399255000 35.8984952 14.509883
S 1477399255672 11
S 1477399256670 11
L 1477399257000 35.8985125 14.5098991
S 1477399257673 11
L 1477399258000 35.8985189 14.5099047
S 1477399258669 11
L 1477399259000 35.8985189 14.5099047
S 1477399259674 11
L 1477399260000 35.8985189 14.5099047
S 1477399260669 11
S 1477399261675 11
L 1477399262000 35.8985358 14.5099243
S 1477399262667 11
S 1477399263676 11
L 1477399264000 35.8985481 14.5099354
S 1477399264673 11
S 1477399265678 12
L 1477399266000 35.8985611 14.5099421
S 1477399266675 12
S 1477399267677 12
L 1477399268000 35.8985653 14.5099777
S 1477399268676 11
S 1477399269676 10
L 1477399270000 35.8985622 14.5100246
S 1477399270675 10
L 1477399271000 35.8985671 14.5100313
S 1477399271678 11
L 1477399272000 35.8985778 14.5100523
S 1477399272680 13
S 1477399273676 13
L 1477399274000 35.8986033 14.5100986
S 1477399274677 12
L 1477399275000 35.8986106 14.5101156
S 1477399275675 12
S 1477399276673 13
L 1477399277000 35.898624 14.5101481
S 1477399277676 13
L 1477399278000 35.8986412 14.5101682
S 1477399278673 12
S 1477399279674 12
L 1477399280000 35.898695 14.510208
S 1477399280672 11
S 1477399281674 10
L 1477399282000 35.8987238 14.5102365
S 1477399282673 11
L 1477399283000 35.8987309 14.5102457
S 1477399283675 11
L 1477399284000 35.8987381 14.5102732
S 1477399284676 11
S 1477399285674 11
L 1477399286000 35.8987404 14.5103159
S 1477399286672 11
L 1477399287000 35.8987461 14.5103366
S 1477399287676 11
L 1477399288000 35.898753 14.5103542
S 1477399288674 11
S 1477399289678 11
L 1477399290000 35.8987796 14.5103706
S 1477399290685 11
L 1477399291000 35.8987965 14.5103751
S 1477399291677 11
S 1477399292676 11
L 1477399293000 35.8988035 14.5103832
S 1477399293677 11
L 1477399294000 35.8988152 14.5103953
S 1477399294675 11
S 1477399295675 10
L 1477399296000 35.8988601 14.5104424
S 1477399296674 10
S 1477399297672 10
L 1477399298000 35.8988944 14.510489
S 1477399298674 10
L 1477399299000 35.8989085 14.5105059
S 1477399299673 10
S 1477399300674 10
L 1477399301000 35.8989364 14.5105318
S 1477399301674 10
L 1477399302000 35.8989439 14.510543
S 1477399302675 10
L 1477399303000 35.8989374 14.5105503
S 1477399303676 11
L 1477399304000 35.8989372 14.5105623
S 1477399304673 11
S 1477399305676 11
L 1477399306000 35.8989386 14.5105849
S 1477399306674 10
S 1477399307676 9
L 1477399308000 35.8989543 14.5106061
S 1477399308674 10
S 1477399309677 9
L 1477399310000 35.8989529 14.5106323
S 1477399310673 10
S 1477399311677 10
L 1477399312000 35.8989487 14.5106451
S 1477399312672 9
S 1477399313679 9
L 1477399314000 35.8989784 14.5106691
S 1477399314674 11
S 1477399315677 11
L 1477399316000 35.8989887 14.5106976
S 1477399316671 12
S 1477399317676 13
L 1477399318000 35.899002 14.5107297
S 1477399318673 11
S 1477399319675 11
L 1477399320000 35.8990188 14.5107561
S 1477399320673 12
S 1477399321675 11
L 1477399322000 35.8990482 14.5107738
S 1477399322672 10
S 1477399323675 10
L 1477399324000 35.8990573 14.5107845
S 1477399324674 9
L 1477399325000 35.899071 14.510793
S 1477399325681 10
L 1477399326000 35.8990882 14.5108019
S 1477399326673 10
S 1477399327678 10
L 1477399328000 35.8991016 14.5108104
S 1477399328673 9
S 1477399329679 10
L 1477399330000 35.8991217 14.5108573
S 1477399330672 9
S 1477399331676 9
L 1477399332000 35.8991429 14.5109085
S 1477399332673 9
S 1477399333673 8
L 1477399334000 35.899167 14.5109452
S 1477399334676 9
L 1477399335000 35.8991966 14.5109767
S 1477399335676 10
L 1477399336000 35.8992075 14.5109914
S 1477399336676 9
L 1477399337000 35.8992134 14.5110073
S 1477399337677 8
L 1477399338000 35.8992239 14.51102
S 1477399338678 7
L 1477399339000 35.8992319 14.5110354
S 1477399339676 9
S 1477399340678 9
L 1477399341000 35.8992441 14.5110628
S 1477399341677 11
S 1477399342679 11
L 1477399343000 35.8992565 14.5110891
S 1477399343680 10
L 1477399344000 35.899262 14.5111047
S 1477399344675 11
S 1477399345677 10
L 1477399346000 35.8992798 14.5111297
S 1477399346676 10
L 1477399347000 35.8992855 14.5111409
S 1477399347678 11
L 1477399348000 35.8992985 14.5111476
S 1477399348679 11
L 1477399349000 35.8993171 14.511149
S 1477399349679 11
L 1477399350000 35.8993296 14.5111521
S 1477399350677 11
S 1477399351677 11
L 1477399352000 35.8993508 14.5111964
S 1477399352676 11
S 1477399353678 11
L 1477399354000 35.8993677 14.5112345
S 1477399354677 11
L 1477399355000 35.8993804 14.5112495
S 1477399355679 11
L 1477399356000 35.8993913 14.5112665
S 1477399356678 11
S 1477399357677 12
L 1477399358000 35.8994177 14.5112905
S 1477399358677 12
L 1477399359000 35.8994298 14.5112994
S 1477399359677 10
L 1477399360000 35.8994412 14.5113095
S 1477399360675 9
S 1477399361677 10
L 1477399362000 35.8994642 14.5113528
S 1477399362681 11
L 1477399363000 35.8994701 14.5113575
S 1477399363679 11
L 1477399364000 35.8994854 14.5113825
S 1477399364680 10
S 1477399365680 11
L 1477399366000 35.8994982 14.5114076
S 1477399366679 11
L 1477399367000 35.8995037 14.5114181
S 1477399367679 13
L 1477399368000 35.8995108 14.5114275
S 1477399368677 14
S 1477399369676 13
L 1477399370000 35.8995241 14.5114433
S 1477399370677 14
L 1477399371000 35.8995299 14.5114599
S 1477399371676 12
S 1477399372673 12
L 1477399373000 35.8995396 14.5114928
S 1477399373676 10
L 1477399374000 35.8995503 14.5115136
S 1477399374675 11
S 1477399375677 10
L 1477399376000 35.8995746 14.5115591
S 1477399376675 10
S 1477399377677 11
L 1477399378000 35.8996008 14.5115925
S 1477399378675 10
S 1477399379677 11
L 1477399380000 35.899652 14.5116216
S 1477399380675 10
S 1477399381677 10
L 1477399382000 35.8996753 14.5116429
S 1477399382675 11
S 1477399383680 11
L 1477399384000 35.8996834 14.5116732
S 1477399384676 10
S 1477399385682 10
L 1477399386000 35.8996922 14.5116948
S 1477399386676 12
S 1477399387678 11
L 1477399388000 35.8997038 14.5117218
S 1477399388679 12
L 1477399389000 35.8997145 14.5117309
S 1477399389679 12
L 1477399390000 35.8997207 14.511742
S 1477399390677 11
S 1477399391679 12
L 1477399392000 35.8997315 14.5117798
S 1477399392677 12
S 1477399393680 12
L 1477399394000 35.8997411 14.5118199
S 1477399394677 11
S 1477399395678 12
L 1477399396000 35.8997511 14.5118388
S 1477399396676 13
S 1477399397682 13
L 1477399398000 35.8997577 14.5118754
S 1477399398675 12
S 1477399399678 11
L 1477399400000 35.8997691 14.5119014
S 1477399400676 11
S 1477399401679 11
L 1477399402000 35.8997692 14.5119014
S 1477399402677 11
S 1477399403678 11
L 1477399404000 35.8997675 14.511887
S 1477399404677 11
S 1477399405677 11
L 1477399406000 35.8997738 14.5118721
S 1477399406677 11
L 1477399407000 35.8997896 14.5118884
S 1477399407678 11
L 1477399408000 35.8998039 14.5119076
S 1477399408674 9
S 1477399409677 11
L 1477399410000 35.8998457 14.511989
S 1477399410676 10
S 1477399411678 11
L 1477399412000 35.8998652 14.512019
S 1477399412677 10
S 1477399413677 10
L 1477399414000 35.8998859 14.5120415
S 1477399414678 10
L 1477399415000 35.8998995 14.5120517
S 1477399415677 10
S 1477399416676 10
L 1477399417000 35.8999143 14.5120698
S 1477399417677 10
L 1477399418000 35.8999183 14.5120758
S 1477399418680 11
L 1477399419000 35.8999305 14.5120954
S 1477399419681 11
L 1477399420000 35.8999385 14.5121063
S 1477399420678 11
L 1477399421000 35.8999438 14.51212
P 1477399421998