P 1477399193108
L 1477399194000 35.8978457 14.5091184
S 1477399196493 15
L 1477399195000 35.8978722 14.5091125
S 1477399197500 11
L 1477399196000 35.8978942 14.5091334
S 1477399198485 11
S 1477399199485 10
L 1477399198000 35.8979149 14.5091605
S 1477399200484 10
S 1477399201486 10
L 1477399200000 35.8979406 14.509189
S 1477399202488 10
L 1477399201000 35.8979518 14.5092019
S 1477399203486 12
S 1477399204487 13
L 1477399203000 35.8979709 14.5092226
S 1477399205485 14
S 1477399206484 12
L 1477399205000 35.8979823 14.509242
S 1477399207485 14
L 1477399206000 35.8979823 14.509242
S 1477399208485 13
L 1477399207000 35.8979913 14.5092645
S 1477399209484 13
S 1477399210483 14
L 1477399209000 35.8980228 14.5092863
L 1477399210000 35.8980399 14.5092895
S 1477399211487 14
S 1477399212483 13
S 1477399213484 14
L 1477399212000 35.8980647 14.5093028
S 1477399214484 12
L 1477399213000 35.8980741 14.5093106
S 1477399215482 12
S 1477399216482 14
L 1477399215000 35.898101 14.5093315
S 1477399217482 14
L 1477399216000 35.898112 14.5093499
S 1477399218481 13
S 1477399219482 14
L 1477399218000 35.898147 14.5093668
S 1477399220483 14
L 1477399219000 35.8981571 14.5093783
S 1477399221488 14
S 1477399222479 13
L 1477399221000 35.8981733 14.5093919
S 1477399223482 14
L 1477399222000 35.8981784 14.5094026
S 1477399224495 13
S 1477399225468 13
L 1477399224000 35.8982024 14.5094154
S 1477399226480 11
L 1477399225000 35.8982141 14.5094196
S 1477399227478 12
L 1477399227000 35.898236 14.5094409
S 1477399228487 14
S 1477399229478 13
L 1477399228000 35.8982426 14.5094578
S 1477399230477 14
S 1477399231477 12
L 1477399230000 35.8982563 14.5094912
S 1477399232476 12
S 1477399233476 14
L 1477399232000 35.8982747 14.5095198
S 1477399234474 13
S 1477399235474 12
L 1477399234000 35.8983058 14.5095296
S 1477399236474 12
L 1477399236000 35.8983224 14.5095382
S 1477399237477 13
S 1477399238474 13
L 1477399237000 35.8983328 14.5095419
S 1477399239475 12
L 1477399238000 35.8983488 14.5095501
S 1477399240476 14
S 1477399241474 12
L 1477399240000 35.8983706 14.5095739
S 1477399242472 13
L 1477399241000 35.8983849 14.5095839
S 1477399243472 13
S 1477399244472 12
L 1477399243000 35.898407 14.5096082
S 1477399245473 12
L 1477399244000 35.8984089 14.5096274
S 1477399246473 12
L 1477399245000 35.8984133 14.5096417
S 1477399247469 14
S 1477399248472 14
L 1477399247000 35.8984143 14.5096652
S 1477399249472 14
L 1477399248000 35.8984184 14.5096658
L 1477399249000 35.8984214 14.5096691
S 1477399250477 14
S 1477399251474 15
L 1477399250000 35.8984214 14.5096691
S 1477399252469 13
S 1477399253473 14
L 1477399252000 35.8984424 14.5097108
S 1477399254471 13
S 1477399255470 12
L 1477399254000 35.8984559 14.5097399
S 1477399256470 12
S 1477399257472 12
L 1477399256000 35.8984699 14.5097691
S 1477399258468 13
S 1477399259470 10
L 1477399258000 35.898491 14.5097877
S 1477399260468 11
S 1477399261467 13
L 1477399260000 35.8985129 14.5098056
S 1477399262466 11
S 1477399263468 12
L 1477399262000 35.8985382 14.5098179
S 1477399264465 13
S 1477399265466 13
L 1477399264000 35.8985381 14.5098412
S 1477399266465 14
L 1477399265000 35.898545 14.5098532
S 1477399267465 14
S 1477399268463 14
L 1477399267000 35.8985624 14.5098747
S 1477399269466 13
L 1477399268000 35.8985747 14.5098957
S 1477399270463 14
S 1477399271463 12
L 1477399270000 35.8985942 14.5099136
S 1477399272463 12
S 1477399273463 14
L 1477399272000 35.8986165 14.5099287
S 1477399274462 14
L 1477399273000 35.8986296 14.5099326
L 1477399274000 35.8986336 14.5099428
S 1477399275470 15
S 1477399276462 14
S 1477399277462 15
L 1477399276000 35.8986521 14.509968
S 1477399278461 14
S 1477399279461 14
L 1477399278000 35.8986674 14.510023
S 1477399280462 13
L 1477399279000 35.8986785 14.5100462
S 1477399281463 14
L 1477399280000 35.8986856 14.5100626
S 1477399282460 14
S 1477399283465 13
L 1477399282000 35.8987004 14.5100943
S 1477399284465 13
L 1477399284000 35.8987113 14.5101295
S 1477399285466 15
S 1477399286459 13
L 1477399286000 35.8987251 14.5101623
S 1477399287468 15
S 1477399288456 14
S 1477399289456 12
L 1477399288000 35.8987401 14.5101971
S 1477399290454 13
S 1477399291455 12
L 1477399290000 35.8987585 14.5102241
S 1477399292454 10
S 1477399293457 12
L 1477399292000 35.8987748 14.5102352
S 1477399294454 13
S 1477399295455 12
L 1477399294000 35.8987933 14.5102476
S 1477399296454 12
S 1477399297454 13
L 1477399296000 35.8988129 14.5102774
S 1477399298453 13
L 1477399297000 35.8988284 14.5102952
S 1477399299454 11
L 1477399298000 35.8988429 14.5103129
S 1477399300452 11
S 1477399301453 14
L 1477399300000 35.8988608 14.5103371
S 1477399302452 12
S 1477399303452 10
L 1477399302000 35.8988777 14.5103671
S 1477399304451 13
L 1477399303000 35.8988849 14.510379
S 1477399305452 12
L 1477399304000 35.8988954 14.5103983
S 1477399306449 9
S 1477399307450 12
L 1477399306000 35.898918 14.5104146
S 1477399308448 11
S 1477399309451 12
L 1477399308000 35.8989546 14.510435
S 1477399310447 11
S 1477399311449 10
L 1477399310000 35.8989734 14.5104772
S 1477399312445 10
S 1477399313447 10
L 1477399312000 35.8989893 14.5105033
S 1477399314446 11
S 1477399315446 12
L 1477399314000 35.8990024 14.5105297
S 1477399316445 10
S 1477399317447 11
L 1477399316000 35.8989997 14.5105587
S 1477399318444 12
S 1477399319445 13
L 1477399318000 35.8990114 14.5105867
S 1477399320444 13
L 1477399319000 35.8990141 14.5106002
L 1477399320000 35.8990237 14.5106172
S 1477399321448 11
S 1477399322444 10
S 1477399323445 11
L 1477399322000 35.8990416 14.510657
S 1477399324443 11
S 1477399325444 10
L 1477399324000 35.8990651 14.5106866
S 1477399326443 12
S 1477399327444 10
L 1477399326000 35.8990908 14.5106947
S 1477399328442 10
S 1477399329445 11
L 1477399328000 35.8991142 14.5107125
S 1477399330443 9
S 1477399331444 12
L 1477399330000 35.899137 14.5107421
S 1477399332442 9
S 1477399333443 10
L 1477399332000 35.8991584 14.5107768
S 1477399334442 11
S 1477399335444 12
L 1477399334000 35.8991784 14.5108089
S 1477399336442 11
S 1477399337443 11
L 1477399336000 35.8991968 14.5108479
S 1477399338440 12
S 1477399339441 11
L 1477399338000 35.8992133 14.5108891
S 1477399340440 13
S 1477399341442 12
L 1477399340000 35.8992305 14.5109142
S 1477399342440 11
S 1477399343438 11
L 1477399342000 35.8992541 14.5109426
S 1477399344438 11
S 1477399345438 13
L 1477399344000 35.8992736 14.5109721
S 1477399346436 12
S 1477399347439 12
L 1477399346000 35.8992984 14.5109908
S 1477399348435 10
S 1477399349434 10
L 1477399348000 35.8993249 14.5110119
S 1477399350434 11
L 1477399349000 35.8993356 14.5110257
S 1477399351434 12
L 1477399350000 35.899347 14.5110476
S 1477399352433 11
L 1477399351000 35.8993547 14.511065
S 1477399353435 12
L 1477399352000 35.8993589 14.5110787
S 1477399354433 11
S 1477399355434 11
L 1477399354000 35.8993782 14.5110877
S 1477399356434 13
L 1477399355000 35.8993854 14.5111014
S 1477399357433 11
S 1477399358432 12
L 1477399357000 35.8994017 14.5111271
S 1477399359433 11
L 1477399358000 35.8994097 14.5111442
S 1477399360432 12
S 1477399361432 11
L 1477399360000 35.8994272 14.5111855
S 1477399362428 12
S 1477399363431 12
L 1477399362000 35.8994499 14.5112
S 1477399364431 11
S 1477399365433 10
L 1477399364000 35.8994681 14.5112277
S 1477399366432 12
L 1477399365000 35.8994755 14.5112559
S 1477399367432 12
S 1477399368431 13
L 1477399367000 35.8994877 14.5113089
S 1477399369432 15
L 1477399368000 35.8994927 14.5113302
S 1477399370432 15
L 1477399370000 35.8994912 14.5113576
S 1477399371439 14
S 1477399372431 15
S 1477399373432 13
L 1477399372000 35.8995019 14.5113835
S 1477399374427 14
S 1477399375430 15
L 1477399374000 35.8995231 14.5114151
S 1477399376429 14
S 1477399377432 12
L 1477399376000 35.8995395 14.5114433
S 1477399378426 14
S 1477399379427 15
L 1477399378000 35.8995567 14.5114732
S 1477399380425 14
S 1477399381426 13
L 1477399380000 35.8995733 14.5115001
S 1477399382424 14
S 1477399383429 11
L 1477399382000 35.8995852 14.5115332
S 1477399384419 12
S 1477399385424 13
L 1477399384000 35.8996026 14.5115657
S 1477399386424 11
L 1477399385000 35.89961 14.5115831
S 1477399387424 13
L 1477399386000 35.8996174 14.5116051
S 1477399388423 13
L 1477399387000 35.8996292 14.5116224
S 1477399389425 13
L 1477399388000 35.8996392 14.5116402
S 1477399390423 13
S 1477399391422 13
L 1477399390000 35.8996598 14.5116657
S 1477399392422 12
S 1477399393423 12
L 1477399392000 35.8996785 14.511686
S 1477399394425 13
L 1477399394000 35.8997011 14.5116957
S 1477399395428 13
S 1477399396419 14
S 1477399397421 14
L 1477399396000 35.8997181 14.5117178
S 1477399398419 14
L 1477399397000 35.8997282 14.511731
S 1477399399417 14
L 1477399399000 35.8997425 14.5117592
S 1477399400424 13
S 1477399401418 13
L 1477399400000 35.8997476 14.5117711
S 1477399402418 14
L 1477399402000 35.8997645 14.5117936
S 1477399403425 12
S 1477399404422 13
S 1477399405418 14
L 1477399404000 35.8997788 14.511821
S 1477399406419 12
L 1477399406000 35.8998002 14.5118408
S 1477399407420 12
S 1477399408418 13
S 1477399409414 12
L 1477399408000 35.8998224 14.5118484
S 1477399410414 12
S 1477399411415 12
L 1477399410000 35.899843 14.5118595
S 1477399412415 12
L 1477399411000 35.8998548 14.5118707
S 1477399413415 12
L 1477399412000 35.8998647 14.5118846
S 1477399414408 12
L 1477399414000 35.8998906 14.5119067
S 1477399415417 11
S 1477399416409 11
S 1477399417413 12
L 1477399416000 35.8999152 14.5119224
S 1477399418413 12
L 1477399418000 35.8999323 14.5119362
S 1477399419418 11
S 1477399420416 12
S 1477399421412 13
L 1477399420000 35.8999481 14.5119646
P 1477399421998