P 1477399717000
L 1477399717000 35.8981162 14.5091474
S 1477399717071 12
S 1477399718043 13
L 1477399718000 35.8981329 14.5091613
L 1477399719000 35.8981375 14.509165
S 1477399719053 15
S 1477399720057 15
L 1477399721000 35.8981037 14.5091846
S 1477399721048 15
L 1477399722000 35.8981108 14.5092023
S 1477399722052 15
S 1477399723052 15
L 1477399724000 35.8981259 14.5092338
S 1477399724054 14
L 1477399725000 35.8981269 14.5092387
S 1477399725055 14
S 1477399726044 11
L 1477399726000 35.8981267 14.5092598
S 1477399727048 11
S 1477399728041 11
L 1477399728000 35.8980931 14.5093226
S 1477399729043 11
L 1477399729000 35.8980998 14.5093465
S 1477399730050 12
S 1477399731044 12
L 1477399731000 35.8980943 14.509363
S 1477399732043 12
L 1477399732000 35.8980999 14.5093742
L 1477399733000 35.8981132 14.5093883
S 1477399733057 11
S 1477399734043 12
L 1477399735000 35.8981315 14.5094113
S 1477399735051 12
S 1477399736044 12
L 1477399736000 35.8981351 14.5094291
S 1477399737044 12
L 1477399737000 35.8981237 14.5094542
S 1477399738051 11
L 1477399739000 35.8981306 14.5094641
S 1477399739049 11
L 1477399740000 35.8981372 14.5094711
S 1477399740072 11
S 1477399741048 11
L 1477399742000 35.8981967 14.509507
S 1477399742048 11
L 1477399743000 35.8982028 14.5095231
S 1477399743050 12
S 1477399744050 11
L 1477399745000 35.8982198 14.5095532
S 1477399745051 11
L 1477399746000 35.898229 14.5095708
S 1477399746050 11
S 1477399747043 12
L 1477399747000 35.8982488 14.5095669
L 1477399748000 35.8982637 14.509569
S 1477399748048 13
S 1477399749044 13
L 1477399749000 35.8982857 14.5095711
S 1477399750045 13
L 1477399750000 35.8982893 14.509592
S 1477399751042 13
S 1477399752043 12
L 1477399752000 35.89829 14.5096186
S 1477399753044 11
L 1477399753000 35.8982853 14.509641
S 1477399754047 11
L 1477399755000 35.898318 14.509655
S 1477399755059 12
S 1477399756043 12
L 1477399756000 35.8983422 14.5096563
S 1477399757044 12
L 1477399757000 35.8983569 14.5096727
S 1477399758049 12
S 1477399759043 12
L 1477399759000 35.8983836 14.5096884
S 1477399760052 12
L 1477399761000 35.8983986 14.5097021
S 1477399761052 12
S 1477399762051 12
L 1477399763000 35.8984361 14.5097187
S 1477399763050 12
S 1477399764054 11
L 1477399765000 35.8984606 14.5097485
S 1477399765055 11
S 1477399766044 11
L 1477399766000 35.89845 14.5097563
S 1477399767050 11
S 1477399768044 10
L 1477399768000 35.8985005 14.5097834
S 1477399769054 10
L 1477399770000 35.898506 14.5098283
S 1477399770053 13
S 1477399771045 13
L 1477399771000 35.8985334 14.5098098
S 1477399772048 13
L 1477399773000 35.8985282 14.5098324
S 1477399773052 13
S 1477399774057 13
S 1477399775042 13
L 1477399775000 35.8985462 14.5098665
S 1477399776043 13
L 1477399776000 35.8985528 14.5098824
S 1477399777046 13
L 1477399777000 35.8985766 14.5098957
S 1477399778045 12
L 1477399778000 35.8985925 14.5099071
S 1477399779054 12
S 1477399780043 12
L 1477399780000 35.8986285 14.5099124
L 1477399781000 35.8986452 14.5099196
S 1477399781049 10
S 1477399782051 10
L 1477399783000 35.8986478 14.5099298
S 1477399783052 12
S 1477399784050 12
L 1477399785000 35.8986589 14.5099552
S 1477399785054 12
S 1477399786047 12
L 1477399786000 35.898669 14.5099709
S 1477399787043 12
L 1477399787000 35.8986792 14.5099861
S 1477399788043 12
L 1477399788000 35.8987065 14.5099936
S 1477399789043 12
L 1477399789000 35.8986907 14.510031
S 1477399790043 12
L 1477399791000 35.8987032 14.5100511
S 1477399791053 12
L 1477399792000 35.8987224 14.5100719
S 1477399792052 12
S 1477399793049 13
L 1477399794000 35.8987237 14.5100906
S 1477399794054 13
L 1477399795000 35.8987429 14.5101083
S 1477399795048 13
S 1477399796043 13
L 1477399796000 35.8987542 14.5101287
S 1477399797053 13
L 1477399798000 35.8987697 14.5101594
S 1477399798051 12
S 1477399799050 11
S 1477399800044 11
L 1477399800000 35.8988059 14.5101915
S 1477399801041 11
S 1477399802042 12
L 1477399802000 35.8988229 14.5102267
S 1477399803045 12
L 1477399803000 35.8988334 14.5102406
S 1477399804043 11
L 1477399804000 35.898858 14.5102551
S 1477399805043 11
S 1477399806044 11
L 1477399806000 35.8988936 14.5102742
S 1477399807055 10
S 1477399808043 10
L 1477399808000 35.8989141 14.5103044
L 1477399809000 35.8989142 14.5103166
S 1477399809049 9
S 1477399810043 9
L 1477399810000 35.8989657 14.5103262
S 1477399811044 9
L 1477399811000 35.8989722 14.510332
S 1477399812049 9
L 1477399813000 35.8989609 14.5103573
S 1477399813052 8
L 1477399814000 35.8989693 14.5103877
S 1477399814047 8
L 1477399815000 35.898974 14.5104046
S 1477399815049 9
S 1477399816051 10
L 1477399817000 35.8989618 14.5104459
S 1477399817058 10
L 1477399818000 35.8989827 14.5104644
S 1477399818050 9
L 1477399819000 35.8989712 14.5104725
S 1477399819054 9
S 1477399820042 9
L 1477399820000 35.8989862 14.5105015
S 1477399821051 9
S 1477399822041 9
L 1477399822000 35.8989597 14.5105374
S 1477399823050 8
L 1477399824000 35.8990044 14.5105608
S 1477399824051 8
S 1477399825041 8
L 1477399825000 35.8990197 14.5105758
S 1477399826052 8
L 1477399827000 35.8990344 14.5106132
S 1477399827056 9
L 1477399828000 35.8990297 14.5106308
S 1477399828050 9
S 1477399829048 9
S 1477399830041 9
L 1477399830000 35.899029 14.5106584
L 1477399831000 35.899041 14.5106637
S 1477399831050 9
S 1477399832047 9
L 1477399833000 35.8990296 14.5106757
S 1477399833052 8
S 1477399834042 8
L 1477399834000 35.899034 14.5106954
L 1477399835000 35.8990487 14.5107071
S 1477399835049 8
S 1477399836049 9
S 1477399837044 12
L 1477399837000 35.8991184 14.5107158
L 1477399838000 35.8991133 14.5107393
S 1477399838066 12
S 1477399839050 12
S 1477399840045 12
L 1477399840000 35.8990792 14.5107513
S 1477399841048 13
L 1477399842000 35.8990553 14.5107892
S 1477399842052 13
S 1477399843044 12
L 1477399843000 35.8990718 14.5108109
S 1477399844044 12
L 1477399844000 35.8990638 14.5108271
S 1477399845043 12
L 1477399846000 35.8990729 14.5108623
S 1477399846049 12
S 1477399847045 11
L 1477399847000 35.8991027 14.510893
S 1477399848044 11
S 1477399849044 11
L 1477399849000 35.8991701 14.5109228
S 1477399850043 11
L 1477399850000 35.8991949 14.5109435
S 1477399851043 11
S 1477399852042 12
L 1477399852000 35.8992546 14.5109487
S 1477399853044 12
L 1477399853000 35.8992785 14.5109565
S 1477399854051 12
L 1477399855000 35.8992922 14.5109986
S 1477399855056 13
L 1477399856000 35.899305 14.5110029
S 1477399856048 13
S 1477399857044 13
L 1477399857000 35.8993198 14.5109999
S 1477399858054 13
L 1477399859000 35.8993592 14.5110004
S 1477399859052 13
S 1477399860052 14
S 1477399861041 14
L 1477399861000 35.8993978 14.5110178
L 1477399862000 35.8994167 14.5110247
S 1477399862047 14
L 1477399863000 35.8994128 14.5110532
S 1477399863054 12
L 1477399864000 35.89943 14.5110647
S 1477399864053 10
S 1477399865053 12
S 1477399866042 11
L 1477399866000 35.8994349 14.511108
L 1477399867000 35.8994198 14.5111227
S 1477399867054 11
L 1477399868000 35.8994418 14.5111175
S 1477399868054 11
L 1477399869000 35.8994444 14.5111551
S 1477399869047 11
S 1477399870042 11
L 1477399870000 35.8994431 14.5111709
S 1477399871041 9
L 1477399872000 35.899464 14.5111928
S 1477399872050 7
L 1477399873000 35.8994935 14.5111981
S 1477399873050 8
S 1477399874045 10
L 1477399874000 35.8995131 14.5112143
S 1477399875053 10
S 1477399876042 10
L 1477399876000 35.8995157 14.511225
L 1477399877000 35.8995253 14.5112486
S 1477399877047 10
S 1477399878042 10
L 1477399878000 35.8995436 14.5112524
S 1477399879043 10
L 1477399879000 35.8995273 14.5112724
S 1477399880051 10
L 1477399881000 35.8995203 14.5113135
S 1477399881050 10
S 1477399882043 11
L 1477399882000 35.8995242 14.5113279
S 1477399883043 11
L 1477399883000 35.8995263 14.5113453
S 1477399884052 11
S 1477399885047 10
L 1477399885000 35.8995351 14.5113816
L 1477399886000 35.8995421 14.5113925
S 1477399886055 11
L 1477399887000 35.8995435 14.5114113
S 1477399887053 10
S 1477399888043 10
L 1477399888000 35.899533 14.5114358
S 1477399889049 10
L 1477399889000 35.8995337 14.511453
L 1477399890000 35.8994979 14.5114722
S 1477399890054 11
L 1477399891000 35.899511 14.5114863
S 1477399891059 11
S 1477399892051 11
L 1477399893000 35.899525 14.5115218
S 1477399893056 11
S 1477399894042 11
L 1477399894000 35.8995203 14.5115343
S 1477399895040 11
L 1477399896000 35.8995239 14.5115741
S 1477399896049 11
L 1477399897000 35.8995341 14.5115897
S 1477399897051 12
L 1477399898000 35.8995563 14.5116021
S 1477399898053 12
L 1477399899000 35.8995603 14.5116144
S 1477399899053 11
S 1477399900044 11
L 1477399900000 35.8995617 14.5115991
S 1477399901047 11
S 1477399902044 11
L 1477399902000 35.8995941 14.5116175
L 1477399903000 35.8995869 14.5116296
S 1477399903054 12
S 1477399904043 12
L 1477399904000 35.8996129 14.5116483
S 1477399905044 12
L 1477399905000 35.8996244 14.5116551
S 1477399906054 12
S 1477399907042 12
L 1477399907000 35.8996388 14.5116966
S 1477399908053 12
S 1477399909043 11
L 1477399909000 35.8996502 14.5117221
S 1477399910042 11
L 1477399910000 35.8996596 14.5117348
S 1477399911051 10
S 1477399912042 10
L 1477399912000 35.8996962 14.5117644
S 1477399913043 11
L 1477399913000 35.8997114 14.5117808
S 1477399914063 11
L 1477399915000 35.8997242 14.5117951
S 1477399915056 11
S 1477399916044 11
L 1477399916000 35.8997238 14.5118121
S 1477399917043 12
L 1477399917000 35.8997122 14.5118226
S 1477399918043 12
S 1477399919043 12
L 1477399919000 35.8997254 14.5118505
S 1477399920045 11
L 1477399921000 35.8997255 14.5118912
S 1477399921047 11
S 1477399922049 11
L 1477399923000 35.8997506 14.511918
S 1477399923053 10
S 1477399924044 10
L 1477399924000 35.8997637 14.5119243
S 1477399925055 10
S 1477399926044 10
L 1477399926000 35.8997555 14.5119611
S 1477399927050 10
L 1477399928000 35.8997711 14.5119887
S 1477399928052 10
S 1477399929043 10
L 1477399929000 35.899795 14.5119948
L 1477399930000 35.8998044 14.5120014
S 1477399930052 10
S 1477399931044 10
L 1477399931000 35.8998089 14.5120108
S 1477399932054 10
L 1477399933000 35.8998544 14.5120325
S 1477399933053 10
S 1477399934043 10
L 1477399934000 35.8998887 14.5120191
S 1477399935048 10
L 1477399935000 35.8998949 14.512019
S 1477399936044 10
L 1477399936000 35.8999035 14.5120336
L 1477399937000 35.8999096 14.5120514
S 1477399937049 10
S 1477399938045 10
L 1477399938000 35.89992 14.5120624
S 1477399939044 10
L 1477399939000 35.8999235 14.5120915
S 1477399940043 10
L 1477399940000 35.8999346 14.5120996
S 1477399941049 10
S 1477399942043 10
L 1477399942000 35.8999459 14.5121334
P 1477399943624