P 1477399717000
L 1477399718000 35.8979965 14.5092367
S 1477399718594 16
L 1477399720000 35.8980323 14.5092412
S 1477399719592 17
L 1477399721000 35.8980315 14.5092568
S 1477399720598 17
L 1477399722000 35.8980657 14.5092824
S 1477399721603 17
S 1477399722601 17
S 1477399723589 17
L 1477399724000 35.8981027 14.509301
L 1477399725000 35.8981144 14.5093082
S 1477399724593 17
L 1477399726000 35.8981317 14.5093169
S 1477399725594 17
L 1477399727000 35.8981303 14.5093354
S 1477399726604 15
S 1477399727588 15
S 1477399728592 15
L 1477399729000 35.8981396 14.5093622
S 1477399729593 15
S 1477399730590 15
L 1477399731000 35.8981632 14.5093893
S 1477399731595 15
L 1477399732000 35.8981691 14.509402
S 1477399732596 15
L 1477399733000 35.8981696 14.5094153
S 1477399733603 14
S 1477399734592 14
L 1477399735000 35.8982119 14.5094294
S 1477399735597 15
L 1477399736000 35.8982096 14.5094471
S 1477399736606 15
L 1477399738000 35.8982203 14.5094856
S 1477399737600 15
S 1477399738591 15
L 1477399739000 35.898219 14.5095087
S 1477399739591 15
S 1477399740596 14
L 1477399741000 35.8982177 14.5095383
S 1477399741598 14
L 1477399742000 35.8982183 14.5095555
S 1477399742589 14
L 1477399743000 35.8982192 14.5095767
S 1477399743593 14
S 1477399744592 14
L 1477399745000 35.8982382 14.5096118
S 1477399745602 14
S 1477399746594 14
L 1477399747000 35.8982979 14.5096098
S 1477399747604 14
S 1477399748587 14
L 1477399749000 35.8983036 14.5096405
L 1477399750000 35.8983099 14.509633
S 1477399749601 14
S 1477399750593 12
L 1477399751000 35.8983031 14.5096406
S 1477399751592 12
L 1477399752000 35.8983237 14.5096624
S 1477399752589 12
L 1477399753000 35.8983544 14.5096768
S 1477399753596 12
L 1477399755000 35.8982959 14.509695
S 1477399754601 12
S 1477399755593 11
S 1477399756598 11
L 1477399757000 35.8983218 14.5097045
S 1477399757585 11
L 1477399758000 35.898322 14.5097159
S 1477399758584 10
L 1477399760000 35.8983081 14.5097287
S 1477399759603 10
S 1477399760588 10
L 1477399761000 35.898309 14.5097375
S 1477399761590 10
L 1477399763000 35.89832 14.509785
S 1477399762606 10
S 1477399763587 10
S 1477399764587 10
L 1477399765000 35.8983455 14.5098059
S 1477399765589 10
L 1477399766000 35.8983995 14.5098045
L 1477399767000 35.8984253 14.5098244
S 1477399766594 10
S 1477399767594 11
L 1477399768000 35.8984757 14.5098301
S 1477399768596 13
L 1477399770000 35.8985186 14.509847
S 1477399769600 15
S 1477399770593 15
L 1477399771000 35.8985916 14.509843
S 1477399771613 12
S 1477399772590 12
L 1477399773000 35.8986167 14.5098698
S 1477399773593 12
L 1477399775000 35.8986315 14.5099086
S 1477399774593 12
L 1477399776000 35.8986202 14.5099275
S 1477399775598 12
S 1477399776601 12
S 1477399777606 12
L 1477399778000 35.8986217 14.5099558
S 1477399778597 12
L 1477399780000 35.8986326 14.5099809
S 1477399779607 12
S 1477399780592 12
L 1477399781000 35.8986608 14.5099943
S 1477399781594 12
L 1477399783000 35.8986656 14.5100367
S 1477399782602 14
S 1477399783595 14
L 1477399784000 35.898695 14.5100459
S 1477399784594 14
L 1477399785000 35.8986405 14.5100745
S 1477399785590 14
L 1477399786000 35.8986447 14.5100967
S 1477399786595 14
L 1477399788000 35.898596 14.5101626
S 1477399787599 14
S 1477399788612 14
S 1477399789603 14
L 1477399790000 35.8986082 14.5102065
S 1477399790596 14
L 1477399792000 35.8986586 14.5102191
S 1477399791597 14
L 1477399793000 35.8987321 14.5101897
S 1477399792595 14
S 1477399793592 14
L 1477399795000 35.8987994 14.5101571
S 1477399794608 14
S 1477399795597 14
L 1477399797000 35.8988273 14.5101719
S 1477399796603 16
S 1477399797589 16
S 1477399798594 16
L 1477399799000 35.8988374 14.5102006
S 1477399799594 15
L 1477399800000 35.8988341 14.5102112
S 1477399800604 15
S 1477399801595 15
L 1477399802000 35.8988297 14.5102382
L 1477399803000 35.8988282 14.5102508
S 1477399802599 15
S 1477399803596 15
L 1477399805000 35.8988711 14.5102819
S 1477399804601 15
S 1477399805593 15
L 1477399807000 35.8988617 14.5102947
S 1477399806594 15
L 1477399808000 35.8988416 14.5103171
S 1477399807601 15
S 1477399808594 15
L 1477399809000 35.8988515 14.5103393
S 1477399809594 15
L 1477399810000 35.8988548 14.5103524
S 1477399810594 15
L 1477399812000 35.8988708 14.5103933
S 1477399811607 15
L 1477399813000 35.8988716 14.5104132
S 1477399812604 15
S 1477399813592 15
L 1477399814000 35.8988862 14.5104372
S 1477399814592 15
S 1477399815592 15
L 1477399816000 35.8988858 14.5104883
L 1477399817000 35.8989174 14.5104778
S 1477399816595 15
S 1477399817588 15
L 1477399819000 35.8989218 14.5105024
S 1477399818595 15
S 1477399819599 13
L 1477399820000 35.8989417 14.5105094
L 1477399821000 35.8989505 14.5105287
S 1477399820599 13
S 1477399821587 13
L 1477399823000 35.898967 14.5105727
S 1477399822590 13
S 1477399823591 13
L 1477399824000 35.8989478 14.5106017
S 1477399824592 12
L 1477399826000 35.8990258 14.5106077
S 1477399825592 12
S 1477399826595 12
L 1477399827000 35.8990556 14.5106061
S 1477399827590 10
L 1477399828000 35.8990648 14.510604
S 1477399828592 10
L 1477399830000 35.8990359 14.510659
S 1477399829592 10
S 1477399830593 10
L 1477399831000 35.8990484 14.5106778
L 1477399832000 35.8990419 14.5106841
S 1477399831602 10
S 1477399832590 10
L 1477399833000 35.8990469 14.5106821
S 1477399833600 12
L 1477399834000 35.8990516 14.5106851
S 1477399834600 12
L 1477399836000 35.899102 14.5106827
S 1477399835604 12
S 1477399836591 13
L 1477399838000 35.8991479 14.5107053
S 1477399837596 13
L 1477399839000 35.8991518 14.5107232
S 1477399838599 13
L 1477399840000 35.8991572 14.5107383
S 1477399839609 11
S 1477399840593 11
S 1477399841586 11
L 1477399842000 35.8991695 14.5107773
S 1477399842597 10
L 1477399844000 35.8991871 14.5108135
S 1477399843594 10
S 1477399844590 12
S 1477399845588 13
L 1477399846000 35.899203 14.5108425
L 1477399847000 35.8992088 14.5108573
S 1477399846598 13
S 1477399847593 13
L 1477399848000 35.8992181 14.5108655
L 1477399849000 35.8991886 14.5108843
S 1477399848598 13
L 1477399850000 35.8991951 14.5108975
S 1477399849622 13
S 1477399850597 13
L 1477399852000 35.899189 14.5109329
S 1477399851599 13
S 1477399852595 13
L 1477399853000 35.8991977 14.5109556
L 1477399854000 35.8992089 14.5109726
S 1477399853603 13
S 1477399854605 13
L 1477399856000 35.8992483 14.5109897
S 1477399855595 13
S 1477399856592 13
L 1477399857000 35.8992716 14.5109965
S 1477399857598 13
L 1477399859000 35.8992874 14.5110167
S 1477399858598 13
L 1477399860000 35.8993051 14.5110251
S 1477399859592 13
L 1477399861000 35.8993091 14.5110381
S 1477399860604 13
S 1477399861591 12
L 1477399862000 35.8993148 14.5110388
L 1477399863000 35.8993052 14.511071
S 1477399862595 14
L 1477399864000 35.8993067 14.5110856
S 1477399863603 14
L 1477399865000 35.8993295 14.5110737
S 1477399864599 14
S 1477399865594 14
L 1477399867000 35.8993513 14.5110977
S 1477399866595 14
L 1477399868000 35.8993783 14.5110576
S 1477399867598 14
S 1477399868595 12
L 1477399869000 35.8993905 14.5110624
S 1477399869598 12
L 1477399870000 35.8994111 14.5110606
S 1477399870596 12
L 1477399871247 35.8994175 14.5110752
S 1477399871592 12
S 1477399872587 11
L 1477399873000 35.8994267 14.5111377
L 1477399874000 35.8994278 14.5111413
S 1477399873602 11
L 1477399875000 35.8994235 14.5111594
S 1477399874596 11
S 1477399875591 12
S 1477399876589 12
L 1477399877000 35.8994433 14.5112068
L 1477399878000 35.8994393 14.5112315
S 1477399877595 12
S 1477399878583 12
S 1477399879586 12
L 1477399880000 35.8994801 14.5112384
L 1477399881000 35.8994944 14.5112664
S 1477399880610 12
S 1477399881584 12
L 1477399882000 35.8995081 14.5112708
S 1477399882585 12
L 1477399884000 35.8994746 14.5113318
S 1477399883600 12
L 1477399885000 35.8994771 14.5113452
S 1477399884595 12
L 1477399886000 35.8995097 14.5113493
S 1477399885592 14
S 1477399886595 14
L 1477399888000 35.8995576 14.5113773
S 1477399887590 14
S 1477399888587 16
L 1477399889000 35.8995508 14.5114189
S 1477399889588 16
L 1477399891000 35.8995419 14.5114497
S 1477399890600 16
S 1477399891595 16
S 1477399892593 14
L 1477399893000 35.8995612 14.5114809
L 1477399894000 35.8995846 14.5114862
S 1477399893595 14
L 1477399895000 35.8996039 14.5114963
S 1477399894594 16
S 1477399895593 16
L 1477399896000 35.8996222 14.5115148
S 1477399896595 16
S 1477399897593 16
L 1477399898000 35.8996216 14.5115592
L 1477399899000 35.8996351 14.5115686
S 1477399898596 16
S 1477399899597 16
L 1477399900000 35.8996184 14.5115865
S 1477399900592 16
L 1477399902000 35.8996178 14.5116146
S 1477399901593 16
S 1477399902588 16
L 1477399903000 35.8996318 14.5116378
L 1477399904000 35.8996178 14.5116717
S 1477399903600 13
L 1477399905000 35.8995982 14.5116896
S 1477399904597 13
S 1477399905601 13
S 1477399906594 13
L 1477399907000 35.8996408 14.5116691
S 1477399907610 14
S 1477399908589 13
L 1477399909000 35.8996893 14.5116921
S 1477399909593 13
S 1477399910589 13
L 1477399911000 35.899662 14.5117231
S 1477399911593 12
S 1477399912584 12
L 1477399913000 35.8996888 14.5117499
S 1477399913590 13
L 1477399914000 35.8996848 14.511759
S 1477399914588 13
L 1477399915000 35.8996915 14.5117867
S 1477399915601 13
L 1477399917000 35.8996849 14.5118307
S 1477399916592 13
S 1477399917594 13
S 1477399918595 13
L 1477399919000 35.8996866 14.5118296
S 1477399919596 15
L 1477399921000 35.8996883 14.5118321
S 1477399920596 15
S 1477399921592 15
L 1477399923000 35.8997111 14.5118584
S 1477399922612 15
S 1477399923608 15
L 1477399925000 35.8997447 14.5118884
S 1477399924603 14
L 1477399926000 35.8997662 14.5119039
S 1477399925612 14
S 1477399926600 14
L 1477399928000 35.8997903 14.5119236
S 1477399927611 14
S 1477399928597 15
L 1477399929000 35.8997975 14.5119221
S 1477399929600 15
S 1477399930591 15
L 1477399931000 35.8998368 14.5119486
S 1477399931595 15
L 1477399933000 35.8998618 14.5119891
S 1477399932593 15
S 1477399933586 15
S 1477399934592 15
L 1477399935000 35.8999018 14.5119944
S 1477399935592 15
L 1477399936000 35.8999149 14.512013
S 1477399936591 15
S 1477399937594 15
L 1477399938000 35.8999112 14.512049
L 1477399939000 35.8999107 14.5120783
S 1477399938598 16
L 1477399940000 35.8999129 14.5120849
S 1477399939601 16
S 1477399940592 16
S 1477399941591 16
L 1477399942000 35.8999351 14.5120971
L 1477399943000 35.8999414 14.5121079
P 1477399943624