P 1477399717000
L 1477399718000 35.8980797 14.5092476
S 1477399718681 13
L 1477399719000 35.8980878 14.5092533
S 1477399719686 12
L 1477399720000 35.8980959 14.5092588
S 1477399720679 13
S 1477399721681 13
L 1477399722000 35.8981087 14.5092723
S 1477399722678 12
L 1477399723000 35.8981181 14.5092807
S 1477399723680 13
L 1477399724000 35.8981181 14.5092807
S 1477399724678 12
S 1477399725679 13
L 1477399726000 35.8981282 14.5092899
S 1477399726678 12
S 1477399727680 12
L 1477399728000 35.8981339 14.509295
S 1477399728681 12
L 1477399729000 35.8981339 14.509295
S 1477399729679 12
L 1477399730000 35.8981467 14.5093037
S 1477399730680 12
L 1477399731000 35.8981586 14.5093091
S 1477399731678 11
S 1477399732680 11
L 1477399733000 35.898171 14.509308
S 1477399733679 12
S 1477399734679 12
L 1477399735000 35.8981995 14.5093163
S 1477399735677 12
S 1477399736678 12
L 1477399737000 35.8982232 14.5093468
S 1477399737678 12
L 1477399738000 35.8982328 14.509359
S 1477399738680 12
L 1477399739000 35.8982577 14.5093814
S 1477399739678 11
S 1477399740681 11
L 1477399741000 35.8982676 14.5093929
S 1477399741677 10
S 1477399742680 11
L 1477399743000 35.8982829 14.5093964
S 1477399743678 11
S 1477399744679 12
L 1477399745000 35.8983244 14.5094316
S 1477399745678 12
S 1477399746680 12
L 1477399747000 35.8983421 14.5094573
S 1477399747678 12
L 1477399748000 35.8983422 14.5094587
S 1477399748679 12
L 1477399749000 35.8983489 14.5094669
S 1477399749676 12
S 1477399750679 12
L 1477399751000 35.8983489 14.5094669
S 1477399751678 12
S 1477399752679 12
L 1477399753000 35.8983362 14.509502
S 1477399753680 12
L 1477399754000 35.8983359 14.5095276
S 1477399754681 12
S 1477399755678 11
L 1477399756000 35.8983556 14.5095686
S 1477399756680 11
L 1477399757000 35.8983762 14.5096244
S 1477399757678 11
L 1477399758000 35.8983802 14.5096327
S 1477399758685 11
L 1477399759000 35.8983802 14.5096327
S 1477399759678 12
S 1477399760679 11
L 1477399761000 35.8983931 14.5096383
S 1477399761678 12
S 1477399762679 12
L 1477399763000 35.8984208 14.5096737
S 1477399763680 12
L 1477399764000 35.898428 14.5096837
S 1477399764680 12
L 1477399765000 35.8984378 14.5096993
S 1477399765679 12
L 1477399766000 35.8984458 14.5097186
S 1477399766680 11
L 1477399767000 35.8984396 14.5097256
S 1477399767679 11
S 1477399768681 12
L 1477399769000 35.8984416 14.5097121
S 1477399769679 13
S 1477399770678 12
L 1477399771000 35.8984764 14.5097207
S 1477399771679 13
L 1477399772000 35.8984922 14.5097367
S 1477399772679 13
L 1477399773000 35.8985092 14.509742
S 1477399773679 13
L 1477399774000 35.8985494 14.5097646
S 1477399774685 12
L 1477399775000 35.8985829 14.5098104
S 1477399775679 12
S 1477399776679 12
L 1477399777000 35.8985953 14.5098326
S 1477399777678 11
S 1477399778677 10
L 1477399779000 35.8986094 14.5098629
S 1477399779680 10
L 1477399780000 35.8986387 14.5099068
S 1477399780679 11
S 1477399781680 10
L 1477399782000 35.8986455 14.5099203
S 1477399782679 10
L 1477399783000 35.8986531 14.5099326
S 1477399783682 10
L 1477399784000 35.8986602 14.5099499
S 1477399784680 10
L 1477399785000 35.8986602 14.5099499
S 1477399785678 9
S 1477399786680 10
L 1477399787000 35.8986731 14.5099918
S 1477399787682 10
L 1477399788000 35.8986779 14.5100027
S 1477399788680 10
L 1477399789000 35.8986844 14.510014
S 1477399789681 9
L 1477399790000 35.8986923 14.5100262
S 1477399790686 10
L 1477399791000 35.8986966 14.5100338
S 1477399791684 10
S 1477399792679 10
L 1477399793000 35.8987131 14.5100521
S 1477399793683 10
L 1477399794000 35.8987216 14.5100654
S 1477399794680 12
L 1477399795000 35.8987293 14.5100867
S 1477399795682 12
L 1477399796000 35.8987367 14.5101101
S 1477399796680 11
S 1477399797680 11
L 1477399798000 35.8987483 14.5101394
S 1477399798680 12
S 1477399799680 11
L 1477399800000 35.898768 14.5101826
S 1477399800679 11
L 1477399801000 35.8987751 14.5101957
S 1477399801680 11
L 1477399802000 35.8987806 14.5102118
S 1477399802679 11
S 1477399803680 11
L 1477399804000 35.8987954 14.5102573
S 1477399804679 11
S 1477399805682 10
L 1477399806000 35.89882 14.5102774
S 1477399806680 11
L 1477399807000 35.8988289 14.510291
S 1477399807680 11
S 1477399808680 11
L 1477399809000 35.8988397 14.5103212
S 1477399809680 11
L 1477399810000 35.8988492 14.5103234
S 1477399810679 11
L 1477399811000 35.8988584 14.5103257
S 1477399811680 11
L 1477399812000 35.898867 14.5103287
S 1477399812680 10
L 1477399813000 35.8988764 14.5103326
S 1477399813681 10
L 1477399814000 35.8988843 14.5103464
S 1477399814680 10
L 1477399815000 35.8988918 14.5103643
S 1477399815679 10
L 1477399816000 35.8988985 14.5103803
S 1477399816679 10
L 1477399817000 35.8989035 14.5104002
S 1477399817680 10
L 1477399818000 35.8989157 14.5104378
S 1477399818679 10
L 1477399819000 35.8989246 14.5104546
S 1477399819680 11
L 1477399820000 35.8989334 14.5104746
S 1477399820679 10
L 1477399821000 35.898934 14.5104952
S 1477399821677 10
S 1477399822680 10
L 1477399823000 35.8989502 14.5105116
S 1477399823681 9
L 1477399824000 35.8989401 14.5105268
S 1477399824679 8
L 1477399825000 35.8989254 14.5105429
S 1477399825680 8
L 1477399826000 35.8989554 14.5105511
S 1477399826680 8
S 1477399827681 8
L 1477399828000 35.8989623 14.5105791
S 1477399828678 8
S 1477399829682 8
L 1477399830000 35.8989652 14.5105999
S 1477399830678 8
S 1477399831683 8
L 1477399832000 35.8989667 14.510618
S 1477399832678 8
S 1477399833684 8
L 1477399834000 35.898998 14.5106787
S 1477399834680 10
L 1477399835000 35.8989977 14.5106952
S 1477399835685 12
L 1477399836000 35.8989987 14.5107109
S 1477399836679 12
S 1477399837681 12
L 1477399838000 35.8990088 14.5107367
S 1477399838681 12
L 1477399839000 35.8990187 14.5107537
S 1477399839684 11
L 1477399840000 35.8990295 14.5107681
S 1477399840681 11
S 1477399841685 11
L 1477399842000 35.8990494 14.5108008
S 1477399842683 12
L 1477399843000 35.8990618 14.5108216
S 1477399843685 10
L 1477399844000 35.8990745 14.5108372
S 1477399844681 10
S 1477399845685 10
L 1477399846000 35.8990954 14.5108616
S 1477399846683 11
S 1477399847685 10
L 1477399848000 35.8991167 14.5108916
S 1477399848683 10
S 1477399849684 10
L 1477399850000 35.8991339 14.5109098
S 1477399850686 10
L 1477399851000 35.899139 14.5109199
S 1477399851684 9
S 1477399852683 9
L 1477399853000 35.8991473 14.5109339
S 1477399853694 10
L 1477399854000 35.8991528 14.510942
S 1477399854684 11
S 1477399855686 9
L 1477399856000 35.8991721 14.5109567
S 1477399856683 10
S 1477399857686 10
L 1477399858000 35.8991962 14.5109831
S 1477399858686 11
S 1477399859685 10
L 1477399860000 35.8992245 14.5110022
S 1477399860685 10
L 1477399861000 35.8992364 14.511018
S 1477399861686 9
L 1477399862000 35.8992671 14.5110501
S 1477399862686 10
L 1477399863000 35.8992794 14.5110613
S 1477399863686 10
L 1477399864000 35.8992923 14.5110764
S 1477399864685 11
S 1477399865688 11
L 1477399866000 35.8993292 14.5111155
S 1477399866689 11
L 1477399867000 35.8993408 14.5111278
S 1477399867689 12
L 1477399868000 35.8993457 14.5111441
S 1477399868688 11
S 1477399869686 11
L 1477399870000 35.8993562 14.5111543
S 1477399870687 12
L 1477399871000 35.8993703 14.511166
S 1477399871684 12
S 1477399872688 12
L 1477399873000 35.8993923 14.5111994
S 1477399873687 12
S 1477399874687 12
L 1477399875000 35.8994083 14.5112314
S 1477399875684 12
S 1477399876687 11
L 1477399877000 35.89943 14.5112634
S 1477399877684 10
S 1477399878686 10
L 1477399879000 35.8994541 14.51129
S 1477399879685 12
S 1477399880687 12
L 1477399881000 35.8994746 14.5113181
S 1477399881686 11
S 1477399882685 11
L 1477399883000 35.8994891 14.5113369
S 1477399883688 12
L 1477399884000 35.8994985 14.5113427
S 1477399884688 12
L 1477399885000 35.8995093 14.5113474
S 1477399885685 13
S 1477399886712 13
L 1477399887000 35.8995246 14.5113622
S 1477399887681 13
S 1477399888682 14
L 1477399889000 35.8995351 14.5113801
S 1477399889684 13
L 1477399890000 35.8995443 14.5113962
S 1477399890685 15
L 1477399891000 35.899555 14.511411
S 1477399891685 15
S 1477399892684 13
L 1477399893000 35.8995539 14.5114511
S 1477399893688 12
L 1477399894000 35.8995549 14.51147
S 1477399894685 13
S 1477399895685 12
L 1477399896000 35.899559 14.5115035
S 1477399896686 11
L 1477399897000 35.8995623 14.5115218
S 1477399897683 11
S 1477399898683 11
L 1477399899000 35.8995618 14.5115628
S 1477399899684 11
L 1477399900000 35.8995642 14.5115775
S 1477399900683 11
S 1477399901686 11
L 1477399902000 35.8995791 14.511609
S 1477399902681 11
S 1477399903687 11
L 1477399904000 35.8995865 14.5116241
S 1477399904684 11
S 1477399905686 12
L 1477399906000 35.8996135 14.5116575
S 1477399906682 12
S 1477399907686 12
L 1477399908000 35.899626 14.5116729
S 1477399908682 12
S 1477399909687 12
L 1477399910000 35.8996409 14.5117023
S 1477399910685 12
S 1477399911687 12
L 1477399912000 35.8996491 14.511725
S 1477399912684 12
S 1477399913689 12
L 1477399914000 35.899669 14.5117513
S 1477399914686 12
S 1477399915687 11
L 1477399916000 35.8996966 14.5117759
S 1477399916684 12
S 1477399917688 13
L 1477399918000 35.8997041 14.5117921
S 1477399918684 12
S 1477399919687 13
L 1477399920000 35.8997299 14.5118211
S 1477399920684 12
S 1477399921686 11
L 1477399922000 35.8997508 14.5118416
S 1477399922685 11
L 1477399923000 35.8997641 14.51185
S 1477399923687 11
L 1477399924000 35.8997947 14.5118707
S 1477399924685 11
S 1477399925687 11
L 1477399926000 35.8998146 14.5118908
S 1477399926684 10
S 1477399927686 11
L 1477399928000 35.8998307 14.5119176
S 1477399928685 11
S 1477399929688 11
L 1477399930000 35.8998491 14.5119367
S 1477399930685 10
S 1477399931688 10
L 1477399932000 35.8998585 14.5119453
S 1477399932685 11
S 1477399933689 10
L 1477399934000 35.8998784 14.5119468
S 1477399934687 10
S 1477399935686 10
L 1477399936000 35.8999028 14.5119744
S 1477399936687 10
S 1477399937689 11
L 1477399938000 35.8999145 14.5119974
S 1477399938686 11
S 1477399939689 11
L 1477399940000 35.8999247 14.5120355
S 1477399940686 10
S 1477399941690 12
L 1477399942000 35.8999481 14.5120895
P 1477399943624