P 1477399717000
L 1477399718000 35.8980161 14.5092639
S 1477399720425 14
S 1477399721423 13
L 1477399720000 35.898042 14.5092405
S 1477399722420 14
S 1477399723423 15
L 1477399722000 35.8980607 14.509251
S 1477399724421 15
S 1477399725424 15
L 1477399724000 35.8980803 14.5092606
S 1477399726421 15
S 1477399727422 13
L 1477399726000 35.8981008 14.5092596
S 1477399728419 14
S 1477399729420 14
L 1477399728000 35.8981305 14.5092642
S 1477399730417 13
S 1477399731417 13
L 1477399730000 35.8981506 14.5092665
S 1477399732415 12
S 1477399733416 15
L 1477399732000 35.8981667 14.5092682
S 1477399734415 12
S 1477399735415 12
L 1477399734000 35.8981817 14.5092806
S 1477399736414 13
S 1477399737416 14
L 1477399736000 35.8981986 14.5092973
S 1477399738413 15
S 1477399739414 14
L 1477399738000 35.8982208 14.5093089
S 1477399740413 14
L 1477399739000 35.8982312 14.5093147
S 1477399741414 13
S 1477399742413 11
L 1477399741000 35.8982415 14.5093294
S 1477399743416 12
L 1477399742000 35.8982428 14.5093453
S 1477399744413 14
S 1477399745413 14
L 1477399744000 35.898243 14.5093718
S 1477399746415 14
L 1477399745000 35.8982482 14.5093839
S 1477399747416 11
L 1477399747000 35.8982711 14.5094038
S 1477399748417 13
S 1477399749414 13
L 1477399748000 35.8982763 14.5094223
S 1477399750414 12
L 1477399749000 35.8982839 14.5094421
S 1477399751412 13
S 1477399752411 14
L 1477399751000 35.8983093 14.5094624
S 1477399753411 14
L 1477399752000 35.8983221 14.5094777
S 1477399754423 13
S 1477399755411 13
L 1477399754000 35.898346 14.5094961
S 1477399756409 13
S 1477399757409 11
L 1477399756000 35.8983602 14.5095196
S 1477399758408 14
L 1477399757000 35.8983693 14.5095279
S 1477399759410 12
L 1477399758000 35.8983731 14.509532
S 1477399760407 12
S 1477399761411 12
L 1477399760000 35.8983967 14.5095373
S 1477399762419 13
S 1477399763408 11
L 1477399762000 35.8984233 14.5095585
S 1477399764405 12
S 1477399765405 12
L 1477399764000 35.8984411 14.5095779
S 1477399766405 12
L 1477399765000 35.8984492 14.5095896
S 1477399767408 11
S 1477399768403 12
L 1477399767000 35.8984669 14.509615
S 1477399769405 11
L 1477399768000 35.8984829 14.5096247
S 1477399770404 13
L 1477399769000 35.8984865 14.5096379
S 1477399771406 14
L 1477399770000 35.8984806 14.5096499
S 1477399772406 13
L 1477399771000 35.8984594 14.5096596
S 1477399773406 14
L 1477399772000 35.898449 14.5096648
S 1477399774402 14
S 1477399775403 14
L 1477399774000 35.898467 14.5096994
S 1477399776402 14
S 1477399777404 13
L 1477399776000 35.8984816 14.5097216
S 1477399778402 12
S 1477399779403 11
L 1477399778000 35.8984925 14.5097418
S 1477399780402 13
S 1477399781403 14
L 1477399780000 35.8985107 14.5097686
S 1477399782401 14
S 1477399783502 14
L 1477399782000 35.898526 14.5097926
S 1477399784493 14
S 1477399785402 13
L 1477399784000 35.898547 14.5098184
S 1477399786398 15
S 1477399787400 11
L 1477399786000 35.898577 14.5098415
S 1477399788500 14
L 1477399787000 35.8985866 14.5098574
S 1477399789499 15
S 1477399790497 14
L 1477399789000 35.8986095 14.509885
S 1477399791489 14
S 1477399792496 16
L 1477399791000 35.8986373 14.5099084
S 1477399793497 15
L 1477399792000 35.8986481 14.5099199
S 1477399794496 15
S 1477399795496 14
L 1477399794000 35.8986635 14.5099518
S 1477399796492 15
S 1477399797496 15
L 1477399796000 35.8986649 14.5099982
S 1477399798494 14
S 1477399799496 13
L 1477399798000 35.8986778 14.5100328
S 1477399800495 14
S 1477399801494 15
L 1477399800000 35.8986951 14.51008
S 1477399802495 15
L 1477399801000 35.8987041 14.5101014
S 1477399803495 13
L 1477399802000 35.8987154 14.510123
L 1477399803000 35.8987263 14.5101473
S 1477399804497 15
S 1477399805494 12
L 1477399804000 35.8987367 14.5101691
S 1477399806493 13
S 1477399807493 15
L 1477399806000 35.8987577 14.5102155
S 1477399808493 14
S 1477399809493 12
L 1477399808000 35.8987726 14.5102504
S 1477399810496 13
S 1477399811494 11
L 1477399810000 35.8987862 14.5102742
S 1477399812490 13
L 1477399812000 35.8988044 14.5102842
S 1477399813498 12
S 1477399814491 11
S 1477399815491 12
L 1477399814000 35.8988258 14.5102881
S 1477399816490 14
S 1477399817490 12
L 1477399816000 35.8988487 14.5103006
S 1477399818489 11
S 1477399819489 11
L 1477399818000 35.8988766 14.5102992
S 1477399820497 12
S 1477399821487 11
L 1477399820000 35.8989025 14.5102987
S 1477399822485 10
S 1477399823485 10
L 1477399822000 35.8989289 14.5102985
S 1477399824490 11
L 1477399823000 35.8989437 14.5103029
S 1477399825484 13
S 1477399826485 12
L 1477399825000 35.8989692 14.510346
S 1477399827485 11
L 1477399826000 35.8989794 14.51036
S 1477399828484 13
S 1477399829485 11
L 1477399828000 35.8989843 14.5104031
S 1477399830483 13
L 1477399830000 35.8989816 14.5104447
S 1477399831488 10
S 1477399832483 12
L 1477399831000 35.8989745 14.5104723
S 1477399833484 11
S 1477399834483 8
L 1477399833000 35.8989766 14.5105028
S 1477399835482 11
L 1477399834000 35.8989814 14.5105232
S 1477399836482 13
S 1477399837483 11
L 1477399836000 35.8989822 14.5105665
S 1477399838482 14
L 1477399837000 35.8989858 14.5105792
S 1477399839483 12
L 1477399838000 35.8989926 14.5105975
S 1477399840479 11
L 1477399840000 35.8990037 14.5106189
S 1477399841487 10
S 1477399842480 11
S 1477399843483 9
L 1477399842000 35.8990223 14.5106516
S 1477399844483 11
L 1477399843000 35.8990402 14.5106699
S 1477399845481 11
S 1477399846478 13
L 1477399845000 35.8990769 14.5107044
L 1477399846000 35.8991022 14.5107171
S 1477399847485 11
S 1477399848478 11
L 1477399848000 35.8991447 14.5107302
S 1477399849492 11
S 1477399850475 11
S 1477399851475 12
L 1477399850000 35.8991799 14.5107509
S 1477399852474 9
S 1477399853475 11
L 1477399852000 35.8992002 14.5107741
S 1477399854475 13
L 1477399853000 35.8992033 14.5107875
S 1477399855476 11
L 1477399854000 35.8992077 14.5107925
S 1477399856475 11
S 1477399857476 12
L 1477399856000 35.8992192 14.5108172
S 1477399858475 11
S 1477399859475 11
L 1477399858000 35.8992354 14.5108369
S 1477399860473 13
S 1477399861475 11
L 1477399860000 35.899254 14.5108575
S 1477399862473 12
L 1477399862000 35.8992728 14.5108843
S 1477399863478 12
S 1477399864473 10
S 1477399865473 11
L 1477399864000 35.899278 14.5109131
S 1477399866473 11
L 1477399865000 35.8992864 14.5109276
S 1477399867474 12
L 1477399866000 35.8992899 14.5109421
S 1477399868472 10
S 1477399869474 11
L 1477399868000 35.8993124 14.5109623
S 1477399870472 10
L 1477399869000 35.8993227 14.5109752
S 1477399871472 10
S 1477399872472 12
L 1477399871000 35.8993356 14.5110057
S 1477399873474 11
S 1477399874470 13
L 1477399873000 35.8993576 14.5110357
S 1477399875473 13
L 1477399874000 35.8993681 14.5110462
S 1477399876471 11
S 1477399877472 11
L 1477399876000 35.8993942 14.5110865
S 1477399878470 11
L 1477399877000 35.8994099 14.5110931
S 1477399879472 12
S 1477399880469 11
L 1477399879000 35.8994334 14.5111096
S 1477399881472 12
L 1477399880000 35.8994374 14.511125
S 1477399882467 12
S 1477399883467 11
L 1477399882000 35.8994505 14.5111409
S 1477399884469 12
L 1477399883000 35.8994578 14.5111525
S 1477399885474 11
L 1477399884000 35.8994688 14.5111629
S 1477399886471 13
L 1477399885000 35.8994787 14.5111773
S 1477399887473 14
L 1477399886000 35.8994841 14.5112006
S 1477399888469 12
L 1477399888000 35.8994988 14.5112426
S 1477399889476 13
S 1477399890470 12
L 1477399889000 35.8995016 14.5112611
S 1477399891469 13
S 1477399892465 15
L 1477399891000 35.8994972 14.5113129
S 1477399893467 13
L 1477399892000 35.8995027 14.5113385
S 1477399894466 11
S 1477399895467 12
L 1477399894000 35.8995187 14.5113742
S 1477399896469 13
L 1477399895000 35.8995281 14.5113963
S 1477399897467 13
S 1477399898466 12
L 1477399897000 35.8995493 14.5114352
S 1477399899464 11
S 1477399900467 13
L 1477399899000 35.89957 14.5114626
S 1477399901466 13
L 1477399900000 35.8995809 14.5114771
S 1477399902466 14
L 1477399901000 35.899593 14.5114936
S 1477399903466 14
S 1477399904467 14
L 1477399903000 35.8996161 14.5115259
S 1477399905468 13
S 1477399906464 13
L 1477399905000 35.8996401 14.5115544
S 1477399907464 13
S 1477399908463 13
L 1477399907000 35.8996603 14.5115837
S 1477399909465 13
L 1477399908000 35.8996682 14.5115997
S 1477399910458 13
S 1477399911467 13
L 1477399910000 35.8996811 14.5116447
S 1477399912463 14
S 1477399913465 14
L 1477399912000 35.8996953 14.5116743
S 1477399914463 13
S 1477399915462 11
L 1477399914000 35.8997226 14.5116913
S 1477399916462 13
S 1477399917464 13
L 1477399916000 35.8997462 14.5117086
S 1477399918460 11
S 1477399919463 14
L 1477399918000 35.8997649 14.5117298
S 1477399920460 14
S 1477399921463 14
L 1477399920000 35.8997833 14.5117492
S 1477399922455 13
S 1477399923461 13
L 1477399922000 35.8997988 14.511777
S 1477399924460 13
S 1477399925460 13
L 1477399924000 35.8998195 14.5118088
S 1477399926460 11
S 1477399927460 10
L 1477399926000 35.8998345 14.5118272
S 1477399928452 12
S 1477399929462 10
L 1477399928000 35.899852 14.5118483
S 1477399930455 13
S 1477399931455 11
L 1477399930000 35.899865 14.5118644
S 1477399932454 12
S 1477399933456 13
L 1477399932000 35.8998791 14.5118932
S 1477399934455 12
S 1477399935457 11
L 1477399934000 35.8998919 14.5119087
S 1477399936453 11
S 1477399937454 11
L 1477399936000 35.899906 14.5119352
S 1477399938449 12
S 1477399939454 12
L 1477399938000 35.8999252 14.5119647
S 1477399940452 12
S 1477399941453 10
L 1477399940000 35.8999417 14.511987
S 1477399942452 12
S 1477399943453 12
L 1477399942000 35.8999588 14.5120133
P 1477399943624