P 1477397421539
S 1477397422066 12
L 1477397423000 35.9000082 14.5153687
S 1477397423053 12
S 1477397424048 12
L 1477397424000 35.899991 14.515386
S 1477397425056 12
S 1477397426050 14
L 1477397426000 35.8999655 14.5154158
S 1477397427058 14
L 1477397428000 35.8999357 14.5154406
S 1477397428062 14
S 1477397429046 14
L 1477397429000 35.8999202 14.5154444
L 1477397430000 35.8999111 14.5154558
S 1477397430058 14
L 1477397431000 35.8998978 14.5154673
S 1477397431058 14
S 1477397432050 13
L 1477397432000 35.8998804 14.5154756
S 1477397433058 13
S 1477397434048 13
L 1477397434000 35.899853 14.5154915
S 1477397435049 13
S 1477397436049 13
L 1477397436000 35.8998341 14.5155116
S 1477397437054 13
L 1477397438000 35.8998083 14.5155341
S 1477397438053 13
S 1477397439048 13
L 1477397439000 35.8997945 14.5155407
L 1477397440000 35.8997851 14.5155487
S 1477397440063 13
S 1477397441048 12
L 1477397441000 35.8997687 14.5155597
S 1477397442049 12
L 1477397443000 35.8997503 14.5155788
S 1477397443055 12
S 1477397444045 12
L 1477397445000 35.8997152 14.5155893
S 1477397445055 12
L 1477397446000 35.8997075 14.5156004
S 1477397446067 11
L 1477397447000 35.8996946 14.5156122
S 1477397447056 12
S 1477397448050 12
L 1477397448000 35.8996773 14.5156216
S 1477397449059 12
P 1477397450038
