P 1477397421539
L 1477397424000 35.899957 14.5154776
S 1477397423603 13
L 1477397425000 35.8999459 14.5154803
S 1477397424604 14
S 1477397425599 14
L 1477397427000 35.8999241 14.5155226
S 1477397426605 9
S 1477397427608 9
L 1477397428269 35.8999151 14.5155347
S 1477397428598 9
L 1477397430000 35.8998876 14.515548
S 1477397429603 9
S 1477397430597 10
S 1477397431596 10
L 1477397432000 35.8998486 14.5155781
S 1477397432597 10
L 1477397433000 35.8998565 14.5155949
L 1477397434000 35.8998031 14.5156242
S 1477397433611 10
L 1477397435000 35.8997757 14.5156609
S 1477397434606 12
S 1477397435595 12
S 1477397436598 12
L 1477397437000 35.8997938 14.5155684
L 1477397438000 35.8998212 14.5155969
S 1477397437603 12
L 1477397439000 35.8998532 14.5156101
S 1477397438618 12
S 1477397439601 12
L 1477397441000 35.8997245 14.5157991
S 1477397440603 12
S 1477397441599 12
S 1477397442597 12
L 1477397443000 35.8997454 14.5157865
S 1477397443597 12
L 1477397444000 35.8997474 14.5156734
S 1477397444604 12
L 1477397445000 35.8997432 14.5156743
S 1477397445605 12
L 1477397446000 35.8997229 14.5157208
L 1477397447000 35.8997244 14.5157536
S 1477397446612 12
S 1477397447601 12
S 1477397448593 12
L 1477397449000 35.899655 14.5157693
S 1477397449596 12
L 1477397450000 35.8996605 14.5157921
P 1477397450038
