P 1477397421539
S 1477397421629 14
L 1477397422000 35.899965 14.5154021
S 1477397422629 14
L 1477397423000 35.8999606 14.5154083
S 1477397423630 14
L 1477397423998 35.8999575 14.5154167
S 1477397424628 14
S 1477397425631 13
L 1477397426000 35.8999442 14.5154294
S 1477397426638 14
L 1477397427000 35.8999345 14.515445
S 1477397427635 13
S 1477397428636 12
L 1477397428998 35.8999238 14.5154717
S 1477397429637 12
L 1477397430000 35.8999193 14.5154859
S 1477397430636 12
S 1477397431636 12
L 1477397431998 35.8999068 14.5155012
S 1477397432636 12
L 1477397432998 35.899896 14.5155097
S 1477397433637 12
L 1477397434000 35.8998838 14.51552
S 1477397434635 12
S 1477397435631 12
L 1477397435998 35.8998671 14.5155453
S 1477397436629 12
L 1477397436998 35.8998537 14.5155568
S 1477397437639 12
L 1477397438000 35.8998408 14.5155674
S 1477397438638 12
S 1477397439638 12
L 1477397439998 35.8998208 14.5155856
S 1477397440639 11
L 1477397440998 35.8998104 14.5155941
S 1477397441662 11
S 1477397442640 11
L 1477397443000 35.8997807 14.5156052
S 1477397443639 11
L 1477397443998 35.8997685 14.515612
S 1477397444632 11
S 1477397445641 11
L 1477397446000 35.8997435 14.5156389
S 1477397446640 11
S 1477397447638 11
L 1477397447998 35.8997089 14.5156542
S 1477397448641 11
L 1477397448998 35.8997008 14.5156588
S 1477397449640 11
L 1477397450000 35.8996879 14.5156599
P 1477397450038
