P 1477397714241
L 1477397715000 35.9000129 14.5152935
S 1477397715626 13
S 1477397716636 13
L 1477397716998 35.899992 14.515362
S 1477397717636 12
L 1477397718000 35.8999799 14.5153736
S 1477397718636 11
S 1477397719636 12
L 1477397719998 35.8999478 14.5154102
S 1477397720643 12
L 1477397720998 35.8999341 14.5154312
S 1477397721644 12
L 1477397722000 35.8999196 14.5154393
S 1477397722642 12
S 1477397723642 12
L 1477397723998 35.8998985 14.5154866
S 1477397724643 12
S 1477397725643 12
L 1477397726000 35.8998869 14.5155197
S 1477397726643 12
L 1477397727000 35.8998708 14.5155333
S 1477397727641 12
L 1477397727998 35.8998566 14.515546
S 1477397728642 12
L 1477397728998 35.8998471 14.5155634
S 1477397729637 12
S 1477397730637 12
L 1477397731000 35.8998231 14.5155859
S 1477397731636 12
S 1477397732635 12
L 1477397732998 35.8998004 14.5156032
S 1477397733636 11
L 1477397734000 35.8997941 14.515623
S 1477397734643 11
S 1477397735635 11
L 1477397735998 35.8997805 14.5156469
S 1477397736635 11
S 1477397737644 11
L 1477397738000 35.8997565 14.51568
S 1477397738641 11
L 1477397739000 35.8997462 14.5156943
S 1477397739641 11
L 1477397739998 35.8997342 14.5157129
S 1477397740641 11
S 1477397741650 11
L 1477397742000 35.8997132 14.5157341
P 1477397743597
