P 1477397951714
S 1477397952051 14
L 1477397952000 35.9000241 14.5153582
S 1477397953047 15
L 1477397954000 35.9000115 14.5153688
S 1477397954053 16
S 1477397955046 16
L 1477397956000 35.8999916 14.5153974
S 1477397956055 15
L 1477397957000 35.899975 14.5153935
S 1477397957059 15
S 1477397958049 13
L 1477397958000 35.8999577 14.5154056
S 1477397959054 13
L 1477397960000 35.8999347 14.5154291
S 1477397960055 13
L 1477397961000 35.8999225 14.5154327
S 1477397961056 13
S 1477397962055 12
L 1477397963000 35.8999044 14.5154596
S 1477397963053 12
L 1477397964000 35.8998862 14.5154778
S 1477397964060 12
L 1477397965000 35.8998726 14.5154939
S 1477397965056 12
S 1477397966059 13
S 1477397967047 13
L 1477397967000 35.8998521 14.515513
L 1477397968000 35.8998362 14.515522
S 1477397968058 12
S 1477397969047 13
L 1477397969000 35.8998037 14.515521
S 1477397970059 13
L 1477397971000 35.8997664 14.5155503
S 1477397971055 13
S 1477397972049 12
S 1477397973046 12
L 1477397973000 35.8997441 14.5155669
S 1477397974048 12
L 1477397974000 35.8997358 14.5155614
S 1477397975046 13
L 1477397976000 35.899704 14.5155718
S 1477397976057 13
S 1477397977046 13
L 1477397977000 35.8996834 14.5155587
S 1477397978046 13
S 1477397979045 13
L 1477397979000 35.8996554 14.5155562
P 1477397979099
