P 1477397951714
L 1477397953000 35.9000143 14.5153888
S 1477397952610 15
L 1477397954000 35.9000113 14.5153913
S 1477397953604 15
L 1477397955000 35.8999951 14.5154057
S 1477397954603 15
S 1477397955602 15
L 1477397957000 35.8999715 14.5154314
S 1477397956615 15
L 1477397958000 35.8999626 14.5154464
S 1477397957605 13
L 1477397959000 35.8999655 14.5154853
S 1477397958615 11
S 1477397959610 9
S 1477397960608 8
L 1477397961000 35.899944 14.5155477
S 1477397961591 7
S 1477397962599 7
L 1477397963000 35.8999271 14.5155638
S 1477397963592 7
L 1477397965000 35.8998975 14.5155682
S 1477397964606 7
L 1477397966000 35.8998752 14.5155844
S 1477397965600 11
S 1477397966598 11
L 1477397967000 35.8998575 14.5155842
S 1477397967607 12
S 1477397968598 12
L 1477397969000 35.8998157 14.5156065
S 1477397969591 12
L 1477397970000 35.899796 14.5156326
S 1477397970595 12
L 1477397971000 35.8997846 14.5156516
S 1477397971623 12
L 1477397973000 35.8997778 14.5156715
S 1477397972607 12
S 1477397973608 12
L 1477397975000 35.8997569 14.5157173
S 1477397974606 12
S 1477397975601 12
L 1477397977000 35.8997218 14.5157518
S 1477397976596 12
S 1477397977590 12
L 1477397979000 35.8997204 14.5157301
P 1477397979099
