P 1477397951714
L 1477397951998 35.9000155 14.5153219
S 1477397952636 12
S 1477397953640 11
L 1477397954000 35.8999935 14.5153738
S 1477397954643 11
L 1477397955000 35.8999799 14.5153948
S 1477397955646 12
L 1477397955998 35.8999665 14.5154121
S 1477397956649 12
L 1477397956998 35.8999484 14.5154307
S 1477397957646 12
S 1477397958640 12
L 1477397959000 35.8999108 14.5154657
S 1477397959640 12
S 1477397960643 12
L 1477397960998 35.8998775 14.5155059
S 1477397961641 12
S 1477397962640 12
L 1477397963000 35.8998471 14.515542
S 1477397963640 12
L 1477397963998 35.8998365 14.5155637
S 1477397964642 12
L 1477397964998 35.8998245 14.5155783
S 1477397965644 11
L 1477397966000 35.8998126 14.5155916
S 1477397966641 11
L 1477397967000 35.8997967 14.5156039
S 1477397967640 11
L 1477397967998 35.8997853 14.5156169
S 1477397968640 11
S 1477397969642 11
L 1477397970000 35.8997609 14.5156494
S 1477397970639 11
S 1477397971640 11
L 1477397971998 35.8997264 14.5156752
S 1477397972640 11
S 1477397973641 11
L 1477397974000 35.8996988 14.5157023
S 1477397974640 11
L 1477397975000 35.899684 14.5157158
S 1477397975642 11
L 1477397975998 35.8996771 14.5157283
S 1477397976641 11
L 1477397976998 35.8996651 14.5157417
S 1477397977641 11
L 1477397978000 35.8996567 14.5157475
P 1477397979099
