1481096969439 100 4281 -492 -145
1481097009550 100 4339 -58 -221
1481097035075 100 4339 -58 -221
1481097049564 100 4308 -66 -101
1481097089606 100 4335 -54 -70
1481097129648 100 4339 -74 -75
1481097169687 100 4335 -66 -71
1481097209729 100 4332 -58 -64
1481097249771 100 4335 -54 -56
1481097269537 100 4335 -54 -56
1481097289574 100 4343 -15 -39
1481097310423 100 4347 -15 -21
1481097331269 100 4347 -15 -21
1481097352115 100 4343 -15 -16
1481097355270 100 4343 -15 -16
1481097372955 100 4335 -15 -15
1481097393802 100 4335 -15 -15
1481097414648 100 4347 -15 -15
1481097435494 100 4347 -15 -15
1481097456338 100 4347 -15 -15
1481097477183 100 4343 -15 -15
1481097498029 100 4347 -19 -16
1481097518872 100 4347 -27 -21
1481097539714 100 4347 -27 -21
1481097560564 100 4339 -15 -21
1481097581408 100 4343 -15 -16
1481097602254 100 4343 -15 -16
1481097623099 100 4343 -15 -15
1481097643938 100 4347 -15 -26
1481097655183 100 4347 -15 -26
1481097664769 100 4347 -15 -26
1481097685619 100 4343 -15 -35
1481097706465 100 4347 -15 -20
1481097727306 100 4347 -15 -16
1481097748153 100 4347 -15 -16
1481097768994 100 4343 -15 -15
1481097789839 100 4343 -15 -15
1481097810685 100 4343 -15 -15
1481097831532 100 4339 -39 -24
1481097852378 100 4347 -15 -26
1481097873221 100 4347 -15 -26
1481097894068 100 4339 -15 -17
1481097914909 100 4339 -15 -15
1481097935750 100 4339 -15 -15
1481097955175 100 4343 -15 -15
1481097956576 100 4343 -15 -15
1481097977419 100 4347 -15 -15
1481097998262 100 4343 -23 -18
1481098019109 100 4343 -23 -18
1481098039952 100 4339 -19 -20
1481098060797 100 4347 -15 -17
1481098081643 100 4347 -15 -17
1481098102489 100 4339 -15 -15
1481098123335 100 4347 -15 -15
1481098144178 100 4347 -15 -15
1481098165023 100 4339 -15 -15
1481098185867 100 4343 -15 -15
1481098206712 100 4343 -15 -15
1481098227558 100 4339 -15 -15
1481098248404 100 4343 -31 -21
1481098255176 100 4343 -31 -21
1481098269243 100 4339 -15 -22
1481098290089 100 4339 -15 -22
1481098310934 100 4343 -15 -16
1481098331780 100 4339 -15 -15
1481098352626 100 4339 -15 -15
1481098373472 100 4339 -15 -15
1481098394317 100 4343 -23 -18
1481098415162 100 4343 -23 -18
1481098436007 100 4343 -19 -20
1481098456851 100 4343 -15 -17
1481098477695 100 4343 -15 -17
1481098498542 100 4339 -15 -15
1481098519386 100 4343 -15 -15
1481098540232 100 4343 -23 -18
1481098555170 100 4343 -23 -18
1481098561064 100 4343 -23 -18
1481098581905 100 4343 -15 -18
1481098602751 100 4339 -15 -15
1481098623596 100 4339 -15 -15
1481098644442 100 4343 -15 -15
1481098665286 100 4339 -15 -15
1481098686131 100 4339 -15 -15
1481098706975 100 4339 -15 -15
1481098727820 100 4343 -15 -15
1481098748665 100 4343 -15 -15
1481098769511 100 4343 -15 -15
1481098790353 100 4343 -15 -15
1481098811199 100 4339 -15 -15
1481098832044 100 4339 -15 -15
1481098852887 100 4343 -15 -15
1481098855178 100 4343 -15 -15
1481098873730 100 4343 -23 -18
1481098894576 100 4343 -23 -18
1481098915420 100 4339 -15 -18
1481098936257 100 4339 -15 -15
1481098957098 100 4339 -15 -15
1481098977941 100 4343 -50 -27
1481098998785 100 4339 -15 -30
1481099019631 100 4339 -15 -30
1481099040477 100 4339 -35 -26
1481099061319 100 4339 -15 -25
1481099082162 100 4339 -15 -17
1481099103006 100 4339 -15 -17
1481099123851 100 4339 -15 -15
1481099144696 100 4339 -15 -15
1481099155175 100 4339 -15 -15
1481099165527 100 4339 -15 -15
1481099186371 100 4339 -15 -15
1481099207215 100 4339 -15 -15
1481099228061 100 4339 -15 -15
1481099248904 100 4343 -19 -16
1481099269728 100 4343 -15 -16
1481099290574 100 4343 -15 -16
1481099311415 100 4343 -15 -15
1481099332259 100 4335 -15 -15
1481099353104 100 4343 -15 -15
1481099373948 100 4343 -15 -15
1481099394794 100 4339 -15 -15
1481099415622 100 4339 -15 -15
1481099436460 100 4339 -15 -15
1481099455179 100 4343 -15 -15
1481099457290 100 4343 -15 -15
1481099478134 100 4339 -23 -18
1481099498978 100 4339 -23 -18
1481099519823 100 4339 -15 -18
1481099540669 100 4343 -15 -15
1481099561512 100 4343 -15 -15
1481099582357 100 4339 -39 -24
1481099603203 100 4343 -15 -26
1481099624049 100 4339 -46 -29
1481099644893 100 4339 -46 -29
1481099665738 100 4339 -15 -29
1481099686584 100 4339 -15 -18
1481099707431 100 4339 -15 -18
1481099728272 100 4335 -23 -18
1481099749118 100 4339 -15 -18
1481099755181 100 4339 -15 -18
1481099769953 100 4339 -15 -18
1481099790798 100 4339 -15 -15
1481099811644 100 4339 -15 -15
1481099832490 100 4339 -15 -15
1481099853331 100 4339 -66 -33
1481099874173 100 4339 -15 -38
1481099895020 100 4339 -15 -20
1481099915864 100 4339 -15 -20
1481099936710 100 4332 -19 -17
1481099957554 100 4339 -15 -17
1481099978400 100 4339 -15 -17
1481099999242 100 4335 -46 -26
1481100020087 100 4339 -15 -29
1481100040931 100 4339 -15 -29
1481100055174 100 4335 -15 -18
1481100061763 100 4335 -15 -18
1481100082607 100 4335 -19 -17
1481100103452 100 4335 -19 -17
1481100124296 100 4335 -15 -17
1481100145141 100 4335 -23 -18
1481100165984 100 4335 -15 -18
1481100186830 100 4335 -15 -18
1481100207673 100 4335 -15 -15
1481100228521 100 4339 -15 -15
1481100249367 100 4339 -15 -15
1481100270213 100 4339 -23 -18
1481100291059 100 4335 -19 -20
1481100311903 100 4335 -19 -20
1481100332748 100 4339 -27 -22
1481100353591 100 4335 -15 -21
1481100355180 100 4335 -15 -21
1481100374428 100 4339 -15 -16
1481100395273 100 4339 -15 -16
1481100416118 100 4339 -19 -16
1481100436960 100 4335 -15 -16
1481100457802 100 4335 -15 -16
1481100478648 100 4335 -15 -15
1481100499494 100 4339 -15 -15
1481100520336 100 4339 -15 -15
1481100541180 100 4335 -15 -15
1481100562024 100 4335 -23 -18
1481100582870 100 4335 -23 -18
1481100603716 100 4339 -15 -18
1481100624562 100 4339 -66 -34
1481100645408 100 4335 -15 -38
1481100655179 100 4335 -15 -38
1481100666246 100 4335 -15 -38
1481100687091 100 4332 -15 -20
1481100707934 100 4339 -15 -16
1481100728780 100 4339 -15 -16
1481100749624 100 4339 -15 -26
1481100770470 100 4339 -19 -36
1481100791314 100 4339 -19 -36
1481100812160 100 4335 -23 -24
1481100833003 100 4339 -46 -31
1481100853845 100 4339 -46 -31
1481100874690 100 4339 -15 -30
1481100895535 100 4339 -62 -36
1481100916381 100 4328 -15 -37
1481100937217 100 4328 -15 -37
1481100955181 100 4339 -15 -20
1481100958045 100 4339 -15 -20
1481100978888 100 4339 -15 -16
1481100999733 100 4339 -15 -16
1481101020580 100 4339 -15 -15
1481101041425 100 4335 -15 -15
1481101062268 100 4335 -15 -15
1481101083114 100 4335 -15 -15
1481101103957 100 4335 -15 -15
1481101124803 100 4335 -15 -15
1481101145660 100 4339 -19 -16
1481101166505 100 4339 -15 -16
1481101187352 100 4339 -23 -18
1481101208196 100 4339 -23 -18
1481101229042 100 4332 -62 -36
1481101249884 100 4339 -15 -37
1481101255184 100 4339 -15 -37
1481101270721 100 4339 -15 -37
1481101291566 100 4335 -15 -20
1481101312410 100 4339 -15 -16
1481101333254 100 4339 -15 -16
1481101354101 100 4335 -15 -15
1481101374945 100 4335 -15 -15
1481101395791 100 4335 -15 -15
1481101416628 100 4335 -15 -15
1481101437471 100 4339 -15 -26
1481101458317 100 4335 -15 -35
1481101479163 100 4335 -15 -35
1481101500008 100 4335 -15 -20
1481101520853 100 4335 -42 -26
1481101541699 100 4335 -42 -26
1481101555176 100 4335 -15 -27
1481101562531 100 4335 -15 -27
1481101583376 100 4335 -15 -18
1481101604219 100 4335 -15 -18
1481101625063 100 4339 -31 -21
1481101645908 100 4339 -23 -25
1481101666753 100 4339 -23 -25
1481101687597 100 4332 -15 -20
1481101708439 100 4332 -15 -16
1481101729283 100 4335 -15 -15
1481101750130 100 4335 -15 -15
1481101770974 100 4335 -15 -15
1481101791820 100 4335 -15 -15
1481101812665 100 4335 -15 -15
1481101833508 100 4335 -35 -22
1481101854354 100 4335 -15 -24
1481101855267 100 4335 -15 -24
1481101875197 100 4335 -15 -24
1481101896041 100 4332 -23 -20
1481101916882 100 4332 -15 -19
1481101937725 100 4332 -15 -19
1481101958570 100 4335 -15 -16
1481101979414 100 4332 -15 -15
1481102000259 100 4332 -23 -18
1481102021102 100 4332 -23 -18
1481102041944 100 4332 -105 -52
1481102062789 100 4332 -15 -58
1481102083634 100 4332 -15 -58
1481102104477 100 4335 -19 -27
1481102125322 100 4332 -35 -27
1481102146167 100 4332 -35 -27
1481102155181 100 4332 -15 -25
1481102167000 100 4332 -15 -25
1481102187845 100 4332 -15 -17
1481102208691 100 4332 -15 -17
1481102229535 100 4332 -15 -15
1481102250379 100 4332 -15 -15
1481102271225 100 4335 -15 -15
1481102292070 100 4335 -15 -15
1481102312915 100 4335 -15 -15
1481102333760 100 4335 -15 -15
1481102354596 100 4335 -15 -15
1481102375442 100 4335 -15 -15
1481102396284 100 4332 -15 -15
1481102417110 100 4332 -15 -15
1481102437948 100 4328 -35 -22
1481102455174 100 4335 -19 -25
1481102458776 100 4335 -19 -25
1481102479623 100 4335 -19 -25
1481102500469 100 4332 -15 -19
1481102521313 100 4332 -15 -16
1481102542159 100 4332 -15 -15
1481102562989 100 4332 -15 -15
1481102583843 100 4332 -15 -15
1481102604688 100 4332 -15 -15
1481102625533 100 4332 -15 -15
1481102646379 100 4332 -15 -15
1481102667225 100 4332 -27 -19
1481102688070 100 4332 -27 -19
1481102708913 100 4332 -19 -22
1481102729760 100 4335 -15 -18
1481102750597 100 4335 -15 -15
1481102755175 100 4335 -15 -15
1481102771426 100 4335 -15 -15
1481102792270 100 4332 -15 -15
1481102813112 100 4335 -19 -16
1481102833956 100 4335 -19 -16
1481102854802 100 4320 -15 -16
1481102875646 100 4328 -15 -15
1481102896492 100 4328 -15 -15
1481102917336 100 4332 -15 -15
1481102938181 100 4332 -15 -15
1481102959018 100 4332 -15 -15
1481102979863 100 4335 -15 -15
1481103000709 100 4332 -15 -15
1481103021554 100 4332 -15 -15
1481103042401 100 4332 -15 -15
1481103055215 100 4328 -15 -15
1481103063233 100 4328 -15 -15
1481103084075 100 4335 -15 -15
1481103104917 100 4335 -15 -15
1481103125763 100 4335 -15 -15
1481103146608 100 4332 -15 -15
1481103167454 100 4332 -15 -15
1481103188296 99 4335 -15 -15
1481103209138 99 4332 -15 -28
1481103229982 99 4332 -15 -28
1481103250825 99 4335 -15 -38
1481103271671 99 4335 -15 -20
1481103292515 99 4328 -31 -22
1481103313360 99 4328 -31 -22
1481103334202 99 4335 -15 -22
1481103355045 99 4281 -15 -16
1481103355203 99 4281 -15 -16
1481103375886 99 4281 -15 -16
1481103396731 99 4332 -15 -15
1481103417577 99 4332 -15 -15
1481103438419 99 4332 -15 -15
1481103459259 99 4332 -15 -15
1481103480101 99 4332 -15 -15
1481103500944 99 4332 -15 -15
1481103521789 99 4332 -15 -15
1481103542634 99 4335 -15 -15
1481103563478 99 4332 -15 -15
1481103584323 99 4332 -15 -15
1481103605165 99 4332 -15 -15
1481103626009 99 4320 -15 -15
1481103646855 99 4320 -15 -15
1481103655181 99 4332 -15 -15
1481103667692 99 4332 -15 -15
1481103688536 99 4328 -15 -15
1481103709381 99 4328 -15 -15
1481103730227 99 4328 -15 -15
1481103751071 99 4332 -15 -15
1481103771913 99 4332 -15 -15
1481103792761 99 4328 -15 -15
1481103813604 99 4328 -15 -15
1481103834445 99 4332 -19 -16
1481103855288 99 4332 -19 -16
1481103876125 99 4332 -15 -16
1481103896969 99 4332 -15 -15
1481103917812 99 4332 -15 -15
1481103938652 99 4328 -15 -15
1481103955176 99 4332 -15 -15
1481103959482 99 4332 -15 -15
1481103980324 99 4332 -15 -15
1481104001170 99 4332 -15 -15
1481104022013 99 4328 -15 -15
1481104042859 99 4328 -15 -15
1481104063704 99 4328 -15 -15
1481104084551 99 4328 -15 -15
1481104105398 99 4328 -15 -15
1481104126244 99 4328 -15 -15
1481104147090 99 4328 -15 -15
1481104167933 99 4332 -15 -15
1481104188777 99 4332 -15 -15
1481104209623 99 4332 -15 -15
1481104230468 99 4328 -19 -16
1481104251314 99 4328 -19 -16
1481104255182 99 4332 -15 -16
1481104272157 99 4332 -15 -16
1481104292999 99 4332 -35 -22
1481104313844 99 4332 -35 -22
1481104334687 99 4332 -15 -24
1481104355533 99 4332 -15 -17
1481104376380 99 4328 -15 -15
1481104397225 99 4328 -15 -15
1481104418071 99 4328 -15 -15
1481104438912 99 4332 -15 -15
1481104459757 99 4332 -15 -15
1481104480601 99 4332 -15 -15
1481104501447 99 4332 -15 -15
1481104522293 99 4332 -15 -15
1481104543139 99 4328 -15 -15
1481104555254 99 4328 -15 -15
1481104563972 99 4328 -15 -15
1481104584817 99 4328 -15 -15
1481104605662 99 4328 -15 -15
1481104626509 99 4332 -19 -16
1481104647355 99 4332 -15 -16
1481104668200 99 4332 -15 -16
1481104689045 99 4328 -23 -18
1481104709890 99 4328 -15 -18
1481104730735 99 4328 -15 -18
1481104751578 99 4328 -50 -28
1481104772420 99 4328 -15 -31
1481104793263 99 4328 -15 -31
1481104814108 99 4328 -15 -19
1481104834952 99 4332 -15 -16
1481104855179 99 4332 -15 -16
1481104855778 99 4332 -15 -16
1481104876621 99 4320 -15 -15
1481104897466 99 4332 -15 -15
1481104918312 99 4332 -15 -15
1481104939157 99 4332 -15 -15
1481104959999 99 4332 -15 -15
1481104980832 99 4332 -15 -15
1481105001678 99 4332 -15 -15
1481105022524 99 4332 -15 -15
1481105043368 99 4332 -15 -15
1481105064212 99 4332 -15 -15
1481105085057 99 4328 -15 -15
1481105105899 99 4328 -15 -15
1481105126740 99 4328 -15 -15
1481105147584 99 4328 -15 -15
1481105155173 99 4328 -15 -15
1481105168425 99 4328 -15 -15
1481105189248 99 4332 -19 -16
1481105210093 99 4332 -19 -16
1481105230937 99 4324 -15 -16
1481105251782 99 4328 -15 -15
1481105272628 99 4328 -15 -15
1481105293471 99 4328 -15 -15
1481105314317 99 4328 -15 -15
1481105335163 99 4328 -15 -15
1481105355997 99 4328 -23 -18
1481105376842 99 4332 -15 -18
1481105397677 99 4328 -19 -17
1481105418522 99 4328 -19 -17
1481105439356 99 4328 -15 -17
1481105455180 99 4328 -15 -17
1481105460184 99 4328 -15 -15
1481105481025 99 4328 -15 -15
1481105501867 99 4328 -15 -15
1481105522711 99 4328 -15 -15
1481105543556 99 4328 -15 -15
1481105564401 99 4328 -15 -15
1481105585244 99 4328 -15 -15
1481105606082 99 4328 -15 -15
1481105626927 99 4328 -15 -15
1481105647772 99 4324 -15 -15
1481105668618 99 4328 -15 -15
1481105689461 99 4328 -15 -15
1481105710306 99 4324 -15 -15
1481105731152 99 4324 -15 -27
1481105751994 99 4324 -15 -27
1481105755179 99 4324 -15 -27
1481105772833 99 4328 -15 -36
1481105793678 99 4324 -15 -20
1481105814520 99 4324 -15 -20
1481105835364 99 4328 -19 -17
1481105856206 99 4328 -15 -17
1481105877048 99 4328 -15 -17
1481105897893 99 4328 -15 -15
1481105918738 99 4328 -15 -15
1481105939583 99 4328 -15 -15
1481105960430 99 4328 -15 -15
1481105981271 99 4328 -15 -15
1481106002116 99 4324 -15 -15
1481106022958 99 4324 -15 -15
1481106043805 99 4328 -15 -15
1481106055179 99 4328 -15 -15
1481106064644 99 4328 -15 -15
1481106085485 99 4328 -15 -15
1481106106331 99 4324 -15 -15
1481106127178 99 4324 -19 -16
1481106148020 99 4324 -19 -16
1481106168863 99 4324 -15 -16
1481106189709 99 4328 -15 -15
1481106210552 99 4328 -15 -15
1481106231398 99 4328 -15 -15
1481106252244 99 4328 -15 -15
1481106273090 99 4328 -15 -15
1481106293932 99 4328 -15 -15
1481106314777 99 4324 -15 -15
1481106335618 99 4324 -23 -18
1481106355176 99 4324 -23 -18
1481106356444 99 4324 -23 -18
1481106377289 99 4324 -15 -18
1481106398135 99 4328 -27 -20
1481106418980 99 4328 -27 -20
1481106439825 99 4328 -23 -23
1481106460667 99 4324 -15 -20
1481106481512 99 4328 -15 -16
1481106502357 99 4328 -15 -16
1481106523203 99 4324 -15 -15
1481106544048 99 4328 -31 -21
1481106564891 99 4328 -31 -21
1481106585737 99 4328 -15 -22
1481106606582 99 4324 -15 -16
1481106627427 99 4324 -15 -16
1481106648269 99 4324 -15 -15
1481106655177 99 4324 -15 -15
1481106669105 99 4320 -93 -44
1481106689950 99 4320 -93 -44
1481106710800 99 4328 -15 -51
1481106731644 99 4320 -27 -28
1481106752490 99 4324 -15 -22
1481106773336 99 4324 -15 -22
1481106794181 99 4328 -93 -46
1481106815024 99 4324 -15 -52
1481106835869 99 4324 -15 -52
1481106856715 99 4328 -27 -28
1481106877561 99 4324 -15 -22
1481106898412 99 4324 -15 -22
1481106919257 99 4328 -15 -16
1481106940099 99 4328 -15 -15
1481106955180 99 4328 -15 -15
1481106960931 99 4328 -15 -15
1481106981771 99 4324 -15 -15
1481107002616 99 4324 -15 -15
1481107023459 99 4328 -15 -15
1481107044304 99 4328 -15 -15
1481107065148 99 4324 -15 -15
1481107085988 99 4328 -15 -15
1481107106830 99 4328 -15 -15
1481107127677 99 4324 -15 -15
1481107148522 99 4324 -31 -21
1481107169367 99 4324 -31 -21
1481107190213 99 4328 -15 -22
1481107211057 99 4324 -15 -16
1481107231900 99 4324 -15 -16
1481107252744 99 4328 -15 -15
1481107255291 99 4328 -15 -15
1481107273588 99 4324 -15 -15
1481107294430 99 4328 -15 -15
1481107315274 99 4328 -15 -15
1481107336118 99 4328 -15 -15
1481107356959 99 4324 -35 -22
1481107377804 99 4324 -35 -22
1481107398648 99 4324 -31 -30
1481107419487 99 4324 -23 -27
1481107440332 99 4324 -23 -27
1481107461176 99 4320 -15 -21
1481107482018 99 4324 -15 -16
1481107502863 99 4324 -15 -16
1481107523709 99 4328 -15 -15
1481107544554 99 4320 -15 -15
1481107555177 99 4320 -15 -15
1481107565386 99 4320 -15 -15
1481107586230 99 4320 -15 -15
1481107607076 99 4324 -15 -15
1481107627921 99 4324 -15 -15
1481107648765 99 4324 -15 -15
1481107669610 99 4324 -46 -26
1481107690454 99 4324 -15 -29
1481107711298 99 4324 -15 -29
1481107732143 99 4324 -15 -18
1481107752986 99 4320 -31 -21
1481107773827 99 4324 -15 -22
1481107794673 99 4324 -15 -22
1481107815516 99 4324 -15 -16
1481107836355 99 4320 -15 -15
1481107855169 99 4320 -15 -15
1481107857179 99 4320 -15 -15
1481107878021 99 4320 -15 -15
1481107898865 99 4324 -15 -15
1481107919711 99 4324 -15 -15
1481107940555 99 4324 -23 -18
1481107961395 99 4320 -15 -18
1481107982241 99 4320 -15 -18
1481108003085 99 4320 -15 -15
1481108023927 99 4324 -15 -15
1481108044774 99 4324 -19 -16
1481108065616 99 4324 -19 -16
1481108086463 99 4324 -27 -21
1481108107307 99 4320 -39 -30
1481108128150 99 4320 -39 -30
1481108148991 99 4324 -15 -27
1481108155180 99 4324 -15 -27
1481108169829 99 4320 -15 -18
1481108190674 99 4320 -15 -18
1481108211521 99 4320 -15 -15
1481108232366 99 4324 -15 -15
1481108253208 99 4324 -15 -15
1481108274053 99 4320 -15 -15
1481108294899 99 4324 -23 -18
1481108315744 99 4324 -31 -24
1481108336590 99 4324 -31 -24
1481108357435 99 4320 -15 -23
1481108378281 99 4320 -15 -17
1481108399127 99 4320 -15 -17
1481108419970 99 4320 -15 -15
1481108440814 99 4320 -15 -15
1481108455179 99 4320 -15 -15
1481108461642 99 4320 -15 -15
1481108482484 99 4320 -15 -15
1481108503329 99 4320 -15 -15
1481108524175 99 4320 -15 -15
1481108545017 99 4320 -15 -15
1481108565863 99 4324 -15 -15
1481108586708 99 4320 -15 -15
1481108607553 99 4320 -15 -15
1481108628399 99 4324 -15 -15
1481108649245 99 4320 -15 -15
1481108670090 99 4320 -15 -15
1481108690934 99 4324 -15 -15
1481108711779 99 4320 -15 -15
1481108732625 99 4320 -15 -15
1481108753471 99 4320 -15 -15
1481108755166 99 4320 -15 -15
1481108774314 99 4324 -15 -15
1481108795155 99 4324 -15 -15
1481108816004 99 4324 -62 -32
1481108836833 99 4324 -15 -36
1481108857679 99 4320 -15 -20
1481108878524 99 4320 -15 -20
1481108899370 99 4320 -15 -16
1481108920216 99 4324 -15 -15
1481108941060 99 4324 -15 -15
1481108961904 99 4316 -19 -16
1481108982750 99 4320 -27 -21
1481109003592 99 4320 -27 -21
1481109024437 99 4320 -15 -21
1481109045280 99 4320 -15 -16
1481109055224 99 4320 -15 -16
1481109066116 99 4320 -15 -16
1481109086957 99 4312 -50 -28
1481109107799 99 4320 -15 -31
1481109128644 99 4320 -15 -19
1481109149490 99 4320 -15 -19
1481109170334 98 4324 -15 -16
1481109191181 98 4324 -15 -15
1481109212018 98 4324 -15 -15
1481109232861 98 4324 -46 -26
1481109253706 98 4320 -15 -29
1481109274551 98 4320 -15 -29
1481109295397 98 4320 -23 -21
1481109316241 98 4320 -15 -19
1481109337078 98 4320 -15 -19
1481109355199 98 4316 -15 -16
1481109357902 98 4316 -15 -16
1481109378749 98 4320 -15 -15
1481109399595 98 4320 -15 -15
1481109420438 98 4320 -15 -15
1481109441279 98 4316 -15 -15
1481109462122 98 4316 -15 -15
1481109482967 98 4316 -15 -15
1481109503812 98 4316 -23 -18
1481109524658 98 4320 -15 -18
1481109545503 98 4320 -15 -18
1481109566349 98 4316 -15 -15
1481109587193 98 4320 -15 -15
1481109608037 98 4320 -15 -15
1481109628882 98 4312 -23 -18
1481109649727 98 4320 -15 -18
1481109655174 98 4320 -15 -18
1481109670567 98 4320 -23 -18
1481109691412 98 4320 -23 -18
1481109712258 98 4320 -15 -18
1481109733104 98 4316 -15 -15
1481109753948 98 4316 -15 -15
1481109774792 98 4316 -15 -15
1481109795636 98 4320 -15 -15
1481109816481 98 4320 -15 -15
1481109837326 98 4320 -31 -21
1481109858171 98 4316 -35 -30
1481109879007 98 4316 -35 -30
1481109899852 98 4308 -15 -26
1481109920698 98 4320 -15 -17
1481109941543 98 4320 -15 -15
1481109955193 98 4320 -15 -15
1481109962376 98 4320 -15 -15
1481109983221 98 4320 -15 -15
1481110004064 98 4320 -19 -16
1481110024908 98 4320 -19 -16
1481110045753 98 4320 -15 -16
1481110066598 98 4320 -15 -15
1481110087443 98 4320 -15 -15
1481110108283 98 4320 -15 -15
1481110129128 98 4316 -15 -15
1481110149972 98 4316 -35 -22
1481110170817 98 4316 -35 -22
1481110191661 98 4316 -15 -24
1481110212504 98 4316 -19 -18
1481110233347 98 4316 -19 -18
1481110254190 98 4316 -19 -18
1481110255181 98 4316 -19 -18
1481110275033 98 4316 -19 -18
1481110295879 98 4316 -19 -18
1481110316724 98 4316 -15 -17
1481110337570 98 4316 -15 -15
1481110358415 98 4316 -15 -15
1481110379258 98 4316 -15 -15
1481110400104 98 4316 -15 -15
1481110420947 98 4316 -15 -15
1481110441791 98 4316 -15 -15
1481110462637 98 4316 -15 -15
1481110483483 98 4320 -15 -15
1481110504318 98 4320 -15 -15
1481110525164 98 4320 -15 -15
1481110546008 98 4320 -15 -15
1481110555176 98 4320 -15 -15
1481110566847 98 4320 -15 -15
1481110587693 98 4316 -31 -21
1481110608538 98 4320 -15 -22
1481110629384 98 4320 -15 -22
1481110650226 98 4320 -23 -19
1481110671068 98 4316 -15 -19
1481110691911 98 4312 -15 -16
1481110712756 98 4312 -15 -16
1481110733601 98 4316 -15 -15
1481110754446 98 4316 -15 -15
1481110775291 98 4316 -15 -15
1481110796135 98 4320 -42 -24
1481110816976 98 4320 -15 -27
1481110837812 98 4320 -15 -27
1481110855174 98 4320 -15 -18
1481110858641 98 4320 -15 -18
1481110879486 98 4316 -15 -15
1481110900331 98 4316 -15 -15
1481110921175 98 4316 -39 -24
1481110942016 98 4316 -15 -26
1481110962860 98 4320 -15 -17
1481110983705 98 4320 -15 -17
1481111004550 98 4312 -19 -17
1481111025396 98 4320 -23 -20
1481111046239 98 4320 -23 -20
1481111067085 98 4320 -15 -19
1481111087930 98 4320 -15 -16
1481111108776 98 4320 -15 -16
1481111129622 98 4320 -23 -18
1481111150467 98 4316 -15 -18
1481111155175 98 4316 -15 -18
1481111171307 98 4316 -15 -18
1481111192153 98 4320 -19 -17
1481111212995 98 4316 -15 -17
1481111233842 98 4320 -31 -21
1481111254688 98 4320 -31 -21
1481111275525 98 4316 -15 -22
1481111296372 98 4316 -15 -16
1481111317218 98 4316 -15 -16
1481111338063 98 4320 -15 -15
1481111358906 98 4316 -15 -15
1481111379751 98 4316 -15 -15
1481111400596 98 4312 -27 -19
1481111421442 98 4316 -15 -20
1481111442285 98 4316 -15 -20
1481111455178 98 4312 -19 -17
1481111463120 98 4312 -19 -17
1481111483962 98 4316 -15 -17
1481111504808 98 4312 -15 -15
1481111525654 98 4312 -15 -15
1481111546500 98 4312 -15 -15
1481111567344 98 4312 -19 -16
1481111588188 98 4312 -19 -16
1481111609032 98 4312 -15 -16
1481111629878 98 4312 -15 -15
1481111650724 98 4312 -15 -15
1481111671570 98 4312 -42 -24
1481111692416 98 4312 -15 -27
1481111713249 98 4312 -15 -27
1481111734090 98 4316 -78 -41
1481111754935 98 4316 -15 -44
1481111755178 98 4316 -15 -44
1481111775782 98 4316 -15 -22
1481111796627 98 4316 -15 -22
1481111817473 98 4312 -15 -16
1481111838317 98 4312 -15 -15
1481111859163 98 4312 -15 -15
1481111880007 98 4316 -19 -16
1481111900852 98 4316 -15 -16
1481111921696 98 4316 -15 -16
1481111942541 98 4316 -15 -15
1481111963386 98 4316 -39 -24
1481111984231 98 4316 -39 -24
1481112005076 98 4316 -15 -26
1481112025919 98 4312 -15 -17
1481112046765 98 4316 -15 -15
1481112055267 98 4316 -15 -15
1481112067602 98 4316 -15 -15
1481112088448 98 4316 -15 -15
1481112109292 98 4308 -15 -15
1481112130137 98 4308 -15 -15
1481112150982 98 4312 -15 -15
1481112171828 98 4312 -15 -15
1481112192673 98 4312 -15 -15
1481112213517 98 4312 -15 -15
1481112234362 98 4316 -19 -16
1481112255205 98 4316 -19 -16
1481112276049 98 4316 -15 -16
1481112296894 98 4316 -15 -15
1481112317738 98 4308 -19 -16
1481112338577 98 4308 -19 -16
1481112355179 98 4316 -15 -16
1481112359406 98 4316 -15 -16
1481112380248 98 4316 -15 -15
1481112401093 98 4316 -15 -15
1481112421936 98 4316 -31 -21
1481112442781 98 4312 -46 -33
1481112463625 98 4312 -46 -33
1481112484470 98 4316 -15 -30
1481112505315 98 4312 -15 -18
1481112526158 98 4316 -15 -15
1481112547000 98 4316 -15 -15
1481112567842 98 4312 -19 -16
1481112588687 98 4308 -15 -16
1481112609529 98 4308 -15 -16
1481112630372 98 4304 -62 -32
1481112651217 98 4312 -15 -36
1481112655177 98 4312 -15 -36
1481112672058 98 4312 -15 -36
1481112692902 98 4312 -15 -20
1481112713747 98 4316 -15 -16
1481112734599 98 4316 -15 -16
1481112755443 98 4312 -15 -15
1481112776286 98 4312 -15 -15
1481112797129 98 4312 -15 -15
1481112817973 98 4312 -15 -15
1481112838819 98 4316 -15 -15
1481112859664 98 4316 -19 -16
1481112880497 98 4316 -19 -16
1481112901343 98 4316 -15 -16
1481112922188 98 4312 -35 -22
1481112943028 98 4312 -35 -22
1481112955188 98 4312 -15 -24
1481112963862 98 4312 -15 -24
1481112984708 98 4316 -15 -17
1481113005553 98 4316 -15 -17
1481113026399 98 4312 -15 -15
1481113047245 98 4312 -15 -15
1481113068090 98 4312 -15 -15
1481113088928 98 4312 -15 -15
1481113109769 98 4316 -27 -19
1481113130615 98 4312 -15 -20
1481113151457 98 4312 -15 -20
1481113172300 98 4312 -15 -16
1481113193145 98 4316 -15 -15
1481113213990 98 4316 -15 -15
1481113234836 98 4312 -58 -30
1481113255177 98 4312 -31 -40
1481113255661 98 4312 -31 -40
1481113276501 98 4312 -31 -40
1481113297345 98 4316 -15 -27
1481113318191 98 4312 -15 -18
1481113339032 98 4312 -15 -15
1481113359877 98 4312 -15 -15
1481113380722 98 4312 -15 -15
1481113401568 98 4312 -35 -22
1481113422413 98 4312 -35 -22
1481113443257 98 4312 -27 -28
1481113464101 98 4312 -15 -22
1481113484946 98 4312 -15 -22
1481113505792 98 4312 -19 -18
1481113526639 98 4312 -35 -24
1481113547485 98 4312 -35 -24
1481113555180 98 4308 -15 -24
1481113568323 98 4308 -15 -24
1481113589170 98 4308 -15 -17
1481113610013 98 4308 -15 -15
1481113630859 98 4308 -15 -15
1481113651682 98 4308 -15 -15
1481113672527 98 4308 -31 -21
1481113693374 98 4308 -31 -21
1481113714220 98 4308 -15 -22
1481113735062 98 4312 -15 -16
1481113755907 98 4312 -15 -16
1481113776752 98 4308 -15 -15
1481113797597 98 4308 -15 -15
1481113818440 98 4308 -15 -15
1481113839276 98 4304 -35 -22
1481113855176 98 4308 -15 -24
1481113860105 98 4308 -15 -24
1481113880951 98 4308 -15 -17
1481113901796 98 4308 -15 -17
1481113922640 98 4308 -15 -15
1481113943482 98 4312 -23 -18
1481113964324 98 4312 -23 -18
1481113985169 98 4312 -15 -18
1481114006012 98 4312 -15 -15
1481114026856 98 4312 -15 -15
1481114047702 98 4308 -15 -15
1481114068547 98 4308 -15 -15
1481114089392 98 4308 -15 -15
1481114110237 98 4308 -15 -15
1481114131082 98 4312 -15 -15
1481114151929 98 4308 -15 -15
1481114155176 98 4308 -15 -15
1481114172773 98 4308 -15 -15
1481114193616 98 4308 -15 -15
1481114214462 98 4312 -82 -39
1481114235306 98 4312 -82 -39
1481114256151 98 4308 -15 -45
1481114276997 98 4312 -15 -22
1481114297839 98 4312 -15 -22
1481114318685 98 4312 -15 -16
1481114339531 98 4308 -15 -15
1481114360377 98 4308 -15 -15
1481114381223 98 4308 -15 -15
1481114402058 98 4308 -15 -15
1481114422904 98 4312 -31 -21
1481114443747 98 4312 -31 -21
1481114455253 98 4312 -15 -22
1481114464582 98 4312 -15 -22
1481114485427 98 4312 -15 -16
1481114506271 98 4312 -15 -16
1481114527115 98 4308 -46 -26
1481114547946 98 4308 -15 -29
1481114568795 98 4308 -15 -29
1481114589641 98 4308 -15 -18
1481114610485 98 4312 -15 -15
1481114631331 98 4312 -15 -15
1481114652175 98 4308 -15 -15
1481114673018 98 4312 -15 -15
1481114693864 98 4308 -15 -15
1481114714707 98 4308 -15 -15
1481114735548 98 4308 -15 -15
1481114755176 98 4312 -15 -15
1481114756374 98 4312 -15 -15
1481114777219 98 4312 -15 -15
1481114798058 98 4312 -15 -15
1481114818903 98 4308 -15 -15
1481114839750 98 4308 -15 -15
1481114860586 98 4312 -15 -15
1481114881433 98 4312 -15 -15
1481114902278 98 4312 -15 -15
1481114923122 98 4312 -15 -15
1481114943965 98 4308 -15 -15
1481114964811 98 4308 -15 -15
1481114985655 98 4308 -15 -15
1481115006501 98 4312 -23 -18
1481115027346 98 4308 -50 -31
1481115048189 98 4308 -50 -31
1481115055179 98 4312 -15 -31
1481115069025 98 4312 -15 -31
1481115089871 98 4296 -15 -19
1481115110716 98 4296 -15 -19
1481115131562 98 4308 -15 -16
1481115152406 98 4312 -19 -16
1481115173246 98 4308 -15 -16
1481115194091 98 4308 -15 -16
1481115214937 98 4308 -15 -15
1481115235782 98 4308 -15 -15
1481115256628 98 4308 -15 -15
1481115277474 98 4312 -23 -18
1481115298320 98 4308 -19 -20
1481115319166 98 4308 -19 -20
1481115340009 98 4308 -15 -17
1481115355178 98 4308 -15 -15
1481115360843 98 4308 -15 -15
1481115381687 98 4308 -15 -15
1481115402534 98 4308 -15 -15
1481115423379 98 4308 -15 -15
1481115444225 98 4312 -15 -15
1481115465069 98 4312 -15 -15
1481115485910 98 4308 -19 -16
1481115506754 98 4312 -15 -16
1481115527600 98 4312 -15 -16
1481115548444 98 4308 -35 -22
1481115569288 98 4312 -15 -24
1481115590133 98 4312 -15 -24
1481115610977 98 4308 -15 -17
1481115631823 98 4304 -15 -15
1481115652668 98 4304 -15 -15
1481115655166 98 4304 -15 -15
1481115673512 98 4304 -15 -15
1481115694357 98 4304 -15 -15
1481115715203 98 4308 -15 -15
1481115736047 98 4308 -15 -15
1481115756891 98 4308 -23 -18
1481115777736 98 4308 -15 -18
1481115798578 98 4308 -15 -18
1481115819422 98 4308 -15 -15
1481115840259 98 4308 -15 -15
1481115861102 98 4308 -15 -15
1481115881947 98 4304 -15 -15
1481115902792 98 4304 -27 -19
1481115923636 98 4304 -27 -19
1481115944482 98 4304 -15 -20
1481115955176 98 4304 -15 -16
1481115965315 98 4304 -15 -16
1481115986158 98 4308 -15 -15
1481116006998 98 4308 -15 -15
1481116027844 98 4308 -15 -15
1481116048689 98 4304 -15 -15
1481116069535 98 4304 -15 -15
1481116090381 98 4304 -15 -15
1481116111225 98 4308 -15 -15
1481116132066 98 4308 -15 -15
1481116152912 98 4308 -19 -16
1481116173758 98 4304 -15 -16
1481116194603 98 4304 -15 -16
1481116215427 98 4308 -15 -15
1481116236259 98 4308 -15 -15
1481116255213 98 4308 -15 -15
1481116257085 98 4308 -15 -15
1481116277929 98 4308 -15 -15
1481116298775 98 4308 -15 -15
1481116319621 98 4308 -46 -26
1481116340465 98 4308 -46 -26
1481116361310 98 4308 -31 -35
1481116382149 98 4304 -19 -27
1481116402991 98 4304 -19 -27
1481116423836 98 4308 -23 -22
1481116444678 98 4304 -15 -19
1481116465524 98 4304 -15 -19
1481116486367 98 4304 -15 -16
1481116507213 98 4296 -19 -16
1481116528048 98 4304 -15 -16
1481116548892 98 4304 -15 -16
1481116555285 98 4304 -15 -16
1481116569732 98 4308 -15 -15
1481116590577 98 4304 -31 -21
1481116611422 98 4304 -31 -21
1481116632266 98 4304 -15 -22
1481116653110 98 4304 -15 -16
1481116673954 98 4304 -15 -16
1481116694800 98 4308 -15 -15
1481116715644 98 4308 -15 -15
1481116736500 98 4308 -15 -15
1481116757342 97 4304 -15 -15
1481116778189 97 4300 -31 -21
1481116799033 97 4308 -15 -22
1481116819879 97 4308 -15 -22
1481116840723 97 4308 -15 -16
1481116855179 97 4308 -15 -16
1481116861552 97 4304 -15 -15
1481116882397 97 4304 -15 -15
1481116903240 97 4308 -15 -15
1481116924084 97 4304 -15 -15
1481116944929 97 4304 -15 -15
1481116965772 97 4304 -15 -15
1481116986617 97 4308 -15 -15
1481117007462 97 4308 -15 -15
1481117028305 97 4304 -15 -15
1481117049147 97 4281 -15 -15
1481117069990 97 4304 -15 -15
1481117090834 97 4304 -15 -15
1481117111679 97 4289 -15 -15
1481117132524 97 4308 -15 -15
1481117153371 97 4308 -15 -15
1481117155182 97 4308 -15 -15
1481117174215 97 4292 -15 -15
1481117195059 97 4304 -15 -15
1481117215902 97 4304 -15 -15
1481117236749 97 4289 -117 -53
1481117257595 97 4304 -15 -62
1481117278438 97 4289 -117 -65
1481117299276 97 4289 -117 -65
1481117320117 97 4296 -27 -70
1481117340963 97 4289 -117 -71
1481117361809 97 4289 -117 -71
1481117382637 97 4304 -15 -67
1481117403484 97 4285 -27 -32
1481117424323 97 4285 -27 -32
1481117445169 97 4304 -19 -25
1481117455181 97 4304 -19 -25
1481117466001 97 4289 -15 -19
1481117486847 97 4289 -15 -19
1481117507692 97 4304 -15 -16
1481117528538 97 4292 -15 -15
1481117549380 97 4304 -15 -15
1481117570224 97 4304 -15 -15
1481117591067 97 4285 -74 -36
1481117611912 97 4304 -46 -54
1481117632758 97 4304 -46 -54
1481117653602 97 4304 -23 -39
1481117674445 97 4300 -19 -25
1481117695288 97 4300 -19 -25
1481117716122 97 4300 -132 -62
1481117736961 97 4300 -15 -70
1481117755178 97 4300 -15 -70
1481117757797 97 4300 -15 -70
1481117778642 97 4300 -109 -46
1481117799488 97 4300 -35 -39
1481117820333 97 4304 -23 -31
1481117841178 97 4304 -23 -31
1481117862010 97 4304 -15 -22
1481117882855 97 4300 -15 -16
1481117903701 97 4300 -15 -16
1481117924543 97 4304 -23 -18
1481117945386 97 4300 -15 -18
1481117966229 97 4300 -15 -18
1481117987068 97 4304 -15 -15
1481118007913 97 4304 -179 -76
1481118028756 97 4304 -179 -76
1481118049602 97 4300 -19 -93
1481118055219 97 4300 -19 -93
1481118070442 97 4300 -27 -40
1481118091283 97 4300 -31 -31
1481118112127 97 4300 -31 -31
1481118132973 97 4300 -23 -28
1481118153817 97 4300 -15 -21
1481118174663 97 4300 -15 -21
1481118195508 97 4300 -23 -19
1481118216353 97 4300 -15 -19
1481118237199 97 4300 -15 -19
1481118258042 97 4300 -15 -16
1481118278887 97 4296 -15 -15
1481118299732 97 4296 -15 -15
1481118320579 97 4300 -15 -15
1481118341425 97 4304 -15 -15
1481118355181 97 4304 -15 -15
1481118362257 97 4304 -15 -15
1481118383099 97 4304 -15 -15
1481118403944 97 4296 -15 -15
1481118424789 97 4300 -97 -45
1481118445633 97 4300 -97 -45
1481118466475 97 4304 -15 -53
1481118487321 97 4304 -23 -27
1481118508166 97 4304 -23 -27
1481118529010 97 4300 -15 -21
1481118549856 97 4304 -15 -16
1481118570697 97 4304 -15 -16
1481118591539 97 4304 -15 -15
1481118612385 97 4300 -15 -15
1481118633230 97 4300 -15 -15
1481118654068 97 4300 -15 -15
1481118655177 97 4300 -15 -15
1481118674914 97 4304 -15 -15
1481118695756 97 4300 -19 -16
1481118716602 97 4300 -19 -16
1481118737446 97 4300 -19 -18
1481118758291 97 4304 -15 -17
1481118779136 97 4304 -15 -17
1481118799981 97 4300 -15 -26
1481118820826 97 4304 -19 -35
1481118841673 97 4304 -19 -35
1481118862519 97 4304 -23 -24
1481118883365 97 4300 -15 -20
1481118904209 97 4296 -27 -20
1481118925053 97 4296 -27 -20
1481118945898 97 4304 -15 -20
1481118955178 97 4304 -15 -20
1481118966744 97 4304 -15 -16
1481118987591 97 4304 -15 -16
1481119008434 97 4300 -23 -18
1481119029278 97 4300 -15 -18
1481119050120 97 4300 -15 -18
1481119070962 97 4304 -15 -15
1481119091807 97 4304 -23 -18
1481119112652 97 4304 -23 -18
1481119133498 97 4300 -23 -21
1481119154343 97 4300 -15 -19
1481119175188 97 4300 -15 -16
1481119196033 97 4300 -15 -16
1481119216875 97 4300 -15 -15
1481119237712 97 4296 -23 -18
1481119255303 97 4296 -23 -18
1481119258541 97 4296 -23 -18
1481119279386 97 4300 -85 -45
1481119300231 97 4300 -15 -48
1481119321075 97 4300 -15 -48
1481119341920 97 4300 -31 -29
1481119362765 97 4300 -15 -24
1481119383608 97 4300 -15 -17
1481119404449 97 4300 -15 -17
1481119425289 97 4304 -15 -15
1481119446132 97 4304 -15 -15
1481119466977 97 4304 -15 -15
1481119487823 97 4300 -15 -15
1481119508667 97 4296 -19 -16
1481119529510 97 4296 -19 -16
1481119550355 97 4300 -15 -16
1481119555171 97 4300 -15 -16
1481119571196 97 4296 -15 -15
1481119592039 97 4296 -15 -15
1481119612883 97 4296 -15 -15
1481119633715 97 4292 -19 -16
1481119654560 97 4296 -15 -16
1481119675406 97 4296 -15 -16
1481119696251 97 4296 -15 -15
1481119717095 97 4300 -15 -15
1481119737939 97 4300 -15 -15
1481119758784 97 4300 -15 -15
1481119779629 97 4300 -15 -15
1481119800475 97 4300 -15 -15
1481119821321 97 4300 -15 -15
1481119842164 97 4300 -50 -27
1481119855192 97 4300 -50 -27
1481119862994 97 4300 -50 -27
1481119883839 97 4300 -31 -36
1481119904685 97 4296 -23 -29
1481119925530 97 4296 -23 -24
1481119946375 97 4296 -23 -24
1481119967221 97 4296 -23 -23
1481119988058 97 4300 -15 -20
1481120008904 97 4300 -15 -20
1481120029750 97 4296 -15 -16
1481120050593 97 4296 -15 -15
1481120071438 97 4296 -15 -15
1481120092283 97 4300 -23 -18
1481120113118 97 4296 -42 -28
1481120133962 97 4296 -42 -28
1481120154807 97 4296 -27 -32
1481120155179 97 4296 -27 -32
1481120175653 97 4296 -15 -23
1481120196498 97 4300 -15 -17
1481120217344 97 4300 -15 -17
1481120238188 97 4292 -15 -15
1481120259031 97 4296 -15 -15
1481120279875 97 4296 -15 -15
1481120300720 97 4296 -15 -15
1481120321567 97 4296 -15 -15
1481120342408 97 4296 -15 -15
1481120363255 97 4300 -15 -15
1481120384099 97 4300 -15 -15
1481120404943 97 4300 -15 -15
1481120425779 97 4296 -19 -16
1481120446624 97 4292 -15 -16
1481120455172 97 4292 -15 -16
1481120467463 97 4296 -15 -15
1481120488306 97 4296 -15 -15
1481120509150 97 4292 -23 -18
1481120529996 97 4300 -15 -18
1481120550842 97 4300 -15 -18
1481120571688 97 4296 -15 -15
1481120592533 97 4296 -15 -15
1481120613379 97 4296 -15 -15
1481120634223 97 4296 -15 -15
1481120655055 97 4296 -15 -15
1481120675901 97 4296 -15 -15
1481120696746 97 4292 -15 -15
1481120717590 97 4300 -15 -15
1481120738425 97 4300 -15 -15
1481120755179 97 4300 -15 -15
1481120759260 97 4300 -15 -15
1481120780105 97 4292 -15 -15
1481120800951 97 4300 -15 -15
1481120821796 97 4300 -15 -15
1481120842640 97 4300 -15 -15
1481120863486 97 4292 -15 -15
1481120884330 97 4292 -15 -15
1481120905172 97 4300 -15 -15
1481120926008 97 4296 -15 -15
1481120946849 97 4296 -15 -15
1481120967693 97 4296 -74 -36
1481120988539 97 4296 -15 -42
1481121009385 97 4296 -15 -21
1481121030230 97 4296 -15 -21
1481121051073 97 4296 -15 -16
1481121055179 97 4296 -15 -16
1481121071915 97 4300 -15 -15
1481121092761 97 4300 -15 -15
1481121113604 97 4300 -15 -15
1481121134450 97 4300 -15 -15
1481121155294 97 4300 -15 -15
1481121176138 97 4300 -19 -16
1481121196984 97 4300 -23 -19
1481121217829 97 4300 -23 -19
1481121238672 97 4292 -15 -19
1481121259519 97 4296 -15 -16
1481121280365 97 4300 -31 -21
1481121301209 97 4300 -31 -21
1481121322054 97 4296 -15 -22
1481121342898 97 4300 -15 -16
1481121355177 97 4300 -15 -16
1481121363732 97 4300 -15 -16
1481121384578 97 4300 -27 -19
1481121405422 97 4296 -15 -20
1481121426266 97 4296 -15 -20
1481121447107 97 4296 -15 -16
1481121467949 97 4300 -27 -19
1481121488793 97 4300 -27 -19
1481121509638 97 4289 -31 -26
1481121530484 97 4296 -15 -23
1481121551327 97 4292 -15 -17
1481121572165 97 4292 -15 -17
1481121593010 97 4296 -15 -15
1481121613855 97 4289 -15 -15
1481121634701 97 4289 -15 -15
1481121655177 97 4296 -31 -21
1481121655526 97 4296 -31 -21
1481121676368 97 4296 -15 -22
1481121697208 97 4296 -15 -22
1481121718053 97 4296 -15 -16
1481121738897 97 4296 -15 -15
1481121759743 97 4296 -15 -15
1481121780586 97 4296 -23 -18
1481121801431 97 4296 -15 -18
1481121822272 97 4292 -15 -15
1481121843108 97 4292 -15 -15
1481121863954 97 4292 -23 -18
1481121884798 97 4292 -50 -31
1481121905644 97 4292 -50 -31
1481121926473 97 4292 -15 -31
1481121947320 97 4292 -15 -19
1481121955174 97 4292 -15 -19
1481121968167 97 4292 -15 -19
1481121989012 97 4292 -46 -27
1481122009856 97 4296 -15 -29
1481122030696 97 4296 -15 -18
1481122051541 97 4296 -15 -18
1481122072385 97 4292 -15 -15
1481122093219 97 4296 -15 -15
1481122114063 97 4296 -15 -15
1481122134909 97 4296 -15 -15
1481122155755 97 4292 -15 -15
1481122176600 97 4292 -15 -15
1481122197444 97 4292 -15 -15
1481122218288 97 4292 -15 -15
1481122239117 97 4292 -15 -15
1481122255181 97 4296 -15 -15
1481122259946 97 4296 -15 -15
1481122280792 97 4289 -15 -15
1481122301635 97 4296 -15 -15
1481122322482 97 4296 -15 -15
1481122343326 97 4292 -15 -15
1481122364171 97 4292 -15 -15
1481122385016 97 4292 -15 -15
1481122405862 97 4296 -15 -15
1481122426706 97 4292 -15 -15
1481122447549 97 4292 -15 -15
1481122468407 97 4292 -19 -16
1481122489250 97 4296 -15 -16
1481122510094 97 4296 -15 -16
1481122530924 97 4292 -19 -16
1481122551770 97 4292 -19 -18
1481122555179 97 4292 -19 -18
1481122572614 97 4296 -23 -20
1481122593456 97 4296 -23 -20
1481122614301 97 4296 -15 -19
1481122635143 97 4281 -15 -16
1481122655989 97 4281 -15 -16
1481122676833 97 4292 -15 -15
1481122697659 97 4292 -31 -21
1481122741123 97 4203 -410 -170
1481122781164 96 4187 -449 -364
1481122821200 96 4187 -468 -626
1481122855162 96 4207 -519 -526
1481122861203 96 4207 -519 -526
1481122901236 96 4175 -832 -637
1481122917171 96 4121 -675 -724
1481122941260 96 4179 -425 -593
1481122981285 95 4144 -949 -663
1481122994468 95 4140 -609 -750
1481123001096 95 4140 -609 -750
1481123021123 95 4140 -609 -750
1481123041969 95 4164 -710 -681
1481123058891 95 4171 -503 -624
1481123062795 95 4171 -503 -624
1481123083630 95 4152 -820 -651
1481123104469 95 4152 -820 -651
1481123123571 95 4113 -925 -816
1481123125301 95 4113 -925 -816
1481123146142 94 4167 -574 -765
1481123166976 94 4167 -574 -765
1481123183618 94 4164 -500 -594
1481123187795 94 4164 -500 -594
1481123208634 94 4179 -460 -508
1481123229472 94 4179 -460 -508
1481123247803 94 4171 -542 -502
1481123272716 94 4167 -570 -542
1481123307989 94 4187 -367 -486
1481123312717 94 4187 -367 -486
1481123352718 94 4222 -136 -309
1481123383106 94 4187 -394 -276
1481123392719 93 4214 -527 -414
1481123432719 93 4218 -203 -377
1481123455167 93 4242 -54 -190
1481123472720 93 4242 -54 -190
1481123512720 93 4238 -54 -68
1481123532694 93 4238 -54 -68
1481123552726 93 4250 -23 -45
1481123596364 93 4195 -527 -334
1481123636369 93 4238 -97 -317
1481123676384 93 4230 -62 -138
1481123716385 93 4109 -781 -499
1481123755163 93 4171 -417 -574
1481123756386 93 4171 -417 -574
1481123796387 93 4191 -285 -406
1481123836389 92 4160 -503 -470
1481123856363 92 4160 -503 -470
1481123857440 92 4160 -503 -470
1481123876368 92 4179 -328 -428
1481123897208 92 4179 -347 -359
1481123917517 92 4179 -347 -359
1481123918021 92 4179 -347 -359
1481123941247 92 4164 -398 -368
1481123979565 92 4152 -402 -392
1481123984472 92 4152 -402 -392
1481124024475 92 4207 -89 -274
1481124048348 92 4214 -70 -127
1481124064478 92 4214 -70 -127
1481124104478 92 4222 -82 -88
1481124144481 91 4218 -54 -406
1481124184482 91 4218 -62 -145
1481124224484 91 4218 -89 -92
1481124244473 91 4218 -82 -86
1481124264505 91 4226 -15 -57
1481124285350 91 4226 -15 -57
1481124328589 91 4218 -93 -46
1481124355166 91 4218 -58 -76
1481124368589 91 4218 -58 -76
1481124408590 91 4207 -62 -206
1481124448590 91 4218 -66 -99
1481124488590 91 4222 -50 -68
1481124528591 91 4222 -50 -56
1481124568592 91 4214 -70 -59
1481124588588 91 4214 -58 -62
1481124608622 91 4214 -58 -62
1481124629468 91 4218 -62 -60
1481124650312 91 4226 -19 -45
1481124655218 91 4226 -19 -45
1481124671151 91 4226 -19 -45
1481124691994 91 4226 -15 -24
1481124712839 91 4222 -15 -17
1481124756079 91 4218 -54 -29
1481124796081 91 4203 -152 -84
1481124836082 91 4210 -97 -90
1481124876084 91 4218 -70 -84
1481124916085 91 4214 -50 -66
1481124955169 91 4218 -93 -96
1481124956087 91 4218 -93 -96
1481124996089 91 4199 -66 -83
1481125016079 91 4175 -363 -181
1481125036109 91 4175 -363 -181
1481125079350 91 4210 -82 -88
1481125119353 91 4210 -54 -73
1481125159356 91 4210 -54 -64
1481125199359 91 4214 -50 -55
1481125239361 91 4207 -117 -76
1481125255183 91 4210 -62 -85
1481125279363 91 4210 -62 -67
1481125319365 91 4210 -54 -60
1481125339349 91 4210 -62 -58
1481125359380 91 4210 -62 -58
1481125380248 91 4175 -335 -163
1481125401094 91 4210 -23 -175
1481125444337 90 4164 -460 -224
1481125484340 90 4207 -50 -247
1481125524342 90 4210 -62 -68
1481125555166 90 4210 -66 -65
1481125564347 90 4210 -66 -65
1481125604348 90 4207 -66 -65
1481125644350 90 4210 -62 -58
1481125684352 90 4203 -160 -97
1481125704338 90 4203 -54 -104
1481125724369 90 4203 -54 -104
1481125767601 90 4210 -97 -97
1481125807603 90 4167 -425 -220
1481125847606 90 4199 -363 -350
1481125855168 90 4195 -93 -258
1481125887606 90 4207 -62 -122
1481125927607 90 4203 -78 -83
1481125967607 90 4203 -152 -107
1481126007606 90 4203 -93 -82
1481126027601 90 4203 -93 -82
1481126047641 90 4210 -85 -87
1481126090879 90 4136 -531 -241
1481126130881 90 4203 -54 -279
1481126155171 90 4203 -58 -111
1481126170883 90 4203 -58 -111
1481126210885 90 4160 -386 -193
1481126250888 90 4199 -113 -235
1481126290889 90 4195 -58 -122
1481126330891 90 4199 -113 -91
1481126350880 90 4199 -113 -91
1481126370916 90 4203 -27 -75
1481126414158 90 4195 -93 -63
1481126454161 89 4085 -910 -619
1481126455165 89 4085 -910 -619
1481126494163 89 4058 -441 -661
1481126515592 89 4062 -433 -493
1481126534165 89 4062 -433 -493
1481126574167 89 4132 -398 -401
1481126592607 89 4132 -398 -401
1481126614170 89 4156 -234 -337
1481126652716 89 4183 -54 -192
1481126654173 89 4183 -54 -192
1481126674155 89 4183 -70 -94
1481126694189 88 4195 -15 -55
1481126737428 88 4187 -58 -40
1481126755167 88 4183 -113 -73
1481126777431 88 4183 -113 -73
1481126817434 88 4191 -50 -62
1481126857436 88 4187 -70 -60
1481126897437 88 4187 -82 -72
1481126937439 88 4187 -58 -66
1481126977441 88 4183 -58 -60
1481126997427 88 4183 -66 -61
1481127017455 88 4183 -66 -61
1481127055180 88 4179 -105 -167
1481127060689 88 4179 -105 -167
1481127100690 88 4187 -101 -119
1481127140691 88 4183 -54 -87
1481127180691 88 4187 -58 -65
1481127220693 88 4171 -93 -72
1481127260695 88 4183 -207 -130
1481127300697 88 4167 -70 -79
1481127320689 88 4167 -70 -79
1481127340716 88 4191 -42 -61
1481127355204 88 4191 -15 -36
1481127361548 88 4191 -15 -36
1481127382390 88 4191 -15 -36
1481127403230 88 4191 -42 -30
1481127424075 88 4195 -58 -45
1481127444919 88 4195 -74 -60
1481127465763 88 4195 -74 -60
1481127486608 88 4195 -15 -48
1481127507451 88 4191 -15 -23
1481127528295 88 4191 -15 -23
1481127549138 88 4195 -27 -21
1481127569982 88 4195 -27 -25
1481127590827 88 4195 -27 -25
1481127611672 88 4191 -58 -37
1481127632518 88 4195 -15 -36
1481127653362 88 4195 -15 -36
1481127655182 88 4191 -15 -20
1481127674205 88 4191 -15 -20
1481127695049 88 4183 -15 -16
1481127715895 88 4191 -15 -15
1481127736739 88 4191 -15 -15
1481127757584 88 4191 -19 -28
1481127778430 88 4195 -62 -55
1481127799274 88 4195 -62 -55
1481127820121 88 4191 -15 -42
1481127840966 88 4187 -15 -21
1481127861809 88 4187 -15 -21
1481127882654 88 4195 -15 -16
1481127903499 88 4187 -15 -15
1481127924332 88 4187 -15 -15
1481127945177 88 4191 -15 -15
1481127955179 88 4191 -15 -15
1481127966011 88 4191 -15 -15
1481127986856 88 4191 -15 -15
1481128007700 88 4191 -15 -15
1481128028545 88 4191 -15 -15
1481128049388 88 4191 -15 -15
1481128070232 88 4191 -15 -15
1481128091074 88 4191 -15 -15
1481128111920 88 4195 -15 -15
1481128132765 88 4195 -15 -15
1481128153609 88 4195 -19 -16
1481128174455 88 4191 -15 -16
1481128195299 88 4191 -15 -15
1481128216141 88 4191 -15 -15
1481128236977 88 4187 -15 -15
1481128255181 88 4187 -15 -15
1481128257803 88 4167 -15 -15
1481128278648 88 4167 -15 -15
1481128299492 88 4191 -15 -15
1481128320337 88 4187 -15 -15
1481128341182 88 4187 -15 -15
1481128362027 88 4191 -15 -15
1481128382872 88 4191 -19 -16
1481128403718 88 4191 -19 -16
1481128424562 88 4191 -23 -19
1481128445408 88 4179 -15 -19
1481128466248 88 4191 -15 -16
1481128487094 88 4191 -15 -16
1481128507940 88 4191 -15 -15
1481128528784 88 4191 -27 -19
1481128549629 88 4191 -27 -19
1481128555176 88 4191 -27 -19
1481128570469 88 4187 -50 -33
1481128591308 88 4187 -15 -32
1481128612151 88 4187 -15 -32
1481128632997 88 4191 -15 -19
1481128653842 88 4187 -15 -16
1481128674687 88 4187 -15 -16
1481128695533 88 4187 -15 -15
1481128716378 88 4191 -15 -15
1481128737219 88 4187 -15 -15
1481128758070 88 4187 -15 -15
1481128778912 88 4187 -15 -15
1481128799757 88 4187 -15 -15
1481128820601 88 4187 -15 -15
1481128841445 88 4191 -15 -15
1481128855208 88 4191 -15 -15
1481128862277 88 4187 -23 -18
1481128883122 88 4187 -23 -18
1481128903966 88 4187 -15 -18
1481128924808 88 4191 -15 -15
1481128945654 88 4191 -15 -15
1481128966500 88 4187 -23 -18
1481128987338 88 4191 -15 -18
1481129008183 88 4187 -15 -15
1481129029028 88 4187 -15 -15
1481129049874 88 4191 -15 -15
1481129070714 88 4187 -15 -15
1481129091560 88 4187 -15 -15
1481129112405 88 4187 -15 -15
1481129133248 88 4187 -15 -15
1481129154092 88 4187 -15 -15
1481129155192 88 4187 -15 -15
1481129174937 88 4191 -15 -15
1481129195783 88 4191 -27 -19
1481129216628 88 4191 -27 -19
1481129237472 88 4187 -82 -45
1481129258315 88 4187 -35 -54
1481129279161 88 4187 -15 -32
1481129300004 88 4187 -15 -32
1481129320830 88 4187 -15 -19
1481129341676 88 4191 -15 -16
1481129362521 88 4191 -15 -16
1481129383365 88 4191 -15 -15
1481129404211 88 4191 -15 -15
1481129425056 88 4191 -15 -15
1481129445902 88 4187 -15 -15
1481129455242 88 4187 -15 -15
1481129466739 88 4187 -15 -15
1481129487584 88 4187 -15 -15
1481129508430 88 4187 -15 -15
1481129529273 88 4191 -15 -15
1481129550118 88 4187 -15 -15
1481129570964 88 4187 -15 -15
1481129591808 88 4187 -15 -15
1481129612654 88 4187 -15 -15
1481129633501 88 4187 -15 -15
1481129654344 88 4187 -15 -15
1481129675188 88 4191 -15 -15
1481129696028 88 4191 -15 -15
1481129716872 88 4187 -15 -15
1481129737708 88 4187 -15 -15
1481129755181 88 4187 -15 -15
1481129758536 88 4187 -15 -15
1481129779380 88 4187 -19 -16
1481129800223 88 4187 -15 -16
1481129821069 88 4191 -15 -15
1481129841911 88 4191 -15 -15
1481129862755 88 4191 -15 -15
1481129883601 88 4187 -15 -15
1481129904444 88 4187 -15 -15
1481129925286 88 4191 -15 -15
1481129946132 88 4191 -15 -15
1481129966974 88 4191 -15 -15
1481129987820 88 4191 -15 -15
1481130008646 88 4191 -27 -19
1481130029489 88 4191 -27 -19
1481130050333 88 4191 -19 -22
1481130055204 88 4191 -19 -22
1481130071174 88 4187 -35 -25
1481130092021 88 4191 -23 -28
1481130112863 88 4191 -23 -28
1481130133708 88 4187 -15 -21
1481130154549 88 4187 -15 -16
1481130175394 88 4187 -15 -16
1481130196239 88 4187 -15 -15
1481130217085 88 4187 -15 -15
1481130237930 88 4187 -15 -15
1481130258776 88 4187 -15 -15
1481130279619 88 4183 -15 -15
1481130300463 88 4183 -15 -15
1481130321308 88 4187 -15 -15
1481130342154 88 4187 -15 -15
1481130355182 88 4187 -15 -15
1481130362988 88 4187 -58 -30
1481130383831 88 4187 -58 -30
1481130404664 88 4187 -15 -34
1481130425511 88 4187 -31 -25
1481130446355 88 4187 -31 -25
1481130467199 88 4187 -15 -23
1481130488043 88 4187 -15 -17
1481130508887 88 4187 -15 -17
1481130529732 88 4187 -15 -15
1481130550579 88 4187 -15 -15
1481130571420 88 4187 -15 -15
1481130592261 88 4187 -15 -15
1481130613105 88 4187 -15 -15
1481130633951 88 4187 -15 -15
1481130654796 88 4187 -15 -15
1481130655181 88 4187 -15 -15
1481130675641 88 4183 -23 -18
1481130696488 88 4187 -15 -18
1481130717333 88 4187 -15 -18
1481130738178 88 4187 -15 -15
1481130759024 88 4187 -23 -18
1481130779868 88 4187 -23 -18
1481130800714 88 4187 -15 -18
1481130821559 88 4187 -15 -15
1481130842404 88 4187 -35 -22
1481130863249 88 4187 -35 -22
1481130884094 88 4187 -15 -24
1481130904939 88 4187 -15 -17
1481130925783 88 4187 -15 -17
1481130946627 88 4183 -15 -15
1481130955183 88 4183 -15 -15
1481130967465 88 4187 -15 -15
1481130988308 88 4187 -15 -15
1481131009151 88 4183 -15 -15
1481131029995 88 4187 -15 -15
1481131050841 88 4187 -15 -15
1481131071686 88 4187 -15 -15
1481131092532 88 4183 -23 -18
1481131113376 88 4183 -15 -18
1481131134222 88 4183 -15 -18
1481131155068 88 4175 -15 -15
1481131175913 88 4183 -15 -15
1481131196756 88 4183 -15 -15
1481131217599 88 4187 -23 -18
1481131238433 88 4183 -15 -18
1481131255200 88 4183 -15 -18
1481131259259 88 4183 -15 -18
1481131280103 88 4183 -35 -23
1481131300948 88 4187 -15 -24
1481131321793 88 4187 -15 -24
1481131342638 88 4183 -15 -17
1481131363485 88 4183 -15 -15
1481131384330 88 4183 -15 -15
1481131405174 88 4183 -15 -15
1481131426020 88 4187 -15 -15
1481131446865 88 4187 -15 -15
1481131467708 88 4187 -15 -15
1481131488555 88 4187 -15 -15
1481131509398 88 4187 -15 -15
1481131530242 88 4187 -15 -15
1481131551087 88 4187 -15 -15
1481131555255 88 4187 -15 -15
1481131571930 88 4187 -15 -15
1481131592774 88 4187 -15 -15
1481131613620 88 4187 -15 -15
1481131634462 88 4183 -15 -15
1481131655303 88 4187 -15 -15
1481131676127 88 4187 -15 -15
1481131696973 88 4187 -31 -21
1481131717815 88 4183 -15 -22
1481131738658 88 4183 -15 -22
1481131759503 88 4187 -15 -16
1481131780347 88 4187 -15 -15
1481131801192 88 4187 -15 -15
1481131822038 88 4187 -15 -15
1481131842880 88 4183 -19 -16
1481131855179 88 4183 -19 -16
1481131863714 88 4183 -19 -16
1481131884556 88 4187 -62 -34
1481131905396 88 4187 -15 -37
1481131926242 88 4183 -15 -20
1481131947085 88 4183 -15 -20
1481131967930 88 4183 -15 -16
1481131988774 88 4187 -15 -15
1481132009615 88 4187 -15 -15
1481132030463 88 4187 -15 -15
1481132051306 88 4187 -15 -15
1481132072149 88 4187 -15 -15
1481132092994 88 4183 -27 -19
1481132113840 88 4187 -31 -26
1481132134682 88 4187 -31 -26
1481132155181 88 4183 -42 -33
1481132155505 88 4183 -42 -33
1481132176351 88 4183 -15 -29
1481132197191 88 4183 -15 -18
1481132218037 88 4183 -15 -18
1481132238882 88 4187 -15 -15
1481132259727 88 4187 -15 -15
1481132280571 88 4187 -15 -15
1481132301415 88 4183 -15 -15
1481132344653 88 4179 -66 -33
1481132384654 88 4179 -50 -57
1481132424655 88 4179 -105 -72
1481132455168 88 4175 -54 -77
1481132464655 88 4175 -54 -77
1481132504656 88 4167 -117 -78
1481132544657 88 4175 -62 -86
1481132584658 87 4167 -82 -75
1481132604653 87 4175 -140 -102
1481132624678 87 4179 -15 -83
1481132667909 87 4175 -82 -56
1481132707910 87 4175 -50 -60
1481132747911 87 4171 -54 -54
1481132755196 87 4171 -54 -54
1481132797493 87 4171 -50 -56
1481132807491 87 4171 -50 -56
1481132817492 87 4171 -50 -56
1481132825490 87 4171 -50 -56
1481132833490 87 4175 -82 -63
1481132839491 87 4175 -82 -63
1481132849490 87 4175 -82 -63
1481132855491 87 4175 -82 -63
1481132865492 87 4156 -433 -208
1481132875491 87 4156 -433 -208
1481132881492 87 4156 -433 -208
1481132889490 87 4171 -50 -232
1481132897491 87 4171 -50 -232
1481132905495 87 4171 -50 -232
1481132915490 87 4171 -50 -232
1481132923495 87 4171 -54 -97
1481132927911 87 4171 -54 -97
1481132947941 87 4175 -15 -62
1481132971186 87 4175 -15 -62
1481132992031 87 4179 -15 -45
1481133009492 87 4171 -50 -35
1481133019489 87 4171 -50 -35
1481133027493 87 4171 -50 -35
1481133037502 87 4171 -128 -75
1481133045493 87 4171 -128 -75
1481133053495 87 4171 -128 -75
1481133055208 87 4171 -128 -75
1481133061492 87 4171 -128 -75
1481133067501 87 4171 -101 -104
1481133075493 87 4175 -101 -104
1481133083496 87 4175 -101 -104
1481133093494 87 4175 -101 -104
1481133103493 87 4152 -58 -85
1481133113490 87 4152 -58 -85
1481133119495 87 4152 -58 -85
1481133129492 87 4171 -167 -105
1481133139492 87 4171 -167 -105
1481133145493 87 4171 -167 -105
1481133153490 87 4171 -167 -105
1481133159495 87 4171 -58 -110
1481133169491 87 4171 -58 -110
1481133175494 87 4171 -58 -110
1481133183492 87 4171 -58 -110
1481133193495 87 4167 -54 -69
1481133203496 87 4167 -54 -69
1481133211493 87 4167 -54 -69
1481133219493 87 4171 -50 -56
1481133231491 87 4171 -50 -56
1481133239492 87 4171 -50 -56
1481133245493 87 4171 -50 -56
1481133253494 87 4171 -50 -51
1481133263499 87 4171 -50 -51
1481133273489 87 4171 -50 -51
1481133281494 87 4171 -101 -69
1481133289492 87 4171 -101 -69
1481133299495 87 4171 -101 -69
1481133305496 87 4171 -101 -69
1481133313492 87 4167 -50 -73
1481133321495 87 4167 -50 -73
1481133331494 87 4167 -50 -73
1481133339492 87 4167 -46 -54
1481133347492 87 4167 -46 -54
1481133355171 87 4167 -46 -54
1481133355492 87 4167 -46 -54
1481133363493 87 4167 -46 -54
1481133373493 87 4167 -50 -49
1481133383494 87 4167 -50 -49
1481133391492 87 4167 -50 -49
1481133401493 87 4171 -58 -52
1481133411491 87 4171 -58 -52
1481133419494 87 4171 -58 -52
1481133427496 87 4171 -58 -52
1481133437490 87 4167 -39 -49
1481133445494 87 4167 -39 -49
1481133453497 87 4167 -39 -49
1481133463503 87 4171 -42 -42
1481133471495 87 4171 -42 -42
1481133481489 87 4171 -42 -42
1481133489498 87 4167 -54 -46
1481133497494 87 4167 -54 -46
1481133505499 87 4167 -54 -46
1481133513493 87 4167 -54 -46
1481133523493 87 4171 -85 -63
1481133531495 87 4171 -85 -63
1481133541493 87 4171 -85 -63
1481133551495 87 4167 -117 -91
1481133561497 87 4167 -117 -91
1481133573496 87 4167 -117 -91
1481133583492 87 4167 -42 -82
1481133591493 87 4167 -42 -82
1481133599492 87 4167 -42 -82
1481133607491 87 4167 -42 -82
1481133617490 87 4167 -42 -52
1481133625495 87 4167 -42 -52
1481133633498 87 4167 -42 -52
1481133639498 87 4167 -42 -44
1481133647493 87 4167 -42 -44
1481133655175 87 4167 -42 -44
1481133657495 87 4167 -42 -44
1481133663497 87 4167 -42 -44
1481133673496 87 4167 -42 -42
1481133683494 87 4167 -42 -42
1481133693495 87 4167 -42 -42
1481133703493 87 4171 -42 -42
1481133713494 87 4171 -42 -42
1481133723495 87 4171 -42 -42
1481133731495 87 4167 -39 -40
1481133741493 87 4167 -39 -40
1481133747494 87 4167 -39 -40
1481133755491 87 4167 -39 -40
1481133765490 87 4171 -42 -40
1481133800497 87 4167 -70 -52
1481133812492 87 4167 -70 -52
1481133822494 87 4171 -42 -55
1481133828494 87 4171 -42 -55
1481133838495 87 4171 -42 -55
1481133848492 87 4171 -42 -55
1481133856492 87 4167 -39 -43
1481133864491 87 4167 -39 -43
1481133872492 87 4167 -39 -43
1481133880492 87 4167 -50 -43
1481133886494 87 4167 -50 -43
1481133892496 87 4167 -50 -43
1481133902493 87 4167 -50 -43
1481133908494 87 4167 -50 -43
1481133918490 87 4167 -46 -46
1481133928493 87 4167 -46 -46
1481133934491 87 4167 -46 -46
1481133940498 87 4164 -50 -47
1481133950493 87 4164 -50 -47
1481133955168 87 4164 -50 -47
1481133956494 87 4164 -50 -47
1481133964495 87 4164 -50 -47
1481133974493 87 4171 -42 -46
1481133984493 87 4171 -42 -46
1481133992492 87 4171 -42 -46
1481134000498 87 4164 -46 -44
1481134008493 87 4164 -46 -44
1481134018491 87 4164 -46 -44
1481134026493 87 4164 -46 -44
1481134034493 87 4156 -50 -47
1481134040492 87 4156 -50 -47
1481134050492 87 4156 -50 -47
1481134058493 87 4156 -50 -47
1481134066494 87 4164 -46 -47
1481134074494 87 4164 -46 -47
1481134084494 87 4164 -46 -47
1481134090495 87 4171 -42 -44
1481134100496 87 4171 -42 -44
1481134108492 87 4171 -42 -44
1481134120494 87 4171 -42 -42
1481134128492 87 4171 -42 -42
1481134134493 87 4171 -42 -42
1481134144494 87 4171 -42 -42
1481134154496 87 4171 -42 -42
1481134162495 87 4171 -42 -42
1481134172494 87 4171 -42 -42
1481134180496 87 4167 -54 -46
1481134190494 87 4167 -54 -46
1481134196495 87 4167 -54 -46
1481134204493 87 4167 -54 -46
1481134214491 87 4167 -58 -53
1481134222494 87 4167 -58 -53
1481134230492 87 4167 -58 -53
1481134236497 87 4167 -58 -53
1481134248494 87 4167 -42 -50
1481134255173 87 4167 -42 -50
1481134256494 87 4167 -42 -50
1481134262497 87 4167 -42 -50
1481134282533 87 4167 -15 -33
1481134303374 87 4171 -15 -19
1481134324219 87 4171 -15 -19
1481134345065 87 4175 -23 -19
1481134365911 87 4171 -31 -25
1481134386754 87 4171 -31 -25
1481134407598 87 4175 -15 -23
1481134428442 87 4175 -23 -20
1481134449285 87 4175 -23 -20
1481134470128 87 4175 -15 -19
1481134490973 87 4171 -15 -26
1481134511816 87 4171 -23 -36
1481134532658 87 4171 -23 -36
1481134553503 87 4171 -15 -23
1481134555177 87 4171 -15 -23
1481134574346 87 4171 -15 -17
1481134595191 87 4171 -15 -17
1481134616033 87 4167 -23 -18
1481134636877 87 4171 -15 -18
1481134657720 87 4171 -15 -18
1481134678566 87 4171 -15 -15
1481134699410 86 4167 -15 -15
1481134720253 86 4167 -15 -15
1481134741097 86 4171 -15 -15
1481134761940 86 4171 -15 -15
1481134782782 86 4167 -23 -18
1481134803628 86 4167 -23 -18
1481134824468 86 4171 -23 -21
1481134845309 86 4171 -54 -33
1481134855184 86 4171 -54 -33
1481134866145 86 4171 -54 -33
1481134886990 86 4171 -15 -33
1481134907833 86 4171 -15 -19
1481134928678 86 4171 -15 -19
1481134949523 86 4171 -15 -16
1481134970358 86 4171 -15 -15
1481134991204 86 4171 -15 -15
1481135012050 86 4171 -15 -15
1481135032894 86 4167 -15 -15
1481135053739 86 4171 -15 -15
1481135074585 86 4171 -15 -15
1481135095429 86 4167 -15 -15
1481135116256 86 4171 -15 -15
1481135137094 86 4171 -15 -15
1481135155176 86 4167 -15 -15
1481135157922 86 4167 -15 -15
1481135178767 86 4171 -15 -15
1481135199613 86 4171 -15 -15
1481135220457 86 4167 -15 -15
1481135241308 86 4171 -15 -15
1481135262153 86 4171 -15 -15
1481135282995 86 4167 -58 -30
1481135303842 86 4171 -15 -34
1481135324686 86 4167 -23 -22
1481135345531 86 4167 -23 -22
1481135366368 86 4171 -15 -19
1481135387213 86 4171 -46 -27
1481135408059 86 4171 -46 -27
1481135428904 86 4171 -15 -29
1481135449751 86 4167 -15 -18
1481135455177 86 4167 -15 -18
1481135470592 86 4167 -15 -18
1481135491432 86 4167 -15 -15
1481135512277 86 4171 -27 -19
1481135533118 86 4171 -27 -19
1481135553963 86 4171 -15 -20
1481135574807 86 4167 -15 -16
1481135595652 86 4167 -15 -15
1481135616497 86 4167 -15 -15
1481135637339 86 4171 -15 -15
1481135658185 86 4167 -15 -15
1481135679030 86 4167 -15 -15
1481135699875 86 4167 -15 -15
1481135720721 86 4167 -15 -15
1481135741568 86 4167 -15 -15
1481135755176 86 4171 -15 -15
1481135762397 86 4171 -15 -15
1481135783240 86 4171 -15 -15
1481135804083 86 4171 -15 -15
1481135824929 86 4171 -27 -19
1481135845773 86 4167 -15 -20
1481135866617 86 4167 -15 -16
1481135887460 86 4167 -15 -16
1481135908304 86 4167 -15 -15
1481135929151 86 4171 -15 -15
1481135949996 86 4171 -15 -15
1481135970843 86 4164 -15 -15
1481135991689 86 4167 -19 -16
1481136012535 86 4167 -19 -16
1481136033379 86 4171 -15 -16
1481136054224 86 4167 -15 -15
1481136055258 86 4167 -15 -15
1481136075068 86 4167 -15 -15
1481136095913 86 4167 -15 -15
1481136116758 86 4167 -35 -22
1481136137604 86 4171 -54 -38
1481136158448 86 4171 -54 -38
1481136179295 86 4167 -15 -35
1481136200141 86 4171 -23 -23
1481136220986 86 4171 -23 -23
1481136241829 86 4167 -58 -35
1481136262673 86 4167 -23 -38
1481136283520 86 4167 -23 -38
1481136304358 86 4171 -19 -25
1481136325204 86 4160 -15 -19
1481136352500 86 4160 -50 -28
1481136355169 86 4160 -50 -28
1481136360493 86 4160 -50 -28
1481136368498 86 4160 -50 -28
1481136376500 86 4164 -46 -43
1481136388495 86 4164 -46 -43
1481136396495 86 4164 -46 -43
1481136404495 86 4164 -46 -43
1481136412495 86 4164 -39 -42
1481136420497 86 4164 -39 -42
1481136432496 86 4164 -39 -42
1481136442493 86 4164 -42 -40
1481136448495 86 4164 -42 -40
1481136456493 86 4164 -42 -40
1481136464492 86 4164 -42 -40
1481136472493 86 4164 -42 -41
1481136480494 86 4164 -42 -41
1481136488496 86 4164 -42 -41
1481136496493 86 4164 -42 -41
1481136504491 86 4164 -42 -41
1481136512495 86 4164 -42 -41
1481136539492 86 4160 -50 -44
1481136549492 86 4160 -50 -44
1481136557497 86 4160 -39 -44
1481136567495 86 4160 -39 -44
1481136575496 86 4160 -39 -44
1481136585493 86 4160 -39 -44
1481136593495 86 4160 -42 -41
1481136603496 86 4160 -42 -41
1481136611495 86 4160 -42 -41
1481136619490 86 4156 -93 -60
1481136628444 86 4156 -93 -60
1481136648472 86 4167 -15 -55
1481136655179 86 4167 -15 -55
1481136669310 86 4167 -15 -55
1481136690155 86 4164 -35 -32
1481136733395 86 4160 -54 -41
1481136763494 86 4160 -70 -56
1481136773494 86 4164 -42 -56
1481136785493 86 4164 -42 -56
1481136793493 86 4164 -42 -56
1481136801491 86 4164 -42 -45
1481136807492 86 4164 -42 -45
1481136817493 86 4164 -42 -45
1481136823493 86 4164 -42 -45
1481136831492 86 4160 -46 -44
1481136837494 86 4160 -46 -44
1481136845491 86 4160 -46 -44
1481136853492 86 4160 -46 -44
1481136861492 86 4164 -62 -51
1481136869493 86 4164 -62 -51
1481136877493 86 4164 -62 -51
1481136885496 86 4164 -62 -51
1481136893493 86 4164 -42 -51
1481136901492 86 4164 -42 -51
1481136909491 86 4164 -42 -51
1481136917493 86 4156 -109 -69
1481136923494 86 4156 -109 -69
1481136931491 86 4156 -109 -69
1481136941494 86 4156 -109 -69
1481136951493 86 4160 -42 -73
1481136955181 86 4160 -42 -73
1481136959491 86 4160 -42 -73
1481136967493 86 4160 -42 -73
1481136975501 86 4160 -42 -73
1481136985494 86 4160 -42 -49
1481136991492 86 4160 -42 -49
1481136993398 86 4160 -42 -49
1481137013428 86 4167 -15 -33
1481137026493 86 4167 -15 -33
1481137036497 86 4167 -15 -33
1481137046493 86 4164 -42 -29
1481137054494 86 4164 -42 -29
1481137064494 86 4164 -42 -29
1481137074494 86 4160 -42 -38
1481137082496 86 4160 -42 -38
1481137092496 86 4160 -42 -38
1481137102494 86 4164 -58 -47
1481137108495 86 4164 -58 -47
1481137118493 86 4164 -58 -47
1481137124494 86 4164 -58 -47
1481137130497 86 4160 -42 -49
1481137138493 86 4160 -42 -49
1481137146495 86 4160 -42 -49
1481137154493 86 4160 -42 -49
1481137160493 86 4156 -42 -43
1481137167495 86 4156 -42 -43
1481137177493 86 4156 -42 -43
1481137187493 86 4156 -42 -43
1481137195494 86 4144 -39 -40
1481137205494 86 4144 -39 -40
1481137211496 86 4144 -39 -40
1481137219495 86 4152 -89 -58
1481137227497 86 4152 -89 -58
1481137235496 86 4152 -89 -58
1481137243495 86 4152 -89 -58
1481137253497 86 4156 -46 -64
1481137255249 86 4156 -46 -64
1481137261495 86 4156 -46 -64
1481137273495 86 4156 -46 -64
1481137283494 86 4160 -62 -56
1481137291497 86 4160 -62 -56
1481137303492 86 4160 -62 -56
1481137311494 86 4160 -42 -53
1481137317496 86 4160 -42 -53
1481137327493 86 4160 -42 -53
1481137337496 86 4160 -42 -53
1481137347493 86 4156 -42 -44
1481137353495 86 4156 -42 -44
1481137363495 86 4156 -42 -44
1481137373491 86 4156 -42 -42
1481137379496 86 4156 -42 -42
1481137387498 86 4156 -42 -42
1481137397496 86 4156 -42 -42
1481137405496 86 4160 -42 -42
1481137415502 86 4160 -42 -42
1481137423496 86 4160 -42 -42
1481137433497 86 4156 -50 -45
1481137441495 86 4156 -50 -45
1481137449497 86 4156 -50 -45
1481137459500 86 4160 -42 -45
1481137467500 86 4160 -42 -45
1481137477490 86 4160 -42 -45
1481137487494 86 4160 -42 -45
1481137495496 86 4156 -42 -42
1481137505494 86 4156 -42 -42
1481137513496 86 4156 -42 -42
1481137523498 86 4156 -78 -55
1481137531497 86 4156 -78 -55
1481137539495 86 4156 -78 -55
1481137545497 86 4156 -78 -55
1481137555191 86 4156 -46 -60
1481137555634 86 4156 -46 -60
1481137563495 86 4156 -46 -60
1481137571493 86 4156 -46 -60
1481137579495 86 4156 -42 -48
1481137589495 86 4156 -42 -48
1481137595496 86 4156 -42 -48
1481137603497 86 4156 -42 -48
1481137613495 86 4156 -50 -46
1481137619498 86 4156 -50 -46
1481137629494 86 4156 -50 -46
1481137639493 86 4160 -42 -46
1481137647496 86 4160 -42 -46
1481137657494 86 4160 -42 -46
1481137665497 86 4160 -42 -46
1481137673494 86 4156 -50 -46
1481137681495 86 4156 -50 -46
1481137689497 86 4156 -50 -46
1481137697495 86 4156 -50 -46
1481137705497 86 4160 -46 -47
1481137715495 86 4160 -46 -47
1481137721496 86 4160 -46 -47
1481137729497 86 4156 -42 -44
1481137737496 86 4156 -42 -44
1481137749495 86 4156 -42 -44
1481137757494 86 4156 -42 -44
1481137767494 86 4160 -42 -42
1481137777495 86 4160 -42 -42
1481137787492 86 4160 -42 -42
1481137797494 86 4156 -42 -42
1481137805496 86 4156 -42 -42
1481137813494 86 4156 -42 -42
1481137821497 86 4152 -74 -54
1481137831494 86 4152 -74 -54
1481137841496 86 4152 -74 -54
1481137849499 86 4156 -58 -63
1481137855190 86 4156 -58 -63
1481137857496 86 4156 -58 -63
1481137865494 86 4156 -58 -63
1481137875495 86 4156 -58 -63
1481137885503 86 4156 -42 -53
1481137895494 86 4156 -42 -53
1481137905495 86 4156 -42 -53
1481137913497 85 4156 -54 -49
1481137923497 85 4156 -54 -49
1481137933496 85 4156 -54 -49
1481137943496 85 4156 -46 -49
1481137953493 85 4156 -46 -49
1481137961495 85 4156 -46 -49
1481137971495 85 4152 -42 -45
1481137981493 85 4152 -42 -45
1481137989497 85 4152 -42 -45
1481137997493 85 4152 -42 -45
1481138007498 85 4152 -42 -42
1481138017494 85 4152 -42 -42
1481138025494 85 4152 -42 -42
1481138035493 85 4156 -42 -42
1481138043488 85 4156 -42 -42
1481138051496 85 4156 -42 -42
1481138061494 85 4156 -42 -42
1481138073496 85 4156 -42 -42
1481138083493 85 4156 -42 -42
1481138091490 85 4156 -42 -42
1481138099496 85 4156 -42 -42
1481138105500 85 4156 -42 -42
1481138113499 85 4156 -42 -42
1481138121502 85 4144 -46 -43
1481138131495 85 4144 -46 -43
1481138141495 85 4144 -46 -43
1481138151495 85 4152 -50 -46
1481138155177 85 4152 -50 -46
1481138159496 85 4152 -50 -46
1481138171489 85 4152 -50 -46
1481138177495 85 4152 -50 -46
1481138185495 85 4152 -70 -56
1481138197494 85 4152 -70 -56
1481138205497 85 4152 -70 -56
1481138211497 85 4152 -46 -57
1481138221496 85 4152 -46 -57
1481138229495 85 4152 -46 -57
1481138237495 85 4152 -46 -57
1481138245497 85 4152 -70 -57
1481138253495 85 4152 -70 -57
1481138263494 85 4152 -70 -57
1481138271496 85 4152 -39 -54
1481138281496 85 4152 -39 -54
1481138289498 85 4152 -39 -54
1481138301492 85 4093 -433 -190
1481138311488 85 4093 -433 -190
1481138317492 85 4093 -433 -190
1481138329489 85 4093 -433 -190
1481138390492 85 4132 -78 -317
1481138430492 85 4140 -117 -152
1481138455169 85 4140 -70 -107
1481138470495 85 4140 -70 -107
1481138510495 85 4136 -66 -77
1481138550496 85 4144 -148 -117
1481138590496 85 4144 -66 -109
1481138630497 85 4140 -101 -89
1481138635487 85 4144 -74 -87
1481138655518 85 4144 -74 -87
1481138676362 85 4152 -15 -54
1481138697207 85 4152 -15 -24
1481138718049 85 4152 -15 -24
1481138738889 85 4152 -15 -17
1481138755180 85 4152 -15 -15
1481138759724 85 4152 -15 -15
1481138780569 85 4152 -15 -15
1481138801412 85 4152 -15 -15
1481138822257 85 4152 -15 -15
1481138843103 85 4152 -15 -15
1481138863949 85 4152 -15 -15
1481138884794 85 4156 -15 -15
1481138905638 85 4152 -15 -15
1481138926479 85 4152 -15 -15
1481138947325 85 4152 -23 -18
1481138968170 85 4156 -15 -18
1481138989014 85 4156 -15 -18
1481139009859 85 4156 -23 -18
1481139030699 85 4152 -15 -18
1481139051544 85 4152 -15 -18
1481139055183 85 4152 -15 -15
1481139072389 85 4152 -15 -15
1481139093234 85 4156 -35 -22
1481139114077 85 4156 -15 -24
1481139134905 85 4156 -15 -24
1481139155744 85 4156 -15 -17
1481139176591 85 4152 -15 -15
1481139197428 85 4152 -15 -15
1481139218274 85 4152 -15 -15
1481139239120 85 4156 -15 -15
1481139259965 85 4156 -15 -15
1481139280811 85 4152 -27 -19
1481139301655 85 4156 -15 -20
1481139322500 85 4156 -15 -20
1481139343346 85 4152 -15 -16
1481139355179 85 4152 -15 -15
1481139364176 85 4152 -15 -15
1481139385022 85 4152 -15 -15
1481139405867 85 4152 -15 -15
1481139426712 85 4156 -31 -21
1481139447556 85 4152 -23 -25
1481139467482 85 4152 -23 -25
1481139467513 85 4152 -23 -25
