1481096956303 100 4355 -484 -220
1481096956316 100 4355 -484 -220
1481097008542 100 4328 -74 -264
1481097029022 100 4339 -70 -120
1481097048558 100 4339 -50 -75
1481097088598 100 4339 -54 -57
1481097128638 100 4339 -58 -56
1481097168678 100 4339 -54 -56
1481097208719 100 4343 -62 -57
1481097248757 100 4339 -58 -59
1481097288798 100 4339 -66 -68
1481097328839 100 4339 -62 -65
1481097351685 100 4335 -58 -61
1481097368860 100 4335 -58 -61
1481097408898 100 4335 -62 -54
1481097448940 100 4339 -50 -55
1481097488977 100 4335 -50 -51
1481097529018 100 4335 -54 -53
1481097569058 100 4332 -46 -50
1481097609100 100 4339 -62 -53
1481097649136 100 4332 -109 -78
1481097651744 100 4332 -109 -78
1481097689176 100 4335 -105 -99
1481097729217 100 4328 -58 -85
1481097769259 100 4335 -62 -66
1481097809298 100 4308 -93 -74
1481097849338 100 4332 -58 -74
1481097889378 100 4332 -66 -56
1481097929420 100 4335 -62 -62
1481097951702 100 4335 -62 -62
1481097969440 100 4335 -62 -62
1481098009478 100 4332 -62 -71
1481098049518 100 4335 -50 -59
1481098089560 100 4332 -66 -58
1481098129600 100 4332 -66 -65
1481098169641 100 4332 -66 -65
1481098209682 100 4335 -46 -58
1481098249722 100 4332 -62 -72
1481098252085 100 4332 -62 -72
1481098289758 100 4328 -58 -63
1481098329798 100 4332 -62 -60
1481098369838 100 4328 -58 -54
1481098409878 100 4332 -66 -60
1481098449918 100 4324 -46 -57
1481098489958 100 4332 -85 -66
1481098530000 100 4328 -46 -65
1481098551725 99 4328 -97 -69
1481098570020 99 4328 -97 -69
1481098610056 99 4328 -128 -119
1481098650078 99 4308 -58 -99
1481098690118 99 4324 -50 -65
1481098730160 99 4328 -46 -47
1481098770198 99 4328 -62 -52
1481098810238 99 4328 -46 -53
1481098850277 99 4328 -54 -51
1481098851667 99 4328 -54 -51
1481098890316 99 4328 -58 -54
1481098930357 99 4328 -54 -55
1481098970398 99 4324 -58 -53
1481099010437 99 4324 -58 -56
1481099050478 99 4324 -66 -60
1481099090518 99 4324 -62 -62
1481099130560 99 4328 -66 -63
1481099151702 99 4328 -66 -65
1481099170579 99 4328 -66 -65
1481099210620 99 4320 -82 -64
1481099250621 99 4328 -82 -77
1481099290622 99 4320 -62 -73
1481099330623 99 4320 -62 -60
1481099370624 99 4320 -93 -72
1481099410626 99 4324 -109 -93
1481099450628 99 4316 -54 -59
1481099451665 99 4316 -54 -59
1481099490630 99 4324 -62 -58
1481099530631 99 4320 -62 -61
1481099570634 99 4324 -54 -60
1481099610637 99 4320 -50 -54
1481099650638 99 4320 -62 -55
1481099690639 99 4324 -50 -49
1481099730641 99 4324 -62 -54
1481099751682 99 4320 -74 -64
1481099770642 99 4320 -74 -64
1481099810643 99 4320 -62 -65
1481099850644 99 4320 -54 -59
1481099890646 99 4320 -62 -58
1481099930648 99 4320 -54 -51
1481099970650 99 4312 -74 -60
1481100010652 99 4320 -54 -63
1481100050654 98 4316 -74 -65
1481100051667 98 4316 -74 -65
1481100090657 98 4316 -70 -70
1481100130658 98 4316 -62 -67
1481100170659 98 4320 -46 -54
1481100210660 98 4316 -66 -55
1481100250661 98 4316 -58 -60
1481100290661 98 4312 -214 -118
1481100330662 98 4312 -199 -184
1481100351713 98 4316 -125 -167
1481100370663 98 4316 -125 -167
1481100410664 98 4316 -70 -71
1481100450665 98 4312 -66 -68
1481100490668 98 4316 -54 -62
1481100530670 98 4312 -54 -52
1481100570672 98 4316 -50 -52
1481100610675 98 4312 -50 -50
1481100650677 98 4316 -50 -55
1481100651663 98 4316 -50 -55
1481100690678 98 4316 -66 -57
1481100730679 98 4308 -66 -63
1481100770679 98 4312 -50 -61
1481100810680 98 4312 -109 -74
1481100850681 98 4312 -58 -80
1481100890681 98 4308 -50 -52
1481100930683 98 4312 -58 -53
1481100951708 98 4304 -113 -77
1481100970684 98 4304 -113 -77
1481101010686 98 4308 -70 -68
1481101050689 98 4312 -70 -69
1481101090691 98 4304 -117 -84
1481101130692 98 4300 -82 -78
1481101170694 98 4312 -70 -76
1481101210696 98 4312 -70 -71
1481101250698 98 4304 -62 -70
1481101251672 98 4304 -62 -70
1481101290699 98 4312 -66 -65
1481101330700 98 4304 -62 -64
1481101370701 98 4304 -54 -62
1481101410702 98 4304 -58 -57
1481101450703 98 4308 -54 -56
1481101490704 98 4304 -62 -73
1481101530705 98 4300 -54 -61
1481101551680 98 4304 -50 -54
1481101570707 98 4304 -50 -54
1481101610709 98 4296 -54 -61
1481101650711 98 4300 -50 -54
1481101690713 98 4300 -58 -54
1481101730714 98 4300 -117 -87
1481101770717 98 4300 -50 -84
1481101810718 98 4300 -74 -67
1481101850720 98 4289 -82 -70
1481101851663 98 4289 -82 -70
1481101890721 97 4304 -50 -67
1481101930722 97 4300 -113 -77
1481101970723 97 4304 -82 -73
1481102010724 97 4292 -62 -72
1481102050726 97 4300 -70 -67
1481102090728 97 4296 -62 -66
1481102130731 97 4300 -54 -60
1481102151741 97 4304 -78 -64
1481102170733 97 4304 -78 -64
1481102210735 97 4304 -58 -64
1481102250738 97 4296 -66 -62
1481102290739 97 4296 -82 -71
1481102330740 97 4304 -66 -67
1481102370741 97 4296 -54 -61
1481102410742 97 4300 -50 -54
1481102450743 97 4300 -70 -58
1481102451668 97 4296 -54 -61
1481102490745 97 4300 -54 -55
1481102530747 97 4296 -58 -55
1481102570750 97 4296 -62 -58
1481102610752 97 4296 -58 -83
1481102650754 97 4292 -85 -74
1481102690760 97 4296 -62 -73
1481102730761 97 4296 -54 -55
1481102751699 97 4296 -58 -55
1481102770762 97 4300 -58 -55
1481102810763 97 4296 -62 -58
1481102850764 97 4292 -50 -53
1481102890766 97 4300 -58 -53
1481102930769 97 4300 -42 -50
1481102970772 97 4292 -46 -45
1481103010775 97 4292 -54 -48
1481103050778 97 4292 -93 -66
1481103051666 97 4292 -93 -66
1481103090779 97 4289 -70 -66
1481103130780 97 4292 -50 -61
1481103170781 97 4292 -50 -52
1481103210782 97 4296 -54 -53
1481103250783 97 4296 -62 -56
1481103290784 97 4296 -70 -63
1481103330786 97 4292 -70 -75
1481103351680 97 4292 -70 -75
1481103370788 97 4292 -58 -66
1481103410790 97 4296 -62 -61
1481103450791 97 4261 -382 -197
1481103490794 97 4289 -74 -220
1481103530797 97 4292 -54 -103
1481103570798 97 4292 -82 -83
1481103610800 97 4292 -117 -95
1481103650800 97 4292 -66 -92
1481103651664 97 4292 -66 -92
1481103690801 97 4292 -62 -64
1481103730802 97 4289 -54 -59
1481103770803 97 4289 -50 -53
1481103810804 96 4289 -89 -68
1481103850806 96 4289 -54 -70
1481103890809 96 4289 -50 -56
1481103930809 96 4292 -58 -104
1481103951677 96 4292 -58 -104
1481103970810 96 4289 -66 -72
1481104010811 96 4289 -66 -67
1481104050813 96 4285 -78 -68
1481104090815 96 4289 -58 -68
1481104130818 96 4289 -50 -57
1481104170819 96 4289 -58 -57
1481104210820 96 4281 -105 -75
1481104250821 96 4289 -62 -81
1481104251664 96 4289 -62 -81
1481104290822 96 4285 -58 -61
1481104330823 96 4281 -66 -61
1481104370824 96 4277 -97 -76
1481104410826 96 4277 -54 -82
1481104450829 96 4277 -54 -61
1481104490831 96 4285 -66 -60
1481104530834 96 4281 -58 -62
1481104551678 96 4281 -58 -62
1481104570837 96 4281 -105 -76
1481104610838 96 4285 -58 -79
1481104650839 96 4281 -97 -69
1481104690840 96 4285 -50 -72
1481104730841 96 4285 -66 -61
1481104770843 96 4281 -117 -84
1481104810844 96 4285 -54 -84
1481104850846 96 4281 -70 -67
1481104851666 96 4281 -70 -67
1481104890848 96 4285 -70 -62
1481104930850 96 4285 -50 -60
1481104970853 96 4277 -58 -55
1481105010855 96 4281 -70 -58
1481105050857 96 4281 -62 -64
1481105090858 96 4277 -58 -61
1481105130859 96 4269 -105 -82
1481105151713 96 4269 -105 -82
1481105170860 96 4277 -195 -133
1481105210861 96 4281 -207 -184
1481105250862 96 4277 -62 -77
1481105290863 96 4273 -70 -68
1481105330864 96 4277 -54 -63
1481105370866 96 4277 -58 -56
1481105410868 96 4281 -66 -60
1481105450869 96 4281 -66 -64
1481105451664 96 4281 -66 -64
1481105490870 96 4281 -54 -59
1481105530872 96 4273 -117 -78
1481105570874 96 4281 -46 -80
1481105610876 96 4273 -62 -56
1481105650878 96 4277 -50 -56
1481105690880 96 4277 -66 -57
1481105730879 96 4273 -50 -55
1481105751662 96 4273 -50 -55
1481105770882 96 4273 -46 -49
1481105810883 96 4273 -50 -48
1481105850887 95 4277 -58 -51
1481105890890 95 4277 -58 -56
1481105930893 95 4273 -58 -57
1481105970896 95 4273 -58 -72
1481106010898 95 4269 -54 -60
1481106050899 95 4273 -50 -54
1481106051668 95 4273 -50 -54
1481106090900 95 4277 -58 -74
1481106130902 95 4273 -62 -63
1481106170903 95 4269 -54 -59
1481106210904 95 4273 -70 -110
1481106250906 95 4273 -62 -77
1481106290907 95 4273 -62 -65
1481106330908 95 4269 -46 -52
1481106351667 95 4269 -46 -52
1481106370910 95 4273 -62 -53
1481106410912 95 4265 -97 -72
1481106450915 95 4269 -105 -85
1481106490918 95 4273 -58 -82
1481106530919 95 4273 -54 -62
1481106570920 95 4269 -66 -57
1481106610921 95 4265 -148 -94
1481106650922 95 4269 -74 -106
1481106651665 95 4269 -74 -106
1481106690924 95 4265 -101 -80
1481106730927 95 4265 -74 -85
1481106770930 95 4269 -50 -67
1481106810931 95 4265 -50 -58
1481106850933 95 4265 -46 -50
1481106890936 95 4269 -62 -53
1481106930937 95 4269 -74 -64
1481106951667 95 4265 -242 -134
1481106970938 95 4265 -50 -143
1481107010939 95 4257 -113 -96
1481107050940 95 4269 -117 -110
1481107090941 95 4246 -66 -65
1481107130942 95 4265 -66 -65
1481107170943 95 4269 -58 -62
1481107210944 95 4265 -54 -56
1481107250946 95 4265 -66 -59
1481107251667 95 4265 -66 -59
1481107290948 95 4261 -66 -64
1481107330950 95 4269 -74 -76
1481107370952 95 4261 -58 -68
1481107410954 95 4265 -62 -62
1481107450956 95 4265 -58 -91
1481107490958 95 4261 -58 -109
1481107530959 94 4265 -54 -69
1481107551680 94 4257 -109 -78
1481107570961 94 4261 -66 -84
1481107610962 94 4261 -82 -76
1481107650963 94 4261 -58 -71
1481107690964 94 4265 -50 -55
1481107730966 94 4261 -74 -60
1481107770969 94 4265 -62 -66
1481107810972 94 4265 -62 -96
1481107850975 94 4265 -54 -67
1481107851665 94 4265 -54 -67
1481107890978 94 4261 -62 -60
1481107930979 94 4242 -105 -73
1481107970981 94 4261 -66 -82
1481108010983 94 4257 -58 -67
1481108050986 94 4261 -50 -64
1481108090987 94 4257 -50 -53
1481108130990 94 4261 -66 -56
1481108151667 94 4261 -58 -60
1481108170992 94 4261 -58 -58
1481108210995 94 4261 -74 -64
1481108250997 94 4257 -54 -64
1481108290998 94 4257 -66 -73
1481108330999 94 4253 -70 -69
1481108371000 94 4261 -54 -63
1481108411001 94 4261 -66 -57
1481108451003 94 4261 -66 -63
1481108451666 94 4261 -66 -63
1481108491005 94 4257 -66 -65
1481108531007 94 4253 -62 -70
1481108571011 94 4257 -50 -59
1481108611014 94 4253 -82 -64
1481108651017 94 4250 -58 -66
1481108691019 94 4257 -50 -57
1481108731020 94 4246 -105 -72
1481108751667 94 4257 -58 -78
1481108771021 94 4253 -54 -61
1481108811023 94 4253 -62 -58
1481108851026 94 4253 -121 -82
1481108891028 94 4253 -66 -72
1481108931029 94 4238 -62 -66
1481108971030 94 4253 -62 -63
1481109011034 94 4250 -50 -57
1481109051037 94 4253 -62 -56
1481109051705 94 4253 -62 -56
1481109091038 94 4253 -66 -62
1481109131039 94 4253 -62 -62
1481109171041 94 4253 -66 -63
1481109211042 94 4253 -62 -63
1481109251043 94 4250 -58 -103
1481109291045 94 4253 -54 -67
1481109331047 94 4250 -62 -60
1481109351681 94 4253 -46 -55
1481109371049 94 4250 -50 -49
1481109411052 93 4253 -46 -48
1481109451054 93 4250 -42 -45
1481109491055 93 4250 -70 -63
1481109531058 93 4250 -62 -65
1481109571059 93 4250 -74 -67
1481109611061 93 4250 -62 -57
1481109651063 93 4242 -82 -68
1481109651694 93 4242 -82 -68
1481109691065 93 4246 -66 -72
1481109731068 93 4250 -246 -166
1481109771071 93 4246 -54 -154
1481109811074 93 4246 -54 -79
1481109851077 93 4250 -54 -57
1481109891078 93 4246 -46 -51
1481109931080 93 4246 -50 -48
1481109951667 93 4250 -66 -55
1481109971081 93 4246 -62 -61
1481110011083 93 4246 -62 -61
1481110051086 93 4250 -70 -64
1481110091088 93 4250 -66 -68
1481110131090 93 4246 -62 -65
1481110171093 93 4250 -62 -62
1481110211094 93 4246 -50 -53
1481110251097 93 4246 -54 -52
1481110251678 93 4246 -54 -52
1481110291098 93 4246 -58 -55
1481110331099 93 4250 -54 -58
1481110371100 93 4242 -58 -56
1481110411101 93 4246 -54 -56
1481110451102 93 4246 -58 -73
1481110491103 93 4246 -66 -64
1481110531106 93 4242 -78 -70
1481110551715 93 4246 -66 -71
1481110571107 93 4230 -101 -80
1481110611109 93 4242 -97 -94
1481110651112 93 4246 -66 -84
1481110691114 93 4246 -50 -61
1481110731117 93 4238 -58 -55
1481110771117 93 4242 -58 -57
1481110811120 93 4246 -46 -53
1481110851134 93 4242 -54 -50
1481110851680 93 4242 -54 -50
1481110891128 93 4242 -50 -51
1481110931131 93 4242 -62 -62
1481110971134 93 4242 -66 -63
1481111011139 93 4238 -66 -65
1481111051139 92 4242 -58 -62
1481111091140 92 4238 -74 -65
1481111131141 92 4242 -54 -64
1481111151677 92 4238 -62 -59
1481111171142 92 4238 -66 -62
1481111211142 92 4242 -58 -62
1481111251143 92 4242 -54 -57
1481111291144 92 4242 -54 -50
1481111331146 92 4238 -62 -56
1481111371146 92 4230 -121 -82
1481111411146 92 4234 -50 -84
1481111451147 92 4234 -50 -52
1481111451666 92 4234 -50 -52
1481111491147 92 4234 -70 -58
1481111531147 92 4238 -70 -67
1481111571149 92 4238 -50 -60
1481111611149 92 4234 -54 -54
1481111651150 92 4234 -58 -55
1481111691150 92 4234 -50 -51
1481111731150 92 4238 -54 -51
1481111751665 92 4238 -50 -51
1481111771150 92 4238 -50 -51
1481111811151 92 4238 -70 -65
1481111851152 92 4238 -50 -61
1481111891152 92 4238 -62 -57
1481111931154 92 4234 -78 -71
1481111971155 92 4238 -66 -71
1481112011158 92 4234 -50 -61
1481112051160 92 4234 -66 -60
1481112051668 92 4234 -66 -60
1481112091157 92 4234 -54 -60
1481112131158 92 4234 -58 -57
1481112171158 92 4230 -50 -74
1481112211158 92 4234 -58 -59
1481112251159 92 4230 -66 -61
1481112291160 92 4187 -257 -129
1481112331160 92 4218 -70 -154
1481112351667 92 4230 -50 -83
1481112371160 92 4230 -50 -83
1481112411160 92 4234 -54 -53
1481112451161 92 4234 -66 -58
1481112491161 92 4226 -54 -59
1481112531161 92 4226 -50 -50
1481112571161 92 4230 -78 -60
1481112611162 92 4230 -66 -69
1481112651162 92 4230 -50 -58
1481112651694 92 4230 -50 -58
1481112691164 92 4230 -58 -55
1481112731164 92 4230 -58 -57
1481112771166 92 4222 -70 -77
1481112811167 91 4226 -66 -70
1481112851169 91 4226 -50 -61
1481112891171 91 4226 -66 -62
1481112931173 91 4230 -50 -59
1481112951678 91 4230 -50 -52
1481112971175 91 4230 -50 -52
1481113011177 91 4226 -50 -50
1481113051178 91 4226 -70 -57
1481113091178 91 4226 -66 -65
1481113131179 91 4226 -50 -58
1481113171179 91 4226 -50 -52
1481113211180 91 4226 -58 -53
1481113251180 91 4226 -54 -81
1481113251666 91 4226 -54 -81
1481113291180 91 4222 -70 -66
1481113331180 91 4222 -58 -64
1481113371181 91 4218 -89 -77
1481113411182 91 4222 -54 -72
1481113451183 91 4226 -54 -58
1481113491183 91 4226 -66 -64
1481113531183 91 4222 -54 -61
1481113551667 91 4222 -58 -57
1481113571184 91 4222 -58 -57
1481113611186 91 4222 -54 -54
1481113651187 91 4222 -54 -54
1481113691189 91 4222 -66 -58
1481113731191 91 4218 -85 -64
1481113771193 91 4222 -62 -70
1481113811197 91 4222 -62 -64
1481113851197 91 4222 -58 -62
1481113851667 91 4222 -58 -62
1481113891198 91 4218 -58 -59
1481113931199 91 4222 -54 -56
1481113971200 91 4222 -66 -62
1481114011201 91 4218 -85 -71
1481114051201 91 4218 -66 -74
1481114091202 91 4222 -46 -51
1481114131203 91 4222 -58 -51
1481114151671 91 4214 -105 -73
1481114171203 91 4214 -105 -73
1481114211204 91 4214 -46 -53
1481114251204 91 4218 -50 -49
1481114291206 91 4210 -97 -67
1481114331206 91 4214 -66 -65
1481114371207 91 4214 -58 -62
1481114411207 91 4218 -58 -59
1481114451208 90 4214 -121 -83
1481114451668 90 4214 -121 -83
1481114491210 90 4218 -62 -89
1481114531211 90 4207 -62 -68
1481114571211 90 4214 -164 -95
1481114611211 90 4214 -58 -107
1481114651211 90 4218 -66 -73
1481114691212 90 4214 -54 -54
1481114731212 90 4218 -62 -57
1481114751683 90 4218 -54 -57
1481114771215 90 4218 -54 -57
1481114811217 90 4214 -54 -57
1481114851220 90 4218 -66 -59
1481114891221 90 4210 -50 -58
1481114931221 90 4207 -82 -66
1481114971221 90 4214 -54 -67
1481115011221 90 4210 -70 -63
1481115051221 90 4214 -62 -64
1481115051666 90 4214 -62 -64
1481115091221 90 4203 -121 -84
1481115131222 90 4214 -62 -89
1481115171222 90 4214 -97 -74
1481115211222 90 4207 -82 -85
1481115251223 90 4210 -62 -75
1481115291224 90 4214 -70 -60
1481115331226 90 4210 -66 -66
1481115351704 90 4210 -62 -64
1481115371228 90 4210 -62 -64
1481115411229 90 4207 -62 -56
1481115451230 90 4210 -101 -74
1481115491232 90 4210 -62 -79
1481115531234 90 4207 -66 -62
1481115571237 90 4207 -62 -63
1481115611238 90 4210 -62 -62
1481115651239 90 4210 -62 -56
1481115651666 90 4210 -62 -56
1481115691240 90 4210 -50 -56
1481115731241 90 4207 -152 -89
1481115771246 90 4207 -66 -71
1481115811248 90 4203 -62 -65
1481115851250 90 4207 -62 -62
1481115891251 90 4203 -136 -89
1481115931251 90 4203 -62 -72
1481115951672 90 4203 -50 -60
1481115971254 90 4203 -50 -60
1481116011256 90 4203 -66 -58
1481116051257 90 4207 -66 -61
1481116091257 90 4203 -54 -60
1481116131258 89 4207 -66 -60
1481116171260 89 4203 -62 -60
1481116211260 89 4207 -66 -63
1481116251260 89 4203 -54 -60
1481116251667 89 4203 -54 -60
1481116291260 89 4195 -50 -58
1481116331260 89 4207 -78 -62
1481116371261 89 4199 -54 -65
1481116411262 89 4203 -50 -55
1481116451263 89 4203 -66 -57
1481116491263 89 4207 -46 -56
1481116531264 89 4199 -50 -55
1481116551666 89 4199 -50 -55
1481116571265 89 4203 -54 -52
1481116611267 89 4199 -78 -62
1481116651268 89 4199 -50 -53
1481116691268 89 4199 -58 -53
1481116731269 89 4199 -58 -56
1481116771270 89 4199 -50 -54
1481116811271 89 4195 -78 -61
1481116851272 89 4203 -70 -70
1481116851668 89 4203 -70 -70
1481116891274 89 4199 -62 -59
1481116931276 89 4203 -54 -58
1481116971278 89 4199 -58 -56
1481117011279 89 4203 -58 -54
1481117051280 89 4199 -58 -57
1481117091280 89 4203 -54 -56
1481117131281 89 4199 -66 -54
1481117151667 89 4199 -66 -54
1481117171282 89 4199 -66 -63
1481117211282 89 4199 -62 -63
1481117251283 89 4199 -50 -69
1481117291284 89 4199 -62 -59
1481117331285 89 4195 -62 -61
1481117371287 89 4199 -62 -56
1481117411289 89 4195 -50 -56
1481117451290 89 4199 -62 -56
1481117451666 89 4199 -62 -56
1481117491291 89 4195 -50 -55
1481117531293 89 4191 -62 -55
1481117571295 89 4199 -58 -58
1481117611298 88 4199 -74 -81
1481117651298 88 4195 -54 -68
1481117691298 88 4199 -66 -62
1481117731299 88 4183 -101 -76
1481117751666 88 4183 -101 -76
1481117771300 88 4195 -70 -82
1481117811300 88 4199 -70 -73
1481117851301 88 4195 -70 -64
1481117891302 88 4195 -54 -62
1481117931302 88 4191 -117 -79
1481117971302 88 4195 -58 -66
1481118011303 88 4191 -58 -60
1481118051303 88 4195 -54 -57
1481118051667 88 4195 -54 -57
1481118091303 88 4187 -74 -65
1481118131303 88 4195 -50 -62
1481118171304 88 4191 -62 -57
1481118211304 88 4195 -58 -72
1481118251306 88 4195 -54 -60
1481118291308 88 4191 -70 -61
1481118331310 88 4187 -66 -58
1481118351717 88 4187 -66 -58
1481118371312 88 4191 -66 -64
1481118411314 88 4191 -66 -65
1481118451316 88 4183 -70 -63
1481118491317 88 4191 -50 -60
1481118531318 88 4179 -175 -99
1481118571318 88 4191 -50 -66
1481118611319 88 4187 -70 -61
1481118651319 88 4187 -66 -66
1481118651666 88 4187 -66 -66
1481118691319 88 4187 -214 -129
1481118731320 88 4187 -66 -137
1481118771319 88 4187 -66 -83
1481118811319 88 4187 -50 -57
1481118851320 88 4183 -58 -54
1481118891321 88 4187 -54 -55
1481118931322 88 4187 -152 -96
1481118951666 88 4187 -152 -96
1481118971323 88 4191 -66 -105
1481119011324 88 4187 -62 -74
1481119051326 88 4187 -50 -54
1481119091327 88 4187 -62 -55
1481119131329 88 4183 -82 -67
1481119171331 88 4187 -70 -67
1481119211333 88 4183 -54 -63
1481119251335 88 4187 -50 -54
1481119251668 88 4187 -50 -54
1481119291336 87 4183 -58 -60
1481119331338 87 4187 -74 -64
1481119371338 87 4183 -54 -64
1481119411338 87 4179 -46 -51
1481119451338 87 4175 -113 -72
1481119491338 87 4183 -66 -84
1481119531338 87 4183 -58 -69
1481119551667 87 4183 -58 -69
1481119571340 87 4179 -89 -72
1481119611341 87 4171 -144 -105
1481119651342 87 4171 -85 -86
1481119691342 87 4183 -50 -71
1481119731344 87 4183 -66 -61
1481119771344 87 4179 -62 -58
1481119811344 87 4179 -62 -61
1481119851346 87 4183 -66 -63
1481119851724 87 4183 -66 -63
1481119891348 87 4175 -89 -66
1481119931350 87 4179 -50 -68
1481119971352 87 4183 -50 -54
1481120011354 87 4179 -62 -64
1481120051355 87 4179 -62 -62
1481120091357 87 4183 -46 -56
1481120131358 87 4179 -70 -65
1481120151667 87 4179 -70 -65
1481120171359 87 4179 -50 -61
1481120211360 87 4167 -89 -67
1481120251366 87 4179 -74 -67
1481120291368 87 4175 -58 -66
1481120331370 87 4175 -54 -58
1481120371370 87 4175 -74 -62
1481120411372 87 4179 -70 -89
1481120451374 87 4179 -58 -70
1481120451678 87 4179 -58 -70
1481120491376 87 4136 -132 -88
1481120531378 87 4175 -50 -76
1481120571378 87 4179 -46 -55
1481120611379 87 4175 -50 -49
1481120651380 87 4175 -70 -59
1481120691381 87 4175 -78 -70
1481120731382 87 4175 -50 -65
1481120751667 87 4179 -66 -59
1481120771383 87 4171 -62 -62
1481120811384 87 4171 -82 -69
1481120851386 87 4175 -62 -71
1481120891387 87 4171 -62 -60
1481120931389 86 4175 -50 -57
1481120971390 86 4171 -50 -51
1481121011392 86 4171 -54 -51
1481121051394 86 4171 -62 -56
1481121051752 86 4171 -62 -56
1481121091395 86 4171 -50 -56
1481121131397 86 4160 -66 -65
1481121171397 86 4167 -125 -87
1481121211398 86 4167 -78 -97
1481121251398 86 4167 -66 -61
1481121291399 86 4171 -195 -112
1481121331400 86 4144 -58 -122
1481121351668 86 4167 -50 -71
1481121371401 86 4171 -62 -59
1481121411401 86 4171 -78 -67
1481121451402 86 4171 -62 -69
1481121491402 86 4167 -50 -59
1481121531403 86 4171 -58 -55
1481121571403 86 4171 -50 -54
1481121611404 86 4171 -62 -74
1481121651406 86 4167 -121 -86
1481121651681 86 4167 -121 -86
1481121691408 86 4167 -58 -88
1481121731409 86 4167 -58 -69
1481121771412 86 4167 -117 -82
1481121811414 86 4164 -70 -90
1481121851416 86 4167 -70 -65
1481121891418 86 4167 -50 -61
1481121931419 86 4167 -66 -58
1481121951667 86 4164 -50 -58
1481121971420 86 4167 -50 -52
1481122011421 86 4152 -109 -72
1481122051421 86 4152 -78 -87
1481122091422 86 4160 -125 -86
1481122131423 86 4164 -70 -94
1481122171425 86 4156 -54 -70
1481122211426 86 4167 -54 -56
1481122251428 86 4167 -66 -59
1481122251680 86 4167 -66 -59
1481122291429 86 4167 -50 -58
1481122331431 86 4164 -58 -61
1481122371433 86 4164 -50 -55
1481122411435 86 4167 -54 -52
1481122451437 86 4164 -50 -59
1481122491438 86 4164 -62 -56
1481122531439 86 4164 -58 -59
1481122551668 86 4167 -74 -64
1481122571440 86 4164 -74 -71
1481122611441 85 4160 -50 -64
1481122651442 85 4160 -66 -59
1481122691443 85 4164 -70 -59
1481122731444 85 4160 -58 -62
1481122771446 85 4164 -62 -60
1481122811448 85 4156 -97 -95
1481122851450 85 4164 -54 -80
1481122851667 85 4164 -54 -80
1481122891450 85 4085 -398 -189
1481122931450 85 4078 -539 -657
1481122971451 85 4074 -417 -522
1481123011452 85 4070 -476 -465
1481123051453 84 4015 -656 -552
1481123091453 84 4000 -816 -690
1481123131454 84 4007 -851 -797
1481123151664 84 4015 -648 -761
1481123171456 84 4054 -410 -587
1481123211457 84 4078 -390 -446
1481123215440 84 4078 -390 -446
1481123251458 83 4078 -394 -405
1481123280565 83 4078 -382 -392
1481123291458 83 4078 -390 -387
1481123331459 83 4105 -207 -320
1481123340747 83 4105 -207 -320
1481123371460 83 4128 -66 -182
1481123411461 83 4132 -50 -69
1481123451462 83 4128 -70 -62
1481123451681 83 4128 -70 -62
1481123491463 83 4132 -70 -68
1481123531464 83 4132 -66 -66
1481123571466 83 4132 -97 -77
1481123611468 83 4132 -50 -74
1481123651470 83 4136 -66 -86
1481123691471 83 4113 -171 -110
1481123731473 83 4093 -296 -202
1481123751662 83 4085 -355 -294
1481123771473 83 4085 -281 -340
1481123811474 83 4085 -335 -358
1481123820995 83 4085 -335 -358
1481123851475 82 4078 -339 -342
1481123881177 82 4062 -472 -389
1481123891477 82 4066 -457 -445
1481123931478 82 4062 -457 -454
1481123971478 82 4066 -414 -439
1481123976343 82 4066 -414 -439
1481124011480 82 4066 -414 -413
1481124046513 82 4066 -378 -400
1481124051481 82 4066 -378 -400
1481124091482 82 4062 -414 -397
1481124106623 81 4058 -375 -394
1481124131483 81 4066 -378 -380
1481124171485 81 4101 -66 -261
1481124173102 81 4101 -66 -261
1481124211488 81 4109 -78 -119
1481124251490 81 4113 -62 -74
1481124291492 81 4113 -62 -65
1481124331495 81 4105 -121 -84
1481124351668 81 4109 -54 -86
1481124371498 81 4109 -74 -69
1481124411499 81 4113 -105 -84
1481124451500 81 4105 -58 -81
1481124491502 81 4093 -58 -66
1481124531503 81 4109 -82 -69
1481124571504 81 4109 -62 -71
1481124611507 81 4113 -70 -65
1481124651509 81 4113 -93 -77
1481124651667 81 4113 -93 -77
1481124691512 81 4109 -74 -81
1481124731515 81 4113 -70 -65
1481124771518 81 4113 -70 -68
1481124811520 81 4109 -58 -65
1481124851521 81 4109 -70 -64
1481124891522 81 4109 -62 -68
1481124931524 81 4109 -58 -62
1481124951667 81 4109 -58 -59
1481124971526 81 4109 -58 -59
1481125011530 81 4109 -74 -69
1481125051532 81 4109 -66 -69
1481125091536 81 4105 -58 -63
1481125131538 81 4109 -70 -72
1481125171539 81 4109 -58 -66
1481125211541 81 4109 -66 -63
1481125251542 81 4101 -101 -80
1481125251667 81 4101 -101 -80
1481125291543 81 4105 -74 -85
1481125331545 81 4105 -62 -72
1481125371548 81 4109 -78 -70
1481125411550 81 4101 -132 -96
1481125451553 81 4105 -214 -153
1481125491556 81 4109 -58 -84
1481125531558 81 4105 -70 -69
1481125551667 81 4105 -62 -66
1481125571560 81 4105 -62 -66
1481125611561 81 4105 -132 -106
1481125651563 81 4105 -58 -97
1481125691566 81 4109 -74 -73
1481125731568 81 4105 -70 -86
1481125771569 81 4093 -70 -74
1481125811571 81 4105 -82 -75
1481125851574 81 4105 -62 -66
1481125851746 81 4105 -62 -66
1481125891576 81 4105 -66 -64
1481125931578 81 4101 -58 -62
1481125971579 81 4105 -62 -67
1481126011581 80 4101 -62 -63
1481126051583 80 4097 -105 -78
1481126091585 80 4105 -54 -63
1481126131586 80 4101 -74 -63
1481126151667 80 4101 -66 -68
1481126171588 80 4101 -66 -68
1481126211589 80 4097 -109 -92
1481126251590 80 4101 -70 -89
1481126291592 80 4101 -62 -71
1481126331594 80 4101 -78 -66
1481126371594 80 4105 -58 -67
1481126411595 80 4097 -54 -58
1481126451596 80 4097 -74 -61
1481126451691 80 4097 -74 -61
1481126491596 80 4101 -70 -69
1481126531598 80 4101 -62 -66
1481126571599 80 4097 -54 -59
1481126611601 80 4101 -70 -61
1481126651602 80 4101 -58 -63
1481126691604 80 4097 -58 -62
1481126731605 80 4101 -74 -65
1481126751666 80 4097 -58 -65
1481126771605 80 4097 -58 -65
1481126811606 80 4097 -62 -65
1481126851607 80 4097 -62 -62
1481126891607 80 4101 -70 -65
1481126931607 80 4097 -58 -59
1481126971616 80 4097 -50 -55
1481127011619 80 4093 -54 -52
1481127051619 80 4093 -152 -90
1481127051668 80 4093 -152 -90
1481127091620 80 4089 -58 -101
1481127131621 80 4093 -66 -71
1481127171621 80 4093 -82 -74
1481127211622 80 4093 -62 -72
1481127251623 80 4093 -70 -67
1481127291623 80 4097 -58 -59
1481127331623 80 4093 -70 -62
1481127351667 80 4097 -74 -69
1481127371623 80 4097 -74 -69
1481127411624 80 4089 -54 -58
1481127451626 80 4093 -58 -56
1481127491627 80 4093 -54 -56
1481127531627 80 4093 -74 -67
1481127571627 80 4093 -58 -66
1481127611628 80 4089 -74 -66
1481127651629 80 4093 -50 -57
1481127651676 80 4093 -50 -57
1481127691629 80 4093 -164 -94
1481127731629 80 4093 -74 -112
1481127771630 80 4089 -58 -64
1481127811631 80 4093 -62 -61
1481127851631 79 4089 -62 -61
1481127891631 79 4093 -54 -69
1481127931632 79 4082 -85 -69
1481127951667 79 4085 -78 -78
1481127971633 79 4085 -78 -78
1481128011635 79 4085 -70 -104
1481128051637 79 4089 -66 -77
1481128091638 79 4070 -62 -67
1481128131638 79 4085 -70 -65
1481128171639 79 4089 -54 -62
1481128211640 79 4085 -62 -59
1481128251641 79 4089 -66 -63
1481128251667 79 4089 -66 -63
1481128291642 79 4089 -70 -66
1481128331642 79 4085 -58 -64
1481128371642 79 4078 -89 -71
1481128411642 79 4085 -58 -72
1481128451644 79 4082 -70 -66
1481128491646 79 4082 -74 -73
1481128531647 79 4082 -58 -67
1481128551668 79 4085 -66 -63
1481128571648 79 4085 -66 -63
1481128611650 79 4082 -58 -59
1481128651652 79 4085 -62 -59
1481128691654 79 4082 -66 -62
1481128731656 79 4085 -74 -63
1481128771658 79 4085 -62 -66
1481128811658 79 4074 -105 -78
1481128851659 79 4078 -70 -73
1481128851669 79 4078 -70 -73
1481128891659 79 4085 -70 -70
1481128931660 79 4078 -62 -67
1481128971660 79 4066 -62 -85
1481129011660 79 4082 -54 -64
1481129051660 79 4082 -74 -64
1481129091660 79 4082 -62 -67
1481129131660 79 4082 -58 -61
1481129151667 79 4082 -50 -55
1481129171660 79 4082 -50 -55
1481129211660 79 4082 -54 -59
1481129251660 78 4082 -66 -59
1481129291662 78 4082 -58 -61
1481129331663 78 4078 -74 -64
1481129371663 78 4082 -78 -71
1481129411664 78 4082 -50 -65
1481129451669 78 4082 -70 -61
1481129451674 78 4082 -70 -61
1481129491677 78 4078 -70 -75
1481129531678 78 4078 -58 -66
1481129571678 78 4078 -50 -57
1481129611679 78 4078 -54 -69
1481129651680 78 4078 -50 -72
1481129691681 78 4074 -50 -55
1481129731682 78 4070 -85 -63
1481129751668 78 4070 -85 -63
1481129771682 78 4078 -66 -72
1481129811682 78 4074 -74 -70
1481129851682 78 4078 -54 -64
1481129891682 78 4062 -152 -93
1481129931682 78 4078 -62 -103
1481129971683 78 4078 -70 -71
1481130011683 78 4074 -74 -71
1481130051667 78 4074 -66 -70
1481130051683 78 4074 -66 -70
1481130091683 78 4070 -66 -70
1481130131684 78 4074 -50 -61
1481130171686 78 4074 -50 -52
1481130211687 78 4074 -50 -53
1481130251688 78 4070 -54 -52
1481130291689 78 4070 -54 -53
1481130331689 78 4074 -66 -60
1481130351667 78 4074 -66 -60
1481130371691 78 4074 -74 -67
1481130411691 78 4074 -70 -70
1481130451691 78 4070 -66 -75
1481130491692 78 4074 -70 -69
1481130531694 78 4070 -101 -81
1481130571696 78 4066 -50 -66
1481130611698 78 4074 -62 -58
1481130651667 78 4070 -74 -65
1481130651699 78 4070 -74 -65
1481130691700 78 4070 -50 -71
1481130731701 78 4066 -58 -58
1481130771701 78 4046 -82 -67
1481130811701 78 4070 -97 -76
1481130851702 77 4066 -101 -93
1481130891702 77 4070 -62 -84
1481130931703 77 4066 -70 -72
1481130951694 77 4066 -70 -72
1481130971703 77 4066 -54 -64
1481131011703 77 4066 -50 -55
1481131051704 77 4070 -74 -68
1481131091704 77 4066 -66 -69
1481131131706 77 4066 -62 -65
1481131171708 77 4066 -58 -56
1481131211710 77 4066 -66 -60
1481131251669 77 4066 -74 -67
1481131251710 77 4066 -74 -67
1481131291712 77 4066 -62 -59
1481131331714 77 4066 -54 -58
1481131371716 77 4066 -62 -58
1481131411720 77 4066 -50 -73
1481131451721 77 4058 -93 -71
1481131491721 77 4062 -66 -77
1481131531722 77 4066 -58 -110
1481131551700 77 4066 -58 -110
1481131571722 77 4062 -58 -71
1481131611723 77 4058 -257 -135
1481131651723 77 4066 -66 -120
1481131691723 77 4066 -152 -111
1481131731724 77 4062 -62 -108
1481131771726 77 4062 -66 -64
1481131811727 77 4062 -82 -71
1481131851666 77 4058 -58 -70
1481131851728 77 4058 -58 -70
1481131891728 77 4062 -58 -56
1481131931729 77 4062 -54 -56
1481131971730 77 4062 -54 -54
1481132011731 77 4062 -54 -55
1481132051731 77 4062 -70 -60
1481132091733 77 4058 -74 -69
1481132131735 77 4062 -58 -58
1481132151707 77 4062 -58 -58
1481132171737 77 4058 -54 -56
1481132211737 77 4062 -62 -57
1481132251737 77 4058 -74 -76
1481132291738 77 4062 -74 -74
1481132331739 77 4054 -58 -68
1481132371739 76 4027 -281 -273
1481132411739 76 4054 -54 -193
1481132451667 76 4054 -78 -97
1481132451739 76 4054 -78 -97
1481132491741 76 4058 -78 -73
1481132531741 76 4046 -128 -95
1481132571741 76 4050 -50 -90
1481132611742 76 4058 -70 -61
1481132651743 76 4054 -54 -61
1481132691744 76 4054 -70 -61
1481132731744 76 4058 -54 -59
1481132751668 76 4058 -54 -59
1481132782635 76 4058 -70 -61
1481132788621 76 4058 -70 -61
1481132796620 76 4042 -109 -82
1481132804619 76 4042 -109 -82
1481132812620 76 4042 -109 -82
1481132822618 76 4054 -46 -78
1481132830620 76 4054 -46 -78
1481132836619 76 4054 -46 -78
1481132846619 76 4054 -46 -78
1481132852620 76 4054 -50 -55
1481132860620 76 4054 -50 -55
1481132868620 76 4054 -50 -55
1481132878620 76 4054 -50 -55
1481132890619 76 4054 -54 -52
1481132896620 76 4054 -54 -52
1481132902620 76 4054 -54 -52
1481132910621 76 4058 -58 -55
1481132918620 76 4058 -58 -55
1481132926621 76 4058 -58 -55
1481132934619 76 4058 -58 -55
1481132944619 76 4054 -50 -54
1481132950623 76 4054 -50 -54
1481132962619 76 4054 -50 -54
1481132972619 76 4058 -54 -52
1481132980623 76 4058 -54 -52
1481132988622 76 4058 -54 -52
1481132996620 76 4058 -54 -52
1481133008620 76 4054 -50 -52
1481133014620 76 4054 -50 -52
1481133024620 76 4054 -50 -52
1481133034618 76 4054 -50 -50
1481133040625 76 4054 -50 -50
1481133050621 76 4054 -50 -50
1481133051674 76 4054 -50 -50
1481133060624 76 4058 -46 -48
1481133070619 76 4058 -46 -48
1481133076623 76 4058 -46 -48
1481133084624 76 4058 -46 -48
1481133092620 76 4054 -97 -65
1481133102619 76 4054 -97 -65
1481133110619 76 4054 -97 -65
1481133116620 76 4054 -97 -65
1481133124620 76 4050 -54 -72
1481133132621 76 4050 -54 -72
1481133142623 76 4050 -54 -72
1481133152619 76 4058 -62 -61
1481133158621 76 4058 -62 -61
1481133166621 76 4058 -62 -61
1481133174623 76 4058 -62 -61
1481133180621 76 4058 -62 -61
1481133190620 76 4054 -50 -57
1481133198620 76 4054 -50 -57
1481133206619 76 4054 -50 -57
1481133212621 76 4031 -50 -51
1481133222620 76 4031 -50 -51
1481133230623 76 4031 -50 -51
1481133240621 76 4031 -50 -51
1481133246623 76 4050 -50 -50
1481133256621 76 4050 -50 -50
1481133266619 76 4050 -50 -50
1481133276622 76 4046 -89 -64
1481133284619 76 4046 -89 -64
1481133292623 76 4046 -89 -64
1481133302622 76 4050 -238 -138
1481133314619 76 4050 -238 -138
1481133324622 76 4050 -238 -138
1481133332622 76 4054 -54 -144
1481133342619 76 4054 -54 -144
1481133350620 76 4054 -54 -144
1481133351675 76 4054 -54 -144
1481133360619 76 4054 -54 -144
1481133368621 76 4054 -58 -78
1481133378619 76 4054 -58 -78
1481133384625 76 4054 -58 -78
1481133396621 76 4050 -136 -92
1481133404624 76 4050 -136 -92
1481133412623 76 4050 -136 -92
1481133422626 76 4054 -50 -92
1481133434622 76 4054 -50 -92
1481133442622 76 4054 -50 -92
1481133450623 76 4054 -50 -92
1481133458622 76 4050 -54 -62
1481133466625 76 4050 -54 -62
1481133474622 76 4050 -54 -62
1481133486626 76 4054 -93 -70
1481133496620 76 4054 -93 -70
1481133502626 76 4054 -93 -70
1481133510622 76 4054 -93 -70
1481133520623 76 4054 -62 -84
1481133528623 76 4054 -62 -84
1481133536621 76 4054 -62 -84
1481133546624 76 4054 -50 -75
1481133554627 76 4054 -50 -75
1481133562623 76 4054 -50 -75
1481133568622 76 4054 -50 -75
1481133576624 76 4054 -50 -56
1481133586623 76 4054 -50 -56
1481133596620 76 4054 -50 -56
1481133606623 76 4054 -58 -54
1481133616622 76 4054 -58 -54
1481133624622 76 4054 -58 -54
1481133632628 76 4054 -54 -55
1481133642623 76 4054 -54 -55
1481133651699 76 4054 -54 -55
1481133652625 76 4054 -54 -55
1481133660622 76 4054 -54 -55
1481133668624 76 4058 -42 -49
1481133674624 76 4058 -42 -49
1481133682627 76 4058 -42 -49
1481133692622 76 4050 -70 -54
1481133702622 76 4050 -70 -54
1481133708622 76 4050 -70 -54
1481133714624 76 4050 -70 -54
1481133722626 76 4054 -42 -55
1481133730623 76 4054 -42 -55
1481133738623 76 4054 -42 -55
1481133746621 76 4054 -42 -55
1481133756622 76 4058 -39 -43
1481133799620 76 4054 -62 -48
1481133807620 76 4054 -62 -48
1481133815621 76 4054 -50 -54
1481133832621 76 4054 -50 -54
1481133842621 76 4050 -54 -52
1481133852621 76 4050 -54 -52
1481133858622 76 4050 -54 -52
1481133866622 76 4050 -54 -52
1481133876621 76 4054 -58 -55
1481133884622 76 4054 -58 -55
1481133894620 76 4054 -58 -55
1481133902624 75 4050 -50 -54
1481133912621 75 4050 -50 -54
1481133920620 75 4050 -50 -54
1481133926621 75 4050 -50 -54
1481133932621 75 4050 -54 -52
1481133940623 75 4050 -54 -52
1481133948621 75 4050 -54 -52
1481133951763 75 4050 -54 -52
1481133954622 75 4050 -54 -52
1481133960626 75 4050 -54 -52
1481133968621 75 4046 -50 -52
1481133980621 75 4046 -50 -52
1481133986622 75 4046 -50 -52
1481133994622 75 4050 -78 -61
1481134004624 75 4050 -78 -61
1481134012622 75 4050 -78 -61
1481134022625 75 4050 -50 -63
1481134030622 75 4050 -50 -63
1481134038622 75 4050 -50 -63
1481134046624 75 4050 -50 -63
1481134058624 75 4050 -46 -51
1481134066625 75 4050 -46 -51
1481134072622 75 4050 -46 -51
1481134078624 75 4050 -46 -51
1481134084623 75 4054 -50 -48
1481134094623 75 4054 -50 -48
1481134102624 75 4054 -50 -48
1481134108623 75 4054 -50 -48
1481134114623 75 4054 -58 -52
1481134124624 75 4054 -58 -52
1481134132625 75 4054 -58 -52
1481134140627 75 4054 -58 -52
1481134150622 75 4050 -50 -53
1481134158623 75 4050 -50 -53
1481134168623 75 4050 -50 -53
1481134178626 75 4050 -54 -52
1481134190622 75 4050 -54 -52
1481134198624 75 4050 -54 -52
1481134208622 75 4050 -50 -52
1481134220622 75 4050 -50 -52
1481134232621 75 4050 -50 -52
1481134242623 75 4046 -50 -50
1481134251687 75 4046 -50 -50
1481134252937 75 4046 -50 -50
1481134259626 75 4046 -50 -50
1481134267622 75 4050 -58 -53
1481134273623 75 4050 -58 -53
1481134279623 75 4050 -58 -53
1481134291619 75 4050 -58 -53
1481134297624 75 4050 -50 -53
1481134305624 75 4050 -50 -53
1481134311623 75 4050 -50 -53
1481134319623 75 4050 -50 -53
1481134327623 75 4050 -46 -49
1481134335626 75 4050 -46 -49
1481134343623 75 4050 -46 -49
1481134353624 75 4054 -42 -45
1481134361623 75 4054 -42 -45
1481134367624 75 4054 -42 -45
1481134377628 75 4054 -42 -45
1481134387624 75 4054 -50 -45
1481134395626 75 4054 -50 -45
1481134405622 75 4054 -50 -45
1481134413627 75 4054 -50 -48
1481134421623 75 4054 -50 -48
1481134427625 75 4054 -50 -48
1481134441623 75 4054 -50 -48
1481134450624 75 4050 -54 -51
1481134460623 75 4050 -54 -51
1481134468625 75 4050 -54 -51
1481134474630 75 4054 -54 -53
1481134486624 75 4054 -54 -53
1481134496628 75 4054 -54 -53
1481134506625 75 4054 -50 -52
1481134512626 75 4054 -50 -52
1481134522626 75 4054 -50 -52
1481134530625 75 4054 -50 -52
1481134540623 75 4050 -54 -52
1481134546623 75 4050 -54 -52
1481134551681 75 4050 -54 -52
1481134552630 75 4050 -54 -52
1481134564625 75 4050 -50 -52
1481134572624 75 4050 -50 -52
1481134580625 75 4050 -50 -52
1481134588625 75 4050 -50 -52
1481134596624 75 4050 -78 -61
1481134606625 75 4050 -78 -61
1481134614626 75 4050 -78 -61
1481134622626 75 4050 -78 -61
1481134634623 75 4054 -46 -61
1481134642625 75 4054 -46 -61
1481134650624 75 4054 -46 -61
1481134656626 75 4054 -42 -48
1481134666626 75 4054 -42 -48
1481134674624 75 4054 -42 -48
1481134682624 75 4054 -42 -48
1481134690625 75 4050 -50 -46
1481134698624 75 4050 -50 -46
1481134706624 75 4050 -50 -46
1481134714625 75 4050 -50 -49
1481134722624 75 4050 -50 -49
1481134734626 75 4050 -50 -49
1481134742626 75 4050 -50 -49
1481134752624 75 4050 -50 -49
1481134760623 75 4050 -50 -49
1481134768624 75 4050 -50 -49
1481134778625 75 4050 -58 -52
1481134786625 75 4050 -58 -52
1481134792626 75 4050 -58 -52
1481134800626 75 4050 -58 -52
1481134810627 75 4050 -50 -53
1481134818625 75 4050 -50 -53
1481134824625 75 4050 -50 -53
1481134834627 75 4046 -74 -59
1481134842630 75 4046 -74 -59
1481134851675 75 4046 -74 -59
1481134852626 75 4046 -74 -59
1481134862627 75 4046 -74 -59
1481134870626 75 4046 -50 -61
1481134876624 75 4046 -50 -61
1481134884627 75 4046 -50 -61
1481134894627 75 4050 -50 -52
1481134902625 75 4050 -50 -52
1481134910627 75 4050 -50 -52
1481134920627 75 4050 -50 -52
1481134928624 75 4046 -54 -52
1481134936625 75 4046 -54 -52
1481134942626 75 4046 -54 -52
1481134950626 75 4046 -54 -52
1481134958626 75 4050 -62 -56
1481134966626 75 4050 -62 -56
1481134972626 75 4050 -62 -56
1481134982626 75 4050 -62 -56
1481134988627 75 4050 -179 -104
1481134998627 75 4050 -179 -104
1481135004626 75 4050 -179 -104
1481135016625 75 4054 -128 -140
1481135022628 75 4054 -128 -140
1481135032627 75 4054 -128 -140
1481135040627 75 4054 -128 -140
1481135048628 75 4050 -54 -103
1481135058627 75 4050 -54 -103
1481135066627 75 4050 -54 -103
1481135076628 75 4050 -42 -61
1481135084627 75 4050 -42 -61
1481135094626 75 4050 -42 -61
1481135104627 75 4050 -42 -61
1481135112625 75 4050 -46 -48
1481135118626 75 4050 -46 -48
1481135126626 75 4050 -46 -48
1481135132627 75 4050 -46 -48
1481135140629 75 4050 -46 -46
1481135150626 75 4050 -46 -46
1481135151676 75 4050 -46 -46
1481135158626 75 4050 -46 -46
1481135166629 75 4046 -54 -49
1481135174626 75 4046 -54 -49
1481135182628 75 4046 -54 -49
1481135192623 75 4046 -54 -49
1481135198627 75 4050 -58 -54
1481135206627 75 4050 -58 -54
1481135216626 75 4050 -58 -54
1481135224627 75 4050 -58 -54
1481135234627 75 4050 -62 -58
1481135240626 75 4050 -62 -58
1481135248627 75 4050 -62 -58
1481135258627 75 4050 -42 -53
1481135266626 75 4050 -42 -53
1481135274628 75 4050 -42 -53
1481135282627 75 4050 -42 -53
1481135292630 75 4046 -46 -46
1481135300628 75 4046 -46 -46
1481135308627 75 4046 -46 -46
1481135318627 75 4050 -42 -44
1481135326626 75 4050 -42 -44
1481135334629 75 4050 -42 -44
1481135346626 75 4046 -50 -45
1481135356627 75 4046 -50 -45
1481135364626 75 4046 -50 -45
1481135372627 75 4046 -50 -45
1481135380626 75 4050 -42 -45
1481135388627 75 4050 -42 -45
1481135398629 75 4050 -42 -45
1481135406629 75 4050 -46 -44
1481135416627 75 4050 -46 -44
1481135422628 75 4050 -46 -44
1481135430629 75 4050 -46 -44
1481135440627 75 4046 -42 -44
1481135448627 75 4046 -42 -44
1481135451676 75 4046 -42 -44
1481135456627 75 4046 -42 -44
1481135464632 75 4046 -42 -44
1481135472627 75 4031 -46 -44
1481135480629 75 4031 -46 -44
1481135488628 75 4031 -46 -44
1481135496633 75 4050 -46 -45
1481135506630 75 4050 -46 -45
1481135514626 75 4050 -46 -45
1481135522626 75 4050 -46 -45
1481135530627 75 4050 -42 -44
1481135540629 75 4050 -42 -44
1481135548626 75 4050 -42 -44
1481135556633 75 4050 -46 -44
1481135566626 75 4050 -46 -44
1481135574626 75 4050 -46 -44
1481135582630 75 4050 -46 -44
1481135594628 75 4050 -125 -74
1481135602629 75 4050 -125 -74
1481135612626 75 4050 -125 -74
1481135620627 75 4046 -42 -80
1481135626627 75 4046 -42 -80
1481135634627 75 4046 -42 -80
1481135642630 75 4046 -42 -80
1481135652628 75 4046 -42 -51
1481135660625 75 4046 -42 -51
1481135666626 75 4046 -42 -51
1481135674626 75 4046 -42 -51
1481135682629 75 4050 -42 -44
1481135688632 75 4050 -42 -44
1481135696629 75 4050 -42 -44
1481135704629 75 4050 -42 -44
1481135712628 75 4050 -42 -42
1481135722633 75 4050 -42 -42
1481135732628 75 4050 -42 -42
1481135740626 75 4046 -42 -42
1481135748628 75 4046 -42 -42
1481135751677 75 4046 -42 -42
1481135758628 75 4046 -42 -42
1481135768627 75 4050 -50 -45
1481135778626 75 4050 -50 -45
1481135786626 75 4050 -50 -45
1481135794626 75 4050 -50 -45
1481135802636 75 4046 -46 -47
1481135814629 75 4046 -46 -47
1481135823627 75 4046 -46 -47
1481135831631 75 4042 -46 -46
1481135841633 75 4042 -46 -46
1481135849626 75 4042 -46 -46
1481135857626 75 4046 -42 -44
1481135865626 75 4046 -42 -44
1481135873630 75 4046 -42 -44
1481135881628 75 4046 -42 -44
1481135889627 75 4046 -46 -44
1481135899629 75 4046 -46 -44
1481135905628 75 4046 -46 -44
1481135917627 75 4050 -50 -47
1481135925625 75 4050 -50 -47
1481135931626 75 4050 -50 -47
1481135939628 75 4050 -50 -47
1481135951629 75 4046 -42 -46
1481135959627 75 4046 -42 -46
1481135967626 75 4046 -42 -46
1481135975627 75 4046 -42 -46
1481135983627 75 4050 -42 -43
1481135991627 75 4050 -42 -43
1481135999628 75 4050 -42 -43
1481136007634 75 4046 -42 -42
1481136017628 75 4046 -42 -42
1481136025628 75 4046 -42 -42
1481136033631 75 4046 -42 -42
1481136041628 75 4046 -42 -42
1481136049631 75 4046 -42 -42
1481136051671 75 4046 -42 -42
1481136057630 75 4046 -42 -42
1481136067634 75 4046 -42 -42
1481136075629 75 4046 -42 -42
1481136083630 75 4046 -42 -42
1481136093629 75 4046 -42 -42
1481136103630 75 4042 -42 -42
1481136113627 75 4042 -42 -42
1481136119629 75 4042 -42 -42
1481136125632 75 4042 -42 -42
1481136135629 75 4046 -42 -42
1481136141629 75 4046 -42 -42
1481136151628 75 4046 -42 -42
1481136157629 75 4046 -82 -57
1481136167628 75 4046 -82 -57
1481136177628 75 4046 -82 -57
1481136187631 75 4046 -42 -60
1481136197626 75 4046 -42 -60
1481136205626 75 4046 -42 -60
1481136213625 75 4046 -42 -60
1481136225625 75 4046 -42 -46
1481136235630 75 4046 -42 -46
1481136244627 75 4046 -42 -46
1481136254631 75 4046 -42 -43
1481136262629 75 4046 -42 -43
1481136270629 75 4046 -42 -43
1481136280629 75 4046 -58 -48
1481136288629 75 4046 -58 -48
1481136298627 75 4046 -58 -48
1481136304630 75 4046 -58 -48
1481136312628 75 4046 -42 -49
1481136320630 75 4046 -42 -49
1481136328632 75 4046 -42 -49
1481136338633 75 4046 -50 -46
1481136346632 75 4046 -50 -46
1481136351676 75 4046 -50 -46
1481136354629 75 4046 -50 -46
1481136362630 75 4046 -50 -46
1481136368631 75 4046 -50 -49
1481136378630 75 4046 -50 -49
1481136388633 75 4046 -50 -49
1481136396629 75 4046 -50 -49
1481136404632 75 4046 -46 -48
1481136412630 75 4046 -46 -48
1481136420630 75 4046 -46 -48
1481136432631 75 4046 -42 -45
1481136440631 75 4046 -42 -45
1481136450629 75 4046 -42 -45
1481136462630 75 4050 -42 -42
1481136470629 75 4050 -42 -42
1481136478630 75 4050 -42 -42
1481136486628 75 4050 -42 -42
1481136496631 75 4046 -66 -51
1481136542644 75 4039 -128 -85
1481136555631 74 4042 -54 -89
1481136565628 74 4042 -54 -89
1481136571628 74 4042 -54 -89
1481136579629 74 4046 -42 -58
1481136587629 74 4046 -42 -58
1481136597630 74 4046 -42 -58
1481136607630 74 4046 -42 -58
1481136617629 74 4042 -42 -46
1481136625626 74 4042 -42 -46
1481136648629 74 4039 -195 -100
1481136651693 74 4039 -195 -100
1481136657633 74 4039 -195 -100
1481136665630 74 4039 -195 -100
1481136675632 74 4042 -42 -113
1481136685631 74 4042 -42 -113
1481136693627 74 4042 -42 -113
1481136731646 74 4046 -89 -67
1481136763633 74 4046 -82 -80
1481136773629 74 4046 -82 -80
1481136783629 74 4046 -82 -80
1481136791629 74 4046 -42 -66
1481136797630 74 4046 -42 -66
1481136805628 74 4046 -42 -66
1481136811630 74 4046 -42 -66
1481136819630 74 4042 -46 -49
1481136829630 74 4042 -46 -49
1481136839630 74 4042 -46 -49
1481136854630 74 4046 -42 -45
1481136860631 74 4046 -42 -45
1481136866639 74 4046 -42 -45
1481136876631 74 4046 -42 -45
1481136884630 74 4042 -42 -42
1481136892631 74 4042 -42 -42
1481136902629 74 4042 -42 -42
1481136910629 74 4042 -50 -45
1481136920631 74 4042 -50 -45
1481136928630 74 4042 -50 -45
1481136936631 74 4042 -50 -45
1481136946634 74 4046 -42 -45
1481136951737 74 4046 -42 -45
1481136956631 74 4046 -42 -45
1481136964632 74 4046 -42 -45
1481136970631 74 4046 -50 -45
1481136978630 74 4046 -50 -45
1481136986629 74 4046 -50 -45
1481136994630 74 4046 -50 -45
1481137004629 74 4046 -39 -44
1481137012631 74 4046 -39 -44
1481137020631 74 4046 -39 -44
1481137028632 74 4046 -39 -44
1481137034637 74 4046 -42 -41
1481137044633 74 4046 -42 -41
1481137054633 74 4046 -42 -41
1481137064632 74 4042 -42 -41
1481137076636 74 4042 -42 -41
1481137084632 74 4042 -42 -41
1481137094636 74 4046 -50 -44
1481137102634 74 4046 -50 -44
1481137112632 74 4046 -50 -44
1481137122632 74 4042 -50 -48
1481137132633 74 4042 -50 -48
1481137140630 74 4042 -50 -48
1481137150630 74 4042 -58 -52
1481137158630 74 4042 -58 -52
1481137168632 74 4042 -58 -52
1481137178634 74 4042 -58 -52
1481137186631 74 4042 -46 -52
1481137194631 74 4042 -46 -52
1481137202631 74 4042 -46 -52
1481137210633 74 4042 -42 -46
1481137222636 74 4042 -42 -46
1481137232631 74 4042 -42 -46
1481137240635 74 4042 -42 -43
1481137250635 74 4042 -42 -43
1481137251675 74 4042 -42 -43
1481137258632 74 4042 -42 -43
1481137266636 74 4042 -42 -43
1481137274635 74 4046 -42 -42
1481137282632 74 4046 -42 -42
1481137292630 74 4046 -42 -42
1481137302630 74 4046 -42 -42
1481137310634 74 4046 -42 -42
1481137320633 74 4046 -42 -42
1481137330641 74 4046 -42 -50
1481137340634 74 4046 -42 -50
1481137348636 74 4046 -42 -50
1481137358634 74 4046 -42 -50
1481137368633 74 4042 -42 -56
1481137378635 74 4042 -42 -56
1481137386633 74 4042 -42 -56
1481137396633 74 4046 -42 -45
1481137406633 74 4046 -42 -45
1481137414633 74 4046 -42 -45
1481137422638 74 4046 -42 -42
1481137430634 74 4046 -42 -42
1481137442633 74 4046 -42 -42
1481137450634 74 4046 -42 -42
1481137460633 74 4046 -42 -42
1481137470630 74 4046 -42 -42
1481137476633 74 4046 -42 -42
1481137484633 74 4042 -50 -45
1481137492636 74 4042 -50 -45
1481137500635 74 4042 -50 -45
1481137508635 74 4042 -50 -45
1481137516633 74 4042 -50 -48
1481137526632 74 4042 -50 -48
1481137534634 74 4042 -50 -48
1481137540642 74 4042 -46 -48
1481137548633 74 4042 -46 -48
1481137551672 74 4042 -46 -48
1481137558634 74 4042 -46 -48
1481137564633 74 4042 -46 -48
1481137572635 74 4042 -50 -48
1481137580636 74 4042 -50 -48
1481137588633 74 4042 -50 -48
1481137596636 74 4042 -50 -48
1481137606631 74 4042 -42 -46
1481137616635 74 4042 -42 -46
1481137626632 74 4042 -42 -46
1481137632634 74 4039 -46 -44
1481137642632 74 4039 -46 -44
1481137652635 74 4039 -46 -44
1481137662637 74 4027 -50 -47
1481137672634 74 4027 -50 -47
1481137680637 74 4027 -50 -47
1481137686634 74 4027 -50 -47
1481137696636 74 4042 -46 -47
1481137704635 74 4042 -46 -47
1481137714638 74 4042 -46 -47
1481137724634 74 4042 -42 -44
1481137732633 74 4042 -42 -44
1481137740635 74 4042 -42 -44
1481137748634 74 4042 -42 -44
1481137756636 74 4042 -50 -45
1481137764637 74 4042 -50 -45
1481137772633 74 4042 -50 -45
1481137782636 74 4042 -46 -47
1481137792634 74 4042 -46 -47
1481137802631 74 4042 -46 -47
1481137812633 74 4042 -46 -46
1481137820637 74 4042 -46 -46
1481137830633 74 4042 -46 -46
1481137836634 74 4042 -46 -46
1481137842638 74 4042 -42 -44
1481137851676 74 4042 -42 -44
1481137852636 74 4042 -42 -44
1481137862634 74 4042 -42 -44
1481137872638 74 4042 -42 -42
1481137882635 74 4042 -42 -42
1481137892633 74 4042 -42 -42
1481137900636 74 4042 -42 -42
1481137908636 74 4042 -50 -45
1481137914637 74 4042 -50 -45
1481137922636 74 4042 -50 -45
1481137932637 74 4042 -50 -48
1481137942634 74 4042 -50 -48
1481137950638 74 4042 -50 -48
1481137958636 74 4042 -50 -48
1481137966632 74 4042 -42 -46
1481137976633 74 4042 -42 -46
1481137986629 74 4042 -42 -46
1481137992636 74 4039 -42 -43
1481138002634 74 4039 -42 -43
1481138012636 74 4039 -42 -43
1481138020635 74 4039 -42 -43
1481138028636 74 4039 -46 -43
1481138038634 74 4039 -46 -43
1481138046635 74 4039 -46 -43
1481138056636 74 4039 -54 -48
1481138066634 74 4039 -54 -48
1481138072635 74 4039 -54 -48
1481138082641 74 4042 -46 -49
1481138092636 74 4042 -46 -49
1481138102635 74 4042 -46 -49
1481138110634 74 4042 -46 -49
1481138120634 74 4039 -42 -45
1481138130637 74 4039 -42 -45
1481138140634 74 4039 -42 -45
1481138148636 74 4042 -46 -44
1481138151693 74 4042 -46 -44
1481138158635 74 4042 -46 -44
1481138168639 74 4042 -46 -44
1481138178637 74 4039 -42 -44
1481138188637 74 4039 -42 -44
1481138196635 74 4039 -42 -44
1481138204637 74 4042 -42 -42
1481138210642 74 4042 -42 -42
1481138220636 74 4042 -42 -42
1481138228636 74 4042 -42 -42
1481138238639 74 4039 -46 -43
1481138248637 74 4039 -46 -43
1481138258636 74 4039 -46 -43
1481138268636 74 4039 -42 -43
1481138276637 74 4039 -42 -43
1481138284637 74 4039 -42 -43
1481138294630 74 4011 -156 -85
1481138302635 74 4011 -156 -85
1481138312637 74 4011 -156 -85
1481138324631 74 3992 -347 -209
1481138332629 74 3992 -347 -209
1481138372648 74 3953 -507 -372
1481138412649 74 4023 -70 -120
1481138451681 74 4023 -58 -78
1481138452651 74 4023 -58 -78
1481138492653 74 4023 -54 -61
1481138532657 74 4027 -89 -68
1481138572656 73 4031 -70 -71
1481138612656 73 4027 -62 -67
1481138652656 73 4027 -66 -64
1481138692656 73 4027 -54 -92
1481138732656 73 4031 -70 -69
1481138751666 73 4031 -58 -65
1481138772656 73 4031 -58 -65
1481138812656 73 4019 -132 -86
1481138852656 73 4027 -70 -97
1481138892657 73 4027 -74 -78
1481138932657 73 4027 -66 -67
1481138972658 73 4023 -66 -66
1481139012658 73 4019 -70 -67
1481139051665 73 4019 -78 -81
1481139052658 73 4019 -78 -81
1481139092659 73 4027 -66 -74
1481139132659 73 4027 -62 -66
1481139172660 73 4023 -78 -73
1481139212660 73 4027 -70 -73
1481139252661 73 4019 -58 -66
1481139292661 73 4023 -78 -64
1481139332664 73 4027 -74 -73
1481139351665 73 4023 -54 -66
1481139372666 73 4023 -54 -66
1481139412666 73 4015 -89 -73
1481139452668 73 4019 -58 -73
1481139466628 73 3984 -273 -142
1481139466641 73 3984 -273 -142
