P 1477398580201
S 1477398581047 14
L 1477398581000 35.8980654 14.5102036
L 1477398582000 35.8980833 14.5102355
S 1477398582057 14
S 1477398583047 14
L 1477398584000 35.8981013 14.5102557
S 1477398584052 14
L 1477398585000 35.8981127 14.5102689
S 1477398585056 14
L 1477398586000 35.8981217 14.5102795
S 1477398586055 14
L 1477398587000 35.8981339 14.5103014
S 1477398587063 13
L 1477398588000 35.8981284 14.5103227
S 1477398588059 13
S 1477398589047 11
L 1477398589000 35.8981272 14.5103484
S 1477398590045 12
L 1477398591000 35.8981109 14.5104038
S 1477398591057 12
S 1477398592049 12
L 1477398592000 35.8980725 14.510452
S 1477398593058 12
L 1477398594000 35.8980894 14.5104917
S 1477398594055 12
S 1477398595059 13
L 1477398596000 35.898129 14.5105102
S 1477398596058 12
L 1477398597000 35.8981098 14.5105497
S 1477398597054 12
S 1477398598054 12
S 1477398599046 12
L 1477398599000 35.8981052 14.5105869
S 1477398600051 13
L 1477398600000 35.8981942 14.5105451
S 1477398601051 12
L 1477398602000 35.8982334 14.5105664
S 1477398602056 12
L 1477398603000 35.8982451 14.5105794
S 1477398603052 11
S 1477398604046 10
L 1477398604000 35.8982427 14.5106164
S 1477398605061 11
S 1477398606045 11
L 1477398606000 35.8982632 14.5106149
S 1477398607047 11
L 1477398607000 35.898257 14.5106358
S 1477398608060 11
S 1477398609046 10
L 1477398609000 35.8982372 14.5106908
S 1477398610056 9
S 1477398611048 11
L 1477398611000 35.8982432 14.5106974
S 1477398612060 11
S 1477398613046 10
L 1477398613000 35.8982292 14.5107435
S 1477398614053 10
S 1477398615046 10
L 1477398615000 35.8982437 14.5107619
S 1477398616046 10
L 1477398616000 35.8982776 14.5107678
S 1477398617046 9
L 1477398618000 35.8983352 14.510805
S 1477398618053 10
S 1477398619047 10
L 1477398619000 35.8983551 14.5108304
L 1477398620000 35.8983744 14.5108215
S 1477398620061 10
S 1477398621055 10
S 1477398622046 10
L 1477398622000 35.8984037 14.5108303
L 1477398623000 35.898404 14.5108406
S 1477398623058 10
S 1477398624053 11
L 1477398624000 35.8984247 14.5108476
S 1477398625062 10
S 1477398626046 10
L 1477398626000 35.8984651 14.5108616
S 1477398627055 12
L 1477398628000 35.8984731 14.5108982
S 1477398628057 12
S 1477398629047 12
L 1477398629000 35.898482 14.5109113
S 1477398630045 12
S 1477398631047 12
L 1477398631000 35.8985238 14.5109323
S 1477398632046 10
S 1477398633046 10
L 1477398633000 35.8985643 14.5109433
S 1477398634052 12
S 1477398635045 12
L 1477398635000 35.8985732 14.5109783
S 1477398636045 12
L 1477398636000 35.8985639 14.5109974
L 1477398637000 35.8985804 14.5110129
S 1477398637055 12
S 1477398638046 12
L 1477398638000 35.8985953 14.5110163
S 1477398639052 12
L 1477398640000 35.8985956 14.5110509
S 1477398640055 12
P 1477398640354