P 1477398580201
L 1477398581000 35.8980849 14.5103612
S 1477398580612 15
L 1477398582000 35.8980937 14.5103749
S 1477398581607 14
S 1477398582596 14
L 1477398584000 35.8981113 14.5104048
S 1477398583601 14
S 1477398584598 13
L 1477398585000 35.8981219 14.5104168
S 1477398585613 13
L 1477398587000 35.8981454 14.5104411
S 1477398586605 13
S 1477398587599 13
L 1477398589000 35.8981641 14.510452
S 1477398588597 13
L 1477398590000 35.8981648 14.5104586
S 1477398589608 13
S 1477398590593 15
L 1477398592000 35.898175 14.5104933
S 1477398591600 15
S 1477398592602 16
S 1477398593591 14
L 1477398594000 35.898177 14.5105236
S 1477398594595 13
L 1477398595000 35.8981891 14.5105305
S 1477398595591 14
L 1477398596000 35.8981961 14.5105461
S 1477398596597 13
L 1477398598000 35.8982224 14.5105701
S 1477398597606 13
L 1477398599000 35.8982339 14.5105808
S 1477398598602 13
S 1477398599599 14
L 1477398600000 35.8982584 14.510575
S 1477398600618 13
L 1477398601000 35.8982666 14.5105832
S 1477398601601 13
L 1477398603000 35.898288 14.5106034
S 1477398602606 13
S 1477398603603 13
L 1477398604000 35.8983128 14.5106045
S 1477398604605 14
L 1477398605000 35.8983363 14.5106247
S 1477398605602 14
L 1477398607000 35.8983294 14.5106491
S 1477398606599 13
S 1477398607592 12
L 1477398609000 35.8983419 14.5106827
S 1477398608598 12
L 1477398610000 35.8983389 14.5107018
S 1477398609601 12
S 1477398610592 12
L 1477398612000 35.898354 14.5107356
S 1477398611604 12
S 1477398612598 13
S 1477398613595 11
L 1477398614000 35.898362 14.5107657
L 1477398615000 35.8983769 14.5107717
S 1477398614600 10
S 1477398615603 10
S 1477398616598 11
L 1477398617000 35.8983911 14.5107965
S 1477398617602 11
L 1477398618000 35.8984017 14.510803
S 1477398618600 11
L 1477398620000 35.8984144 14.5108285
S 1477398619610 11
L 1477398621000 35.8984196 14.5108533
S 1477398620611 11
L 1477398622000 35.8984291 14.5108608
S 1477398621609 11
L 1477398623000 35.8984522 14.5108612
S 1477398622604 11
S 1477398623593 10
S 1477398624590 10
L 1477398625000 35.8984647 14.5108949
S 1477398625600 12
L 1477398626000 35.898454 14.510901
S 1477398626599 12
L 1477398627000 35.8984788 14.5109151
S 1477398627612 12
S 1477398628601 12
L 1477398629000 35.8984734 14.5109519
L 1477398630000 35.8984856 14.5109642
S 1477398629632 13
S 1477398630609 13
S 1477398631597 13
L 1477398632000 35.8984857 14.5109996
S 1477398632599 13
L 1477398634000 35.8985081 14.5110133
S 1477398633602 13
L 1477398635000 35.8985179 14.5110272
S 1477398634595 13
S 1477398635591 13
L 1477398636000 35.8985309 14.5110377
S 1477398636592 13
S 1477398637589 13
L 1477398638000 35.8985509 14.5110662
S 1477398638592 13
S 1477398639589 13
L 1477398640000 35.89859 14.5110781
P 1477398640354