P 1477398580201
L 1477398580000 35.8980756 14.5104185
S 1477398580633 13
S 1477398581633 13
L 1477398582000 35.8980933 14.5104187
S 1477398582631 13
S 1477398583632 13
L 1477398584000 35.8981002 14.5104364
S 1477398584631 12
S 1477398585634 12
L 1477398586000 35.8981002 14.510441
S 1477398586631 12
S 1477398587631 11
L 1477398588000 35.898107 14.5104323
S 1477398588632 12
L 1477398589000 35.8981141 14.5104246
S 1477398589634 12
L 1477398590000 35.8981269 14.5104269
S 1477398590633 12
S 1477398591634 12
L 1477398592000 35.8981337 14.5104302
S 1477398592632 12
S 1477398593634 12
L 1477398594000 35.8981497 14.5104462
S 1477398594632 12
S 1477398595635 12
L 1477398596000 35.8981591 14.5104549
S 1477398596632 12
S 1477398597634 12
L 1477398598000 35.8981881 14.5105054
S 1477398598633 12
S 1477398599634 12
L 1477398600000 35.8982264 14.5105431
S 1477398600632 13
S 1477398601634 13
L 1477398602000 35.8982316 14.5105574
S 1477398602633 11
S 1477398603632 11
L 1477398604000 35.8982352 14.510586
S 1477398604633 10
L 1477398605000 35.898247 14.5105937
S 1477398605634 11
L 1477398606000 35.8982521 14.5105972
S 1477398606634 12
L 1477398607000 35.8982598 14.5106041
S 1477398607633 11
S 1477398608634 11
L 1477398609000 35.8982738 14.5106276
S 1477398609631 10
S 1477398610631 10
L 1477398611000 35.8982807 14.5106608
S 1477398611634 11
L 1477398612000 35.8982744 14.5106823
S 1477398612633 10
S 1477398613635 11
L 1477398614000 35.8983074 14.5106967
S 1477398614632 9
S 1477398615633 9
L 1477398616000 35.8983079 14.5107392
S 1477398616633 10
S 1477398617634 11
L 1477398618000 35.8983121 14.5107721
S 1477398618633 10
S 1477398619633 9
L 1477398620000 35.8983171 14.5108057
S 1477398620632 10
S 1477398621635 10
L 1477398622000 35.8983261 14.5108279
S 1477398622633 10
S 1477398623633 11
L 1477398624000 35.8983483 14.5108586
S 1477398624633 10
S 1477398625636 11
L 1477398626000 35.8983449 14.5109132
S 1477398626634 11
S 1477398627633 11
L 1477398628000 35.8983919 14.5109219
S 1477398628632 11
L 1477398629000 35.8984029 14.5109345
S 1477398629633 11
L 1477398630000 35.8984124 14.5109528
S 1477398630632 11
S 1477398631634 10
L 1477398632000 35.8984375 14.51099
S 1477398632633 11
S 1477398633634 11
L 1477398634000 35.8984566 14.5110198
S 1477398634633 11
L 1477398635000 35.8984646 14.5110333
S 1477398635635 11
L 1477398636000 35.8984405 14.5110663
S 1477398636635 11
S 1477398637633 10
L 1477398638000 35.898505 14.5110665
S 1477398638633 10
S 1477398639634 11
L 1477398640000 35.8985083 14.5111015
P 1477398640354