P 1477398580201
L 1477398580000 35.8980182 14.5102532
S 1477398582490 16
L 1477398581000 35.8980221 14.5102414
S 1477398583492 16
L 1477398582000 35.8980334 14.510251
S 1477398584484 15
S 1477398585493 15
L 1477398584000 35.8980533 14.5102673
S 1477398586489 16
S 1477398587492 15
L 1477398586000 35.8980804 14.5102762
S 1477398588489 15
S 1477398589490 15
L 1477398588000 35.8981081 14.5102893
S 1477398590482 13
S 1477398591487 13
L 1477398590000 35.8981221 14.5103019
S 1477398592485 13
S 1477398593485 13
L 1477398592000 35.8981371 14.5103095
S 1477398594485 12
L 1477398593000 35.8981439 14.510315
S 1477398595485 12
S 1477398596481 12
L 1477398595000 35.8981683 14.5103468
S 1477398597485 12
L 1477398596000 35.8981755 14.5103582
S 1477398598483 13
L 1477398597000 35.898183 14.5103723
S 1477398599486 14
L 1477398598000 35.8981928 14.5103824
S 1477398600483 13
S 1477398601483 13
L 1477398600000 35.8982172 14.510402
S 1477398602476 14
S 1477398603484 13
L 1477398602000 35.8982413 14.5104159
S 1477398604480 14
S 1477398605483 13
L 1477398604000 35.8982543 14.5104427
S 1477398606483 14
S 1477398607481 12
L 1477398606000 35.8982645 14.5104564
S 1477398608474 12
S 1477398609480 11
L 1477398608000 35.8982764 14.5104675
S 1477398610480 12
L 1477398609000 35.8982775 14.5104674
S 1477398611477 11
S 1477398612478 13
L 1477398611000 35.8983044 14.5104937
S 1477398613478 11
L 1477398612000 35.8983213 14.5105067
S 1477398614473 13
S 1477398615478 13
L 1477398614000 35.8983535 14.510528
S 1477398616477 11
S 1477398617478 11
L 1477398616000 35.8983878 14.5105403
S 1477398618473 11
S 1477398619476 11
L 1477398618000 35.8984153 14.5105532
S 1477398620469 10
S 1477398621474 11
L 1477398620000 35.8984367 14.5105586
S 1477398622473 12
L 1477398621000 35.8984382 14.5105607
S 1477398623473 10
S 1477398624472 11
L 1477398623000 35.8984518 14.5105799
S 1477398625474 11
L 1477398624000 35.8984661 14.510593
S 1477398626467 10
S 1477398627475 12
L 1477398626000 35.8984786 14.5106131
S 1477398628474 11
L 1477398627000 35.8984844 14.5106306
S 1477398629474 13
L 1477398628000 35.8984991 14.5106504
S 1477398630473 10
S 1477398631474 10
L 1477398630000 35.8985379 14.5106791
S 1477398632466 11
S 1477398633474 10
L 1477398632000 35.8985572 14.5107275
S 1477398634473 13
S 1477398635473 11
L 1477398634000 35.8985731 14.510773
S 1477398636473 12
L 1477398635000 35.8985847 14.5107863
S 1477398637473 12
L 1477398636000 35.8985966 14.5107925
S 1477398638471 14
S 1477398639474 13
L 1477398638000 35.8986064 14.5108212
S 1477398640470 14
S 1477398641473 14
L 1477398640000 35.8986099 14.510855
P 1477398640354