P 1477398756057
L 1477398757000 35.8980637 14.5102476
S 1477398757054 14
L 1477398758000 35.8980729 14.5102438
S 1477398758053 14
S 1477398759056 14
L 1477398760000 35.8981122 14.5102758
S 1477398760056 14
S 1477398761052 14
L 1477398761000 35.898153 14.5102566
S 1477398762046 14
L 1477398763000 35.8981414 14.5102805
S 1477398763060 14
S 1477398764048 14
S 1477398765053 14
L 1477398765000 35.8981618 14.5103224
S 1477398766050 14
L 1477398767000 35.8981665 14.510368
S 1477398767058 14
S 1477398768048 14
L 1477398769000 35.8981992 14.5104054
S 1477398769055 14
L 1477398770000 35.8982184 14.5104032
S 1477398770053 11
S 1477398771054 11
S 1477398772048 11
L 1477398772000 35.8982013 14.5104462
L 1477398773000 35.8982133 14.5104626
S 1477398773060 11
L 1477398774000 35.8982259 14.5104837
S 1477398774054 11
S 1477398775053 11
S 1477398776047 11
L 1477398776000 35.8982272 14.5105225
S 1477398777056 11
L 1477398778000 35.898268 14.5105391
S 1477398778053 11
L 1477398779000 35.8982762 14.5105549
S 1477398779054 11
S 1477398780048 11
L 1477398781000 35.8982709 14.5105926
S 1477398781056 11
S 1477398782047 11
S 1477398783043 10
L 1477398783000 35.8982418 14.5106406
L 1477398784000 35.8982454 14.5106417
S 1477398784050 10
L 1477398785000 35.8982426 14.5106634
S 1477398785054 10
S 1477398786052 10
L 1477398787000 35.8982717 14.5106756
S 1477398787055 10
S 1477398788054 10
L 1477398789000 35.8982857 14.5106969
S 1477398789056 10
S 1477398790045 9
S 1477398791044 10
L 1477398791000 35.8983018 14.5107188
S 1477398792049 10
S 1477398793045 12
L 1477398793000 35.8983261 14.5107519
S 1477398794045 12
L 1477398794000 35.8983459 14.5107591
S 1477398795045 12
L 1477398796000 35.8983641 14.5107858
S 1477398796051 12
S 1477398797052 11
L 1477398797000 35.8983576 14.5107934
L 1477398798000 35.8983539 14.5108013
S 1477398798050 11
S 1477398799045 9
L 1477398799000 35.8983744 14.5108008
S 1477398800056 11
L 1477398801000 35.8983862 14.5108453
S 1477398801050 11
S 1477398802046 11
S 1477398803046 11
L 1477398803000 35.8984052 14.5108785
S 1477398804046 11
L 1477398804000 35.8984127 14.510893
S 1477398805044 11
L 1477398805000 35.898416 14.510915
S 1477398806045 11
L 1477398807000 35.8984596 14.5109278
S 1477398807057 10
S 1477398808044 10
L 1477398808000 35.898482 14.5109272
S 1477398809054 10
S 1477398810045 10
L 1477398810000 35.8985315 14.5109308
S 1477398811050 10
L 1477398812000 35.8985813 14.5109468
S 1477398812053 10
L 1477398813000 35.8986369 14.5109235
S 1477398813058 10
L 1477398814000 35.8986684 14.5109215
S 1477398814052 12
L 1477398815000 35.8986615 14.5109495
P 1477398816187