P 1477398756057
L 1477398757000 35.8980977 14.5102954
S 1477398757601 16
L 1477398758000 35.8981124 14.51031
S 1477398758605 16
L 1477398760000 35.8981313 14.5103253
S 1477398759607 16
S 1477398760604 14
S 1477398761600 14
L 1477398762000 35.8981461 14.5103394
S 1477398762614 14
S 1477398763598 14
L 1477398764000 35.8981882 14.5103477
S 1477398764598 14
L 1477398765000 35.8982095 14.5103493
S 1477398765598 14
L 1477398766000 35.8982226 14.5103559
S 1477398766601 14
L 1477398767000 35.8982274 14.510371
S 1477398767608 14
S 1477398768603 16
L 1477398769000 35.8982222 14.5104028
S 1477398769597 16
L 1477398770000 35.8982315 14.5104224
L 1477398771000 35.8982509 14.5104175
S 1477398770614 14
S 1477398771599 14
L 1477398772000 35.8982629 14.5104292
S 1477398772592 14
L 1477398773000 35.8982666 14.5104449
S 1477398773593 14
L 1477398775000 35.8983255 14.5104569
S 1477398774594 14
L 1477398776000 35.8982907 14.5104972
S 1477398775594 14
L 1477398777000 35.8982858 14.510516
S 1477398776602 14
S 1477398777593 14
L 1477398778000 35.898292 14.5105336
S 1477398778594 13
L 1477398780000 35.8983178 14.5105495
S 1477398779606 13
S 1477398780591 13
L 1477398781000 35.8983163 14.51057
S 1477398781599 13
L 1477398782000 35.8983161 14.510595
S 1477398782596 13
S 1477398783585 13
L 1477398784000 35.8983194 14.5106181
S 1477398784600 13
L 1477398786000 35.8983372 14.5106379
S 1477398785594 13
S 1477398786589 13
L 1477398788000 35.8983773 14.5106527
S 1477398787604 13
S 1477398788595 13
L 1477398790000 35.8983875 14.5106759
S 1477398789592 13
L 1477398791000 35.8984057 14.5106849
S 1477398790607 13
S 1477398791589 13
L 1477398793000 35.8984238 14.5107162
S 1477398792602 11
S 1477398793590 11
L 1477398794000 35.8984206 14.510737
S 1477398794594 11
L 1477398795000 35.8984037 14.5107593
S 1477398795611 11
L 1477398796000 35.8983936 14.5107792
S 1477398796600 11
L 1477398798000 35.8983857 14.5108198
S 1477398797608 11
S 1477398798596 11
L 1477398800000 35.8984044 14.5108438
S 1477398799606 11
S 1477398800597 11
L 1477398802000 35.8984441 14.5108547
S 1477398801604 11
S 1477398802603 11
S 1477398803599 11
L 1477398804000 35.8984462 14.5109009
L 1477398805000 35.8984396 14.5109435
S 1477398804610 11
S 1477398805597 11
L 1477398806000 35.898467 14.5109531
S 1477398806598 11
L 1477398808000 35.8984939 14.5109808
S 1477398807600 11
L 1477398809000 35.8985056 14.5109896
S 1477398808604 11
S 1477398809597 11
L 1477398810000 35.898515 14.5109993
L 1477398811000 35.8985217 14.5110098
S 1477398810605 11
S 1477398811601 11
S 1477398812596 13
L 1477398813000 35.8985614 14.511016
S 1477398813592 13
L 1477398814000 35.8985739 14.5110249
S 1477398814590 13
L 1477398815000 35.8985942 14.5110348
L 1477398816000 35.8984861 14.5111238
P 1477398816187