P 1477398756057
L 1477398758000 35.8980139 14.5102919
S 1477398758636 11
S 1477398759640 12
L 1477398760000 35.8980419 14.5103094
S 1477398760637 12
S 1477398761637 13
L 1477398762000 35.8980761 14.5103194
S 1477398762636 13
S 1477398763637 12
L 1477398764000 35.8980983 14.5103461
S 1477398764637 13
S 1477398765637 13
L 1477398766000 35.8981176 14.5103653
S 1477398766638 13
L 1477398767000 35.8981245 14.5103708
S 1477398767638 13
L 1477398768000 35.8981362 14.5103829
S 1477398768640 13
L 1477398769000 35.8981503 14.5103932
S 1477398769639 12
S 1477398770639 12
L 1477398771000 35.8981777 14.5104144
S 1477398771637 12
S 1477398772639 11
L 1477398773000 35.8981938 14.5104375
S 1477398773638 11
L 1477398774000 35.8981995 14.5104618
S 1477398774639 12
L 1477398775000 35.8982062 14.5104769
S 1477398775638 11
S 1477398776640 12
L 1477398777000 35.8982193 14.5105068
S 1477398777639 12
S 1477398778638 12
L 1477398779000 35.8982275 14.5105212
S 1477398779638 11
L 1477398780000 35.8982388 14.5105319
S 1477398780637 10
L 1477398781000 35.8982473 14.5105499
S 1477398781639 11
L 1477398782000 35.898259 14.5105619
S 1477398782639 11
L 1477398783000 35.8982658 14.5105803
S 1477398783640 9
L 1477398784000 35.8982678 14.5105989
S 1477398784642 10
L 1477398785000 35.8982707 14.5106186
S 1477398785641 9
L 1477398786000 35.8982777 14.5106377
S 1477398786639 9
S 1477398787638 8
L 1477398788000 35.8982964 14.5106706
S 1477398788641 8
L 1477398789000 35.8983059 14.5106835
S 1477398789640 8
S 1477398790639 8
L 1477398791000 35.8983286 14.5107015
S 1477398791640 8
S 1477398792638 8
L 1477398793000 35.8983373 14.5107346
S 1477398793636 8
S 1477398794639 8
L 1477398795000 35.898372 14.5107563
S 1477398795636 8
S 1477398796640 7
L 1477398797000 35.8983836 14.5107853
S 1477398797638 7
S 1477398798640 7
L 1477398799000 35.8983966 14.5108067
S 1477398799639 8
L 1477398800000 35.8984091 14.5108339
S 1477398800642 9
L 1477398801000 35.8984139 14.5108445
S 1477398801642 11
L 1477398802000 35.8984194 14.5108551
S 1477398802641 10
S 1477398803641 11
L 1477398804000 35.8984352 14.5108887
S 1477398804638 10
S 1477398805641 11
L 1477398806000 35.8984294 14.5109421
S 1477398806641 11
L 1477398807000 35.8984345 14.5109539
S 1477398807639 11
S 1477398808640 11
L 1477398809000 35.8984445 14.510986
S 1477398809639 11
S 1477398810641 11
L 1477398811000 35.8984491 14.5110264
S 1477398811640 11
S 1477398812643 11
L 1477398813000 35.8984558 14.5110865
S 1477398813641 10
S 1477398814642 9
L 1477398815000 35.8984736 14.5111123
L 1477398816000 35.8984861 14.5111238
P 1477398816187