P 1477398756057
L 1477398758000 35.8979807 14.5103121
S 1477398760434 13
S 1477398761431 13
L 1477398760000 35.8980096 14.5103106
S 1477398762430 15
S 1477398763430 14
L 1477398762000 35.8980331 14.5102947
S 1477398764430 16
S 1477398765432 15
L 1477398764000 35.8980522 14.5102987
S 1477398766428 15
S 1477398767427 14
L 1477398766000 35.8980716 14.5103137
S 1477398768430 13
L 1477398767000 35.8980856 14.5103208
S 1477398769425 13
S 1477398770426 13
L 1477398769000 35.8981046 14.5103417
S 1477398771428 14
L 1477398770000 35.8981122 14.5103505
S 1477398772426 14
S 1477398773425 14
L 1477398772000 35.8981245 14.5103653
S 1477398774424 13
S 1477398775424 14
L 1477398774000 35.8981379 14.5103817
S 1477398776424 15
S 1477398777427 12
L 1477398776000 35.8981578 14.5104039
S 1477398778423 15
S 1477398779423 14
L 1477398778000 35.8981783 14.5104278
S 1477398780422 14
L 1477398779000 35.8981881 14.5104359
S 1477398781423 11
L 1477398780000 35.8981953 14.5104487
S 1477398782421 13
L 1477398782000 35.8982122 14.5104686
S 1477398783427 14
S 1477398784419 12
S 1477398785422 13
L 1477398784000 35.8982282 14.5104938
S 1477398786420 13
S 1477398787419 11
L 1477398786000 35.8982452 14.5105095
S 1477398788417 13
S 1477398789422 12
L 1477398788000 35.8982606 14.5105317
S 1477398790417 11
L 1477398790000 35.8982688 14.510539
S 1477398791427 13
S 1477398792415 11
S 1477398793417 13
L 1477398792000 35.8982688 14.510539
S 1477398794415 12
S 1477398795418 12
L 1477398794000 35.8983112 14.5105497
S 1477398796418 12
L 1477398796000 35.8983527 14.5105502
S 1477398797418 13
S 1477398798413 10
S 1477398799413 11
L 1477398798000 35.8983792 14.5105498
S 1477398800413 9
S 1477398801414 11
L 1477398800000 35.8983922 14.510567
S 1477398802413 10
S 1477398803413 11
L 1477398802000 35.8983946 14.5105789
S 1477398804413 12
L 1477398803000 35.8984087 14.5105851
S 1477398805412 12
L 1477398804000 35.8984252 14.5105858
S 1477398806412 12
S 1477398807413 12
L 1477398806000 35.8984339 14.5105984
S 1477398808409 10
S 1477398809412 11
L 1477398808000 35.8984539 14.5106021
S 1477398810413 11
L 1477398809000 35.8984612 14.5106105
S 1477398811413 11
L 1477398810000 35.8984807 14.510608
S 1477398812412 14
L 1477398811000 35.898493 14.5106188
S 1477398813414 11
L 1477398812000 35.8984991 14.5106312
S 1477398814412 13
S 1477398815412 14
L 1477398814000 35.8984949 14.5106612
L 1477398816000 35.8985149 14.5107084
P 1477398816187